1.5,2.5,3.5,4.5,5.5,6.5,7.5,8.5,9.5,10.5,11.5,12.5,13.5,14.5,15.5,16.5,17.5,18.5,19.5,20.5,21.5,22.5,23.5,24.5,25.5,26.5,27.5,28.5,29.5,30.5,31.5,32.5,33.5,34.5,35.5,36.5,37.5,38.5,39.5,40.5,41.5,42.5,43.5,44.5,45.5,46.5,47.5,48.5,49.5,50.5,51.5,52.5,53.5,54.5,55.5,56.5,57.5,58.5,59.5,60.5,61.5,62.5,63.5,64.5,65.5,66.5,67.5,68.5,69.5,70.5,71.5,72.5,73.5,74.5,75.5,76.5,77.5,78.5,79.5,80.5,81.5,82.5,83.5,84.5,85.5,86.5,87.5,88.5,89.5,90.5,91.5,92.5,93.5,94.5,95.5,96.5,97.5,98.5,99.5,100.5,101.5,102.5,103.5,104.5,105.5,106.5,107.5,108.5,109.5,110.5,111.5,112.5,113.5,114.5,115.5,116.5,117.5,118.5,119.5,120.5,121.5,122.5,123.5,124.5,125.5,126.5,127.5,128.5,129.5,130.5,131.5,132.5,133.5,134.5,135.5,136.5,137.5,138.5,139.5,140.5,141.5,142.5,143.5,144.5,145.5,146.5,147.5,148.5,149.5,150.5,151.5,152.5,153.5,154.5,155.5,156.5,157.5,158.5,159.5,160.5,161.5,162.5,163.5,164.5,165.5,166.5,167.5,168.5,169.5,170.5,171.5,172.5,173.5,174.5,175.5,176.5,177.5,178.5,179.5,180.5,181.5,182.5,183.5,184.5,185.5,186.5,187.5,188.5,189.5,190.5,191.5,192.5,193.5,194.5,195.5,196.5,197.5,198.5,199.5,200.5,201.5,202.5,203.5,204.5,205.5,206.5,207.5,208.5,209.5,210.5,211.5,212.5,213.5,214.5,215.5,216.5,217.5,218.5,219.5,220.5,221.5,222.5,223.5,224.5,225.5,226.5,227.5,228.5,229.5,230.5,231.5,232.5,233.5,234.5,235.5,236.5,237.5,238.5,239.5,240.5,241.5,242.5,243.5,244.5,245.5,246.5,247.5,248.5,249.5,250.5,251.5,252.5,253.5,254.5,255.5,256.5,257.5,258.5,259.5,260.5,261.5,262.5,263.5,264.5,265.5,266.5,267.5,268.5,269.5,270.5,271.5,272.5,273.5,274.5,275.5,276.5,277.5,278.5,279.5,280.5,281.5,282.5,283.5,284.5,285.5,286.5,287.5,288.5,289.5,290.5,291.5,292.5,293.5,294.5,295.5,296.5,297.5,298.5,299.5,300.5,301.5,302.5,303.5,304.5,305.5,306.5,307.5,308.5,309.5,310.5,311.5,312.5,313.5,314.5,315.5,316.5,317.5,318.5,319.5,320.5,321.5,322.5,323.5,324.5,325.5,326.5,327.5,328.5,329.5,330.5,331.5,332.5,333.5,334.5,335.5,336.5,337.5,338.5,339.5,340.5,341.5,342.5,343.5,344.5,345.5,346.5,347.5,348.5,349.5,350.5,351.5,352.5,353.5,354.5,355.5,356.5,357.5,358.5,359.5,360.5,361.5,362.5,363.5,364.5,365.5,366.5,367.5,368.5,369.5,370.5,371.5,372.5,373.5,374.5,375.5,376.5,377.5,378.5,379.5,380.5,381.5,382.5,383.5,384.5,385.5,386.5,387.5,388.5,389.5,390.5,391.5,392.5,393.5,394.5,395.5,396.5,397.5,398.5,399.5,400.5,401.5,402.5,403.5,404.5,405.5,406.5,407.5,408.5,409.5,410.5,411.5,412.5,413.5,414.5,415.5,416.5,417.5,418.5,419.5,420.5,421.5,422.5,423.5,424.5,425.5,426.5,427.5,428.5,429.5,430.5,431.5,432.5,433.5,434.5,435.5,436.5,437.5,438.5,439.5,440.5,441.5,442.5,443.5,444.5,445.5,446.5,447.5,448.5,449.5,450.5,451.5,452.5,453.5,454.5,455.5,456.5,457.5,458.5,459.5,460.5,461.5,462.5,463.5,464.5,465.5,466.5,467.5,468.5,469.5,470.5,471.5,472.5,473.5,474.5,475.5,476.5,477.5,478.5,479.5,480.5,481.5,482.5,483.5,484.5,485.5,486.5,487.5,488.5,489.5,490.5,491.5,492.5,493.5,494.5,495.5,496.5,497.5,498.5,499.5,
(1 75695.305),(2 33833.81),(3 133961.42),(4 115074.32),(5 235184.33),(6 230378.77),(7 361189.75),(8 378288.63),(9 535231.44),(10 560196.94),(11 731989.44),(12 779626.5),(13 990226.7),(14 1070334.9),(15 1293359.9),(16 1371357.4),(17 1563881),(18 1610933.1),(19 1797260.9),(20 1838844.1),(21 2026379.6),(22 2077402.5),(23 2280941.8),(24 2348077),(25 2568201.8),(26 2642101.8),(27 2864817.3),(28 2951221),(29 3187485.3),(30 3287110.3),(31 3538512.3),(32 3667288.8),(33 3970770.3),(34 4112026),(35 4384847.5),(36 4480976.5),(37 4737538),(38 4814172),(39 5053828),(40 5135457),(41 5376576),(42 5434273.5),(43 5633620.5),(44 5696562),(45 5907542.5),(46 5965344),(47 6171984),(48 6239865.5),(49 6467166.5),(50 6551790),(51 6793281.5),(52 6871460.5),(53 7091449.5),(54 7114084.5),(55 7272678),(56 7239080.5),(57 7373360),(58 7329312.5),(59 7424904),(60 7341578.5),(61 7409165.5),(62 7353736),(63 7460474),(64 7462086.5),(65 7627862.5),(66 7655810.5),(67 7805952.5),(68 7813100),(69 7927308),(70 7887058),(71 7951046.5),(72 7850148.5),(73 7905675.5),(74 7824004.5),(75 7876503.5),(76 7746503.5),(77 7789045.5),(78 7725770.5),(79 7827800.5),
(1 54227.957),(2 42006.258),(3 128419.086),(4 153322.86),(5 273966.13),(6 325958.66),(7 465581.8),(8 547408.2),(9 719884.8),(10 832361.1),(11 1040694.5),(12 1178444.8),(13 1425003),(14 1604134.6),(15 1880087.4),(16 2059686.6),(17 2297383.5),(18 2426649.5),(19 2646418.8),(20 2789733),(21 3020053.3),(22 3160807.3),(23 3396624.8),(24 3544268.8),(25 3785384.8),(26 3942220),(27 4190434.5),(28 4368689),(29 4643994.5),(30 4830385),(31 5115792),(32 5311500.5),(33 5599085),(34 5772569),(35 5990265),(36 6084440),(37 6259782.5),(38 6319435),(39 6468109),(40 6526751),(41 6668613),(42 6687025),(43 6816800),(44 6818272),(45 6918669.5),(46 6879955),(47 6922896),(48 6864197),(49 6913313),(50 6887184),(51 6983489.5),(52 6987718.5),(53 7076972),(54 7076319),(55 7163720),(56 7140894.5),(57 7222623),(58 7222333.5),(59 7294628),(60 7281020),(61 7386873.5),(62 7449717),(63 7639469.5),(64 7761817.5),(65 8032441.5),(66 8205539),(67 8479546),(68 8647078),(69 8930769),(70 9109964),(71 9394893),(72 9548874),(73 9809891),(74 9976900),(75 10257311),(76 10393800),(77 10655872),(78 10774091),(79 11019491),
(1 48882.03),(2 49732.594),(3 138106.36),(4 175659.11),(5 296936.88),(6 372404.6),(7 529560.7),(8 639396.6),(9 826581.7),(10 968923.7),(11 1207975.6),(12 1378892.4),(13 1640020.4),(14 1837243.4),(15 2120092.5),(16 2324165.8),(17 2597383.8),(18 2803508.3),(19 3107707.3),(20 3361558.8),(21 3715216.8),(22 3990550.3),(23 4367424.5),(24 4653981.5),(25 5058974.5),(26 5400391.5),(27 5837125.5),(28 6217578.5),(29 6708918.5),(30 7083656),(31 7566544),(32 7957037.5),(33 8441107),(34 8767072),(35 9168635),(36 9420169),(37 9760928),(38 9977980),(39 10284692),(40 10466683),(41 10740415),(42 10867148),(43 11083035),(44 11142476),(45 11334963),(46 11378621),(47 11483949),(48 11460315),(49 11542195),(50 11498284),(51 11583788),(52 11557528),(53 11628389),(54 11573124),(55 11646565),(56 11588795),(57 11697944),(58 11700623),(59 11826544),(60 11828720),(61 11952368),(62 11984621),(63 12143531),(64 12221595),(65 12448251),(66 12564955),(67 12785312),(68 12902861),(69 13160587),(70 13326755),(71 13611907),(72 13789863),(73 14063405),(74 14200640),(75 14444083),(76 14559739),(77 14776624),(78 14858203),(79 15052189),
(1 40991.02),(2 59770.48),(3 149170.31),(4 207797.53),(5 332773.1),(6 423349.4),(7 576203.25),(8 694723.7),(9 873017.3),(10 1026337.56),(11 1252510),(12 1438903.5),(13 1681450.5),(14 1877511.8),(15 2126902.3),(16 2332058.3),(17 2602391.5),(18 2848742),(19 3174093),(20 3486710.3),(21 3895500.5),(22 4257122.5),(23 4695556.5),(24 5089602),(25 5558311.5),(26 5998026),(27 6499707.5),(28 6973059),(29 7502417),(30 7970890.5),(31 8518162),(32 9025325),(33 9599755),(34 10092808),(35 10651467),(36 11103340),(37 11612148),(38 12044838),(39 12508746),(40 12881417),(41 13265701),(42 13535646),(43 13797890),(44 13968052),(45 14221996),(46 14380896),(47 14560652),(48 14649331),(49 14779113),(50 14846955),(51 14978917),(52 15032734),(53 15119890),(54 15128628),(55 15198524),(56 15183573),(57 15265884),(58 15265657),(59 15360034),(60 15357278),(61 15450460),(62 15480046),(63 15607902),(64 15693609),(65 15861540),(66 15948702),(67 16119182),(68 16224491),(69 16413275),(70 16516292),(71 16693650),(72 16795186),(73 16960920),(74 17040082),(75 17144008),(76 17174592),(77 17239390),(78 17209468),(79 17217924),
(1 41704.43),(2 82605.24),(3 192153.8),(4 291688.94),(5 452072.28),(6 591453.94),(7 782277.6),(8 946742.2),(9 1150058),(10 1329936.1),(11 1551329.1),(12 1743106.5),(13 1963323.9),(14 2147448.5),(15 2360824.3),(16 2535498.3),(17 2754311.8),(18 2945147.8),(19 3186704),(20 3407781.8),(21 3682468),(22 3931013),(23 4221586),(24 4490920),(25 4801048.5),(26 5100732.5),(27 5437611),(28 5773362),(29 6135648),(30 6468134.5),(31 6847699),(32 7225872),(33 7665168),(34 8091108.5),(35 8557636),(36 8962448),(37 9410604),(38 9832183),(39 10274697),(40 10671315),(41 11065047),(42 11366851),(43 11641930),(44 11840872),(45 12109277),(46 12342767),(47 12580989),(48 12748775),(49 12892442),(50 12972116),(51 13082492),(52 13112785),(53 13119725),(54 13051360),(55 12962644),(56 12803517),(57 12675366),(58 12481079),(59 12292705),(60 12055068),(61 11821311),(62 11571135),(63 11361995),(64 11161529),(65 11008159),(66 10832362),(67 10716935),(68 10587041),(69 10526000),(70 10453887),(71 10442734),(72 10405791),(73 10426519),(74 10412371),(75 10431776),(76 10417255),(77 10441738),(78 10428403),(79 10458329),
(1 48615.082),(2 106984.54),(3 252122.45),(4 397810.3),(5 621614.25),(6 826476.9),(7 1096089.9),(8 1338628.3),(9 1638121.1),(10 1906642.3),(11 2223787),(12 2478714.8),(13 2758130.5),(14 2977406.5),(15 3234936),(16 3429199.3),(17 3665251.5),(18 3846044.8),(19 4072960),(20 4241277),(21 4460572.5),(22 4624928.5),(23 4832101.5),(24 4970539),(25 5155010.5),(26 5277901.5),(27 5447197),(28 5565967),(29 5745347.5),(30 5863002.5),(31 6046443),(32 6181019),(33 6380716),(34 6524828.5),(35 6745173.5),(36 6917025.5),(37 7167624),(38 7368472),(39 7644669),(40 7857859),(41 8127966.5),(42 8299232),(43 8521759),(44 8704603),(45 8967551),(46 9194602),(47 9487327),(48 9718133),(49 10000222),(50 10222259),(51 10509039),(52 10744405),(53 11011893),(54 11233725),(55 11502817),(56 11684333),(57 11916147),(58 12062760),(59 12242768),(60 12366330),(61 12574332),(62 12785768),(63 13072494),(64 13291446),(65 13578384),(66 13832392),(67 14092048),(68 14250243),(69 14444912),(70 14560877),(71 14694608),(72 14727541),(73 14733698),(74 14641170),(75 14514986),(76 14272218),(77 14011350),(78 13680157),(79 13358003),
(1 51680.375),(2 134998.2),(3 303863.9),(4 485305.22),(5 739018.3),(6 986302.3),(7 1293768),(8 1585814.5),(9 1933435.8),(10 2267524.5),(11 2644479.8),(12 2961854.5),(13 3304303.5),(14 3612431.5),(15 3949117.8),(16 4241283.5),(17 4544883.5),(18 4813439.5),(19 5109245.5),(20 5367519),(21 5648663),(22 5879530.5),(23 6127528.5),(24 6323914.5),(25 6540397.5),(26 6705557),(27 6887402.5),(28 7025184.5),(29 7181280.5),(30 7282429.5),(31 7398888.5),(32 7472382),(33 7577912),(34 7644560),(35 7747917),(36 7822354),(37 7928156.5),(38 8003733),(39 8116267),(40 8186998),(41 8288374),(42 8341019),(43 8447073),(44 8528379),(45 8648627),(46 8711783),(47 8820241),(48 8903947),(49 9030718),(50 9131383),(51 9301289),(52 9465600),(53 9684384),(54 9917481),(55 10238407),(56 10534044),(57 10899104),(58 11239116),(59 11606060),(60 11965954),(61 12399454),(62 12838686),(63 13327020),(64 13790345),(65 14264583),(66 14692783),(67 15119305),(68 15432350),(69 15730569),(70 15900268),(71 16007051),(72 15950128),(73 15849406),(74 15617146),(75 15325617),(76 14907476),(77 14468304),(78 13898982),(79 13340121),
(1 48012.633),(2 127235.6),(3 286695.53),(4 460921.2),(5 700674.56),(6 939802.8),(7 1229895.6),(8 1508642.9),(9 1835198.4),(10 2161302.5),(11 2537301.8),(12 2873049.5),(13 3214887),(14 3519661.3),(15 3830784.3),(16 4090832.3),(17 4343953),(18 4545439),(19 4748466.5),(20 4889809.5),(21 5024206),(22 5102094.5),(23 5171212.5),(24 5188671),(25 5230352.5),(26 5241273.5),(27 5262368),(28 5248327),(29 5264233.5),(30 5254882),(31 5263626.5),(32 5238938),(33 5248902),(34 5257794),(35 5304110),(36 5360724.5),(37 5459978.5),(38 5564991.5),(39 5716126),(40 5841564.5),(41 6012034),(42 6176448.5),(43 6377196.5),(44 6577960.5),(45 6819520),(46 7072069.5),(47 7359310),(48 7616800),(49 7915307.5),(50 8169058.5),(51 8447977),(52 8677091),(53 8906550),(54 9092652),(55 9275929),(56 9424235),(57 9604732),(58 9774795),(59 9940021),(60 10043399),(61 10157892),(62 10244710),(63 10335526),(64 10380105),(65 10436990),(66 10474234),(67 10510615),(68 10481472),(69 10447769),(70 10346330),(71 10250556),(72 10085517),(73 9942838),(74 9802027),(75 9694651),(76 9573327),(77 9473335),(78 9343202),(79 9241366),
(1 45689.54),(2 127066.44),(3 284587.25),(4 464156.03),(5 706682.7),(6 957051.94),(7 1258797.1),(8 1568506.1),(9 1931560.6),(10 2317661.3),(11 2768977.5),(12 3227826),(13 3697217),(14 4124167),(15 4531553),(16 4883928.5),(17 5225995.5),(18 5494204),(19 5727251),(20 5873157),(21 5977962.5),(22 5996237.5),(23 5997754.5),(24 5944535.5),(25 5895068),(26 5808308),(27 5720103.5),(28 5619494),(29 5539635),(30 5441168),(31 5356892.5),(32 5258040.5),(33 5182797.5),(34 5097943),(35 5044184.5),(36 4984371),(37 4957120.5),(38 4941467.5),(39 4963528),(40 4982789.5),(41 5033991.5),(42 5083600.5),(43 5162527.5),(44 5245481),(45 5349973),(46 5451894.5),(47 5560803),(48 5657511.5),(49 5772240),(50 5867137),(51 5966697.5),(52 6018512),(53 6068484.5),(54 6087138.5),(55 6115913),(56 6112337.5),(57 6115098),(58 6110960),(59 6119015.5),(60 6123337.5),(61 6178428),(62 6248930.5),(63 6343491.5),(64 6440908),(65 6577776),(66 6711140),(67 6866867),(68 7023335.5),(69 7197833.5),(70 7391464.5),(71 7613204),(72 7836778),(73 8086227),(74 8357351.5),(75 8644300),(76 8901026),(77 9161045),(78 9411906),(79 9646025),
(1 45541.715),(2 128883.03),(3 287135.8),(4 465019.72),(5 703129.25),(6 942669.1),(7 1227655.1),(8 1498691.4),(9 1795091.8),(10 2071901.8),(11 2372176.8),(12 2644819.5),(13 2921197.8),(14 3147153.3),(15 3355917.8),(16 3516084.5),(17 3680531),(18 3810993.3),(19 3949711),(20 4045223.5),(21 4147270.3),(22 4218251),(23 4313043),(24 4382026),(25 4461853),(26 4522445.5),(27 4595890),(28 4645334),(29 4725346),(30 4784983),(31 4864443),(32 4931439),(33 5023592),(34 5090163.5),(35 5183389.5),(36 5260232),(37 5363753),(38 5461673),(39 5594830),(40 5700483.5),(41 5819266.5),(42 5899434.5),(43 5993635.5),(44 6063537.5),(45 6140742),(46 6180723.5),(47 6230445.5),(48 6243025),(49 6262233),(50 6257144.5),(51 6274149.5),(52 6263779.5),(53 6271692.5),(54 6256662),(55 6257943),(56 6233243),(57 6246944.5),(58 6237628.5),(59 6253738),(60 6246839.5),(61 6253445),(62 6230770),(63 6228963.5),(64 6212299.5),(65 6214452.5),(66 6195667.5),(67 6208786),(68 6211522.5),(69 6260301.5),(70 6321647),(71 6437169),(72 6565354),(73 6732600),(74 6906466),(75 7110642.5),(76 7273157.5),(77 7460805.5),(78 7604226.5),(79 7764098),
(1 50051.082),(2 143745.38),(3 324851.9),(4 532663.5),(5 808481.2),(6 1091738.3),(7 1420893.1),(8 1731850.6),(9 2063505.4),(10 2357797),(11 2663676.3),(12 2914850.5),(13 3162788.3),(14 3362599),(15 3583079.3),(16 3780757.8),(17 4023978.3),(18 4234869.5),(19 4504196.5),(20 4751324),(21 5041509),(22 5301549),(23 5589859),(24 5839519),(25 6106708),(26 6324836.5),(27 6558149.5),(28 6728901.5),(29 6934941.5),(30 7088999.5),(31 7268545),(32 7404129),(33 7603772),(34 7766751),(35 7986995),(36 8173084),(37 8401538),(38 8602348),(39 8845282),(40 9019612),(41 9196328),(42 9275614),(43 9340469),(44 9332766),(45 9326737),(46 9253535),(47 9177891),(48 9028113),(49 8880233),(50 8684783),(51 8524081),(52 8334006.5),(53 8206637),(54 8065879.5),(55 7987132),(56 7889527),(57 7858506.5),(58 7812892.5),(59 7802687.5),(60 7753608.5),(61 7736755.5),(62 7674127.5),(63 7660931),(64 7623841.5),(65 7612651.5),(66 7561396),(67 7562367),(68 7552240.5),(69 7612229.5),(70 7681041.5),(71 7810979),(72 7930436.5),(73 8115260),(74 8266030),(75 8429613),(76 8524362),(77 8623296),(78 8669385),(79 8729734),
(1 41097.82),(2 124590.06),(3 287049),(4 488218.56),(5 759897.94),(6 1057495.9),(7 1397117.1),(8 1731798.4),(9 2082015),(10 2399287.8),(11 2716002),(12 2993799.8),(13 3255693.5),(14 3454207.3),(15 3643313.8),(16 3790546.8),(17 3954267.8),(18 4082908.3),(19 4228549.5),(20 4340574.5),(21 4472474.5),(22 4555598),(23 4629543.5),(24 4679076),(25 4727142.5),(26 4741749.5),(27 4773635.5),(28 4795365.5),(29 4838650.5),(30 4868246),(31 4927604),(32 4982397.5),(33 5074906),(34 5164949),(35 5287544.5),(36 5399585.5),(37 5534246),(38 5648460),(39 5780032.5),(40 5866626),(41 5946522.5),(42 5954752),(43 5957984),(44 5935499),(45 5926030.5),(46 5889095),(47 5846254),(48 5752985),(49 5660041.5),(50 5537140.5),(51 5438381.5),(52 5308030),(53 5212188.5),(54 5110773.5),(55 5057670),(56 5004341.5),(57 4993075.5),(58 4971248.5),(59 4980189),(60 4974375.5),(61 4995427),(62 5006893),(63 5045225),(64 5055964.5),(65 5081600),(66 5097036),(67 5132046.5),(68 5154651),(69 5213951.5),(70 5256406),(71 5338161),(72 5396287.5),(73 5478751.5),(74 5521545),(75 5563851),(76 5547443),(77 5522956),(78 5449937.5),(79 5371805),
(1 38906.71),(2 116226.305),(3 264750.9),(4 447006.9),(5 686655.75),(6 935894.5),(7 1212406.1),(8 1470265.6),(9 1737811.9),(10 1967801),(11 2192947),(12 2371834),(13 2538381),(14 2660422.5),(15 2767062),(16 2840433.3),(17 2910490.8),(18 2960775.3),(19 3024319.3),(20 3081992),(21 3151958.3),(22 3217430),(23 3295544),(24 3373076),(25 3460717.3),(26 3542660.8),(27 3637910.8),(28 3724621.3),(29 3819734.3),(30 3896613.3),(31 3982996),(32 4058571),(33 4142602),(34 4230598),(35 4332696),(36 4429803),(37 4534005.5),(38 4621542.5),(39 4705631.5),(40 4768200),(41 4814398.5),(42 4820138.5),(43 4815672),(44 4786208.5),(45 4736407),(46 4661859.5),(47 4590236),(48 4501708),(49 4411503.5),(50 4303482.5),(51 4203630),(52 4097250),(53 4010998),(54 3935894.8),(55 3886706.8),(56 3846167.8),(57 3830003.8),(58 3815822.8),(59 3817700.8),(60 3810274),(61 3820064.8),(62 3835302.8),(63 3878359.8),(64 3921830.3),(65 3987111.8),(66 4068162.8),(67 4169480),(68 4261611.5),(69 4377190.5),(70 4493983),(71 4629953),(72 4753708.5),(73 4881152.5),(74 4975562.5),(75 5056111.5),(76 5082987.5),(77 5089152.5),(78 5053819.5),(79 5001939),
(1 43848.605),(2 133176.53),(3 293435.44),(4 479631.9),(5 714457.94),(6 945131.7),(7 1193829.4),(8 1419781.1),(9 1658196.1),(10 1884988.1),(11 2136902.8),(12 2370256.8),(13 2611492.8),(14 2812052.5),(15 3011137.3),(16 3168071),(17 3324285),(18 3453461),(19 3583221),(20 3684332.8),(21 3786458.3),(22 3860300.8),(23 3942006.5),(24 4006935.8),(25 4078145),(26 4125298.3),(27 4193737.5),(28 4256400.5),(29 4330523.5),(30 4392802.5),(31 4479559.5),(32 4551388),(33 4631483),(34 4701644.5),(35 4781900),(36 4856589.5),(37 4944873.5),(38 5031883),(39 5119437),(40 5203499),(41 5276059.5),(42 5334594.5),(43 5391142),(44 5420816.5),(45 5428774.5),(46 5403115.5),(47 5364903),(48 5291220.5),(49 5200588),(50 5089218),(51 4977292),(52 4856877),(53 4733391.5),(54 4605824.5),(55 4489206.5),(56 4376941),(57 4281521),(58 4194482.5),(59 4128794.3),(60 4073833.5),(61 4035669.8),(62 4011107.8),(63 4006539.5),(64 4016880.8),(65 4053016.8),(66 4094039.3),(67 4141735.3),(68 4187783.8),(69 4247934),(70 4313184.5),(71 4385132.5),(72 4463490),(73 4557677),(74 4662970),(75 4780283.5),(76 4889422.5),(77 4996694),(78 5107266),(79 5223204.5),
(1 47114.01),(2 148387.44),(3 328868.22),(4 540653.2),(5 803572.56),(6 1062430.9),(7 1335327.8),(8 1580985),(9 1826931.9),(10 2037197.8),(11 2257784.5),(12 2459317.5),(13 2672963),(14 2850895.8),(15 3028611.8),(16 3172173.8),(17 3325903.8),(18 3455424),(19 3597509.5),(20 3714559.8),(21 3842783.3),(22 3934532.3),(23 4031542),(24 4084124.8),(25 4127448.3),(26 4127394),(27 4137161),(28 4141251.5),(29 4164435.8),(30 4185470),(31 4246597),(32 4287281.5),(33 4355634),(34 4407777.5),(35 4492433.5),(36 4575291.5),(37 4678453),(38 4784231.5),(39 4921975),(40 5051580),(41 5199662),(42 5329285.5),(43 5455593),(44 5540768.5),(45 5607239),(46 5629876),(47 5617877),(48 5558661),(49 5473578),(50 5352609),(51 5243061),(52 5119327.5),(53 5009234.5),(54 4891803),(55 4786462),(56 4659884),(57 4552838),(58 4441998.5),(59 4353688.5),(60 4250741),(61 4153521.5),(62 4047967.8),(63 3965403.3),(64 3885358.8),(65 3815680.3),(66 3751467),(67 3715371.3),(68 3689309),(69 3692020.8),(70 3694459.5),(71 3720668.3),(72 3745414),(73 3794338),(74 3841866),(75 3908247.3),(76 3960812.3),(77 4038183.3),(78 4123486.5),(79 4225396),
(1 49916.9),(2 158547.58),(3 345013.47),(4 557719.6),(5 811305.5),(6 1054706.1),(7 1309356),(8 1535652.8),(9 1752141.6),(10 1924222.4),(11 2092079.1),(12 2230004.5),(13 2372524.3),(14 2488499),(15 2618083),(16 2730529.8),(17 2855195.5),(18 2957725.8),(19 3076705.3),(20 3180187.8),(21 3298034.3),(22 3390803),(23 3485568),(24 3549174.5),(25 3614264),(26 3660674.3),(27 3729474.3),(28 3790196.8),(29 3875070),(30 3950084.3),(31 4050849.3),(32 4134814.8),(33 4235730.5),(34 4308732),(35 4393555.5),(36 4445291.5),(37 4499108),(38 4532046),(39 4576915.5),(40 4609972),(41 4663267),(42 4701865),(43 4761639.5),(44 4806382),(45 4868100.5),(46 4899021.5),(47 4930347.5),(48 4914951.5),(49 4895240.5),(50 4840776),(51 4793826),(52 4706660),(53 4616521),(54 4502699.5),(55 4399845.5),(56 4285085),(57 4201097),(58 4120461.8),(59 4073348.5),(60 4020242.3),(61 4003067.8),(62 3984792),(63 3981375.5),(64 3958313),(65 3942452.5),(66 3908163.5),(67 3886750),(68 3856398.8),(69 3850780.8),(70 3844907.3),(71 3860132.8),(72 3866348.5),(73 3903112),(74 3941355),(75 4002550.5),(76 4068757.8),(77 4164272.3),(78 4264048.5),(79 4376717),
(1 46430.508),(2 145172.4),(3 309155.4),(4 491623.34),(5 708695.1),(6 921916.25),(7 1152497.3),(8 1363026.3),(9 1571370.4),(10 1738671.8),(11 1897258),(12 2031276.8),(13 2174705.8),(14 2303065.8),(15 2450367),(16 2580966.5),(17 2718845.3),(18 2829440.3),(19 2940683.8),(20 3016821.8),(21 3084325.3),(22 3119505.8),(23 3151606.5),(24 3167096.3),(25 3193061.5),(26 3206907.3),(27 3242944),(28 3269167.3),(29 3313168.5),(30 3352524.8),(31 3413564.3),(32 3462708.3),(33 3523121),(34 3559381),(35 3601265),(36 3611624),(37 3619615.5),(38 3601324.3),(39 3603902.5),(40 3593604.8),(41 3610575.3),(42 3624682.5),(43 3668587),(44 3707729.5),(45 3764533.5),(46 3796440.5),(47 3839132.8),(48 3859552),(49 3889250.5),(50 3897292.5),(51 3912489.8),(52 3883640),(53 3860972.5),(54 3815188.3),(55 3782815.5),(56 3731195.3),(57 3701472.8),(58 3666336),(59 3661422.5),(60 3643925.5),(61 3650139.3),(62 3647105.3),(63 3652307.5),(64 3623223.8),(65 3593406.3),(66 3548416.3),(67 3520194.8),(68 3475993.5),(69 3452624),(70 3414730.3),(71 3392692.3),(72 3351061.3),(73 3325877.8),(74 3299611.3),(75 3294534.5),(76 3279620.8),(77 3282442.8),(78 3272836.5),(79 3267431.3),
(1 39550.58),(2 121784.35),(3 261620.19),(4 418646.25),(5 606955.06),(6 795336.4),(7 1002830.3),(8 1194193),(9 1383442.9),(10 1533311.9),(11 1675430.8),(12 1789670.1),(13 1905669.9),(14 1997594.1),(15 2098798),(16 2179636.8),(17 2264573.8),(18 2325696.8),(19 2391418.8),(20 2430809.8),(21 2472083.5),(22 2488364.5),(23 2506270),(24 2508736.3),(25 2525412.8),(26 2536371.5),(27 2566875.8),(28 2578144),(29 2602413.5),(30 2606064.5),(31 2626736.5),(32 2640240.5),(33 2675886),(34 2697038.5),(35 2734281.5),(36 2748811.8),(37 2772578.8),(38 2777205.8),(39 2792613.3),(40 2793044.5),(41 2808971.5),(42 2807157),(43 2825185),(44 2829910.8),(45 2848628.3),(46 2847879.3),(47 2865749.3),(48 2871227),(49 2900121.3),(50 2918687),(51 2965540.3),(52 2997537.5),(53 3043311.5),(54 3064453.8),(55 3089312),(56 3093273.8),(57 3105415.8),(58 3089649.5),(59 3075782.3),(60 3029910.8),(61 2984976.5),(62 2907409.5),(63 2834801),(64 2744178),(65 2672798.3),(66 2594574.5),(67 2546400),(68 2498359.3),(69 2488038.3),(70 2479057),(71 2501271),(72 2503900.5),(73 2532793.3),(74 2538818.8),(75 2554342),(76 2551881.3),(77 2567587.5),(78 2553495.3),(79 2548558),
(1 37995.938),(2 115806.71),(3 248855.58),(4 397458.97),(5 577980.5),(6 750137.44),(7 924278.3),(8 1058743.3),(9 1176334.3),(10 1253429.6),(11 1324705.4),(12 1372607.5),(13 1430272),(14 1474314.4),(15 1528238),(16 1571065.1),(17 1624094),(18 1664885.6),(19 1721518.5),(20 1760316.1),(21 1804601.1),(22 1827043.8),(23 1857088.4),(24 1877294.5),(25 1916600),(26 1951108.1),(27 2002578),(28 2046333.6),(29 2107733.8),(30 2151695.5),(31 2208978),(32 2250336.8),(33 2297481.3),(34 2317926.5),(35 2341916.8),(36 2337000.8),(37 2335310),(38 2310247),(39 2293099.8),(40 2258359.8),(41 2235280),(42 2203190),(43 2192753.8),(44 2175798),(45 2182675),(46 2179134),(47 2191095.3),(48 2195756.5),(49 2223774.8),(50 2245152.8),(51 2283627.8),(52 2302103.5),(53 2322266),(54 2315617.8),(55 2315128.5),(56 2296402.3),(57 2283863.3),(58 2251622.8),(59 2235638.8),(60 2209615.3),(61 2199595.3),(62 2178063.8),(63 2171060.8),(64 2148757.3),(65 2133849.8),(66 2100446),(67 2084137.8),(68 2060180.9),(69 2061903),(70 2059968),(71 2079226),(72 2085953.8),(73 2104509.5),(74 2113420.3),(75 2137946.3),(76 2151208.5),(77 2177361.5),(78 2181224.5),(79 2200722),
(1 45292.242),(2 143270.94),(3 304264.28),(4 481224.78),(5 684076.2),(6 871689.1),(7 1050769.8),(8 1184404.1),(9 1296387),(10 1371504),(11 1450348.3),(12 1514319.1),(13 1597049),(14 1669065.6),(15 1756646.5),(16 1831740.9),(17 1915280),(18 1969893.8),(19 2027914.3),(20 2058139.8),(21 2093749.3),(22 2109342),(23 2140973.5),(24 2170717.8),(25 2222951.8),(26 2260509.8),(27 2307761),(28 2339851.5),(29 2383530.8),(30 2408326),(31 2445208.8),(32 2462134),(33 2481555.3),(34 2475611),(35 2474006),(36 2450492.5),(37 2435978.3),(38 2404079),(39 2388334.3),(40 2360500),(41 2353613.8),(42 2344623.5),(43 2362079.5),(44 2374744.5),(45 2405804),(46 2420145),(47 2444892),(48 2451918.5),(49 2470192.8),(50 2470725.3),(51 2480384.5),(52 2468155.8),(53 2455581.3),(54 2420202.3),(55 2387078.5),(56 2333957.5),(57 2291514.5),(58 2239513),(59 2203400.5),(60 2160952),(61 2134399.3),(62 2098769.8),(63 2064383.3),(64 2011840.6),(65 1966100.5),(66 1907443.1),(67 1861310.9),(68 1811185),(69 1782634),(70 1759918.9),(71 1764983.5),(72 1777577.8),(73 1812385.3),(74 1846603.5),(75 1895639.1),(76 1932811.3),(77 1976770.3),(78 2009262.8),(79 2051410.5),
(1 38201.23),(2 121783.46),(3 260334.33),(4 417766.25),(5 602320),(6 783732.3),(7 970250.8),(8 1137386.8),(9 1300946.1),(10 1435306.5),(11 1572042.4),(12 1692940),(13 1818466),(14 1930463.6),(15 2043403.3),(16 2134711.3),(17 2218970.8),(18 2270361),(19 2306503.3),(20 2316570),(21 2327713.8),(22 2327803.3),(23 2343056.8),(24 2352295),(25 2369598.3),(26 2367234.3),(27 2357765.5),(28 2322890),(29 2289871),(30 2239602.5),(31 2199737),(32 2148420),(33 2110311.3),(34 2067614.8),(35 2044854.9),(36 2013344.4),(37 1991883),(38 1959070.8),(39 1934722),(40 1899624),(41 1872047.4),(42 1839568.4),(43 1822661.6),(44 1809190),(45 1811505.9),(46 1810407.4),(47 1824876.1),(48 1835833.3),(49 1863366.5),(50 1880744.4),(51 1908678.3),(52 1929175.8),(53 1958490),(54 1971094.5),(55 1986726),(56 1984958.9),(57 1985883.3),(58 1969473.8),(59 1969789.6),(60 1964468.8),(61 1980090.1),(62 1983733.3),(63 2001459.5),(64 2009822),(65 2027947.5),(66 2032054.9),(67 2039423.1),(68 2031722.4),(69 2031637.9),(70 2019373),(71 2015607.8),(72 2003608),(73 2002950.3),(74 1993613.9),(75 1999507.5),(76 1996540.1),(77 2003964.5),(78 2006592.9),(79 2022993.8),
(1 36659.957),(2 113625.69),(3 241964.4),(4 379242.9),(5 532652.94),(6 669039),(7 807399.44),(8 927572.25),(9 1054190),(10 1157271.5),(11 1264702.1),(12 1357520),(13 1457341.5),(14 1537236.4),(15 1613004.6),(16 1657561.1),(17 1698677.8),(18 1710895.5),(19 1719052),(20 1711975.8),(21 1716307.3),(22 1709599.5),(23 1712491.1),(24 1697558),(25 1686688.5),(26 1665577.6),(27 1647085.4),(28 1609185.9),(29 1572412),(30 1516314.3),(31 1472874.4),(32 1430495),(33 1412455.8),(34 1398021.6),(35 1408121.1),(36 1415305.6),(37 1436444.6),(38 1443927.4),(39 1467469.9),(40 1482309.5),(41 1510478.1),(42 1528286.4),(43 1563322.9),(44 1593825.1),(45 1636772.1),(46 1665083.9),(47 1696286.1),(48 1707745.6),(49 1724879.4),(50 1730352.4),(51 1746148.8),(52 1754324.4),(53 1777554.3),(54 1795078),(55 1824188.3),(56 1838981.6),(57 1864154.3),(58 1875227),(59 1901453.9),(60 1913374.4),(61 1934848),(62 1939075.3),(63 1959813),(64 1964084.6),(65 1983557),(66 1987162.3),(67 2000862.4),(68 1990504),(69 1983393.9),(70 1951068.1),(71 1924553.1),(72 1880936.5),(73 1850807.8),(74 1812348.1),(75 1795062.9),(76 1771124.3),(77 1762957.5),(78 1744952),(79 1742231.4),
(1 35546.61),(2 110359.71),(3 235591.03),(4 369101.63),(5 513408.72),(6 625768.8),(7 728524.25),(8 800371.7),(9 869243.25),(10 916940.75),(11 968084.44),(12 999038.75),(13 1035564.1),(14 1054629.9),(15 1077206.6),(16 1075432.9),(17 1080013.5),(18 1064584.8),(19 1058035),(20 1043110),(21 1051985.6),(22 1052308.8),(23 1070666.1),(24 1074770.1),(25 1088139),(26 1084744.5),(27 1091438.6),(28 1082825.5),(29 1089327.8),(30 1082895.1),(31 1089292.9),(32 1082926.5),(33 1091357.5),(34 1090528.9),(35 1110571.1),(36 1125255),(37 1158886.3),(38 1183130.4),(39 1227383),(40 1257643.5),(41 1291619.4),(42 1301907.6),(43 1317019.8),(44 1319743.9),(45 1328765.5),(46 1315779.6),(47 1306010.4),(48 1283588.1),(49 1280164.8),(50 1274847),(51 1289354.8),(52 1297935.4),(53 1322085.6),(54 1338136.5),(55 1367690.5),(56 1382745.4),(57 1408833.5),(58 1424300.1),(59 1447076.5),(60 1448934.8),(61 1448331.3),(62 1431954.5),(63 1422796.5),(64 1405135.5),(65 1401464.5),(66 1391264),(67 1395818),(68 1395211.6),(69 1397666.6),(70 1377765.5),(71 1354599.5),(72 1311821.5),(73 1277920.1),(74 1239986.5),(75 1228055.9),(76 1214101.3),(77 1224844.5),(78 1230747.9),(79 1260362.9),
(1 33627.28),(2 104545.6),(3 217205.05),(4 333263.34),(5 456119.22),(6 551643.4),(7 638992.25),(8 704520.8),(9 771844.9),(10 819430.1),(11 871491.44),(12 902657),(13 938436.2),(14 956890.1),(15 979414.6),(16 987166.1),(17 1003151.6),(18 1009001.2),(19 1024951.94),(20 1036553.5),(21 1065876.5),(22 1086523.5),(23 1117559.1),(24 1133367.5),(25 1151480.4),(26 1149710.6),(27 1162743.9),(28 1168199.3),(29 1189484.9),(30 1200981.3),(31 1228829.4),(32 1245397.6),(33 1277632.9),(34 1297523.5),(35 1330963.5),(36 1352923.1),(37 1385835.4),(38 1404796.9),(39 1438637.9),(40 1457421.6),(41 1480364.1),(42 1484256.8),(43 1493742.4),(44 1490150),(45 1500935.5),(46 1503136.9),(47 1523108),(48 1542476.1),(49 1583455.1),(50 1617050.3),(51 1659092.1),(52 1683685.4),(53 1709349.6),(54 1713561.6),(55 1721921.9),(56 1715858.4),(57 1718532.9),(58 1712500.9),(59 1717433.1),(60 1702377.6),(61 1697677.4),(62 1684536.1),(63 1681604.9),(64 1667534),(65 1667283.8),(66 1656275),(67 1657754.8),(68 1649408),(69 1649029.6),(70 1634088.5),(71 1622415.5),(72 1595698.8),(73 1580417.5),(74 1563186.6),(75 1565588.3),(76 1555826.4),(77 1552082),(78 1538489),(79 1537864),
(1 32264.861),(2 99050.84),(3 200766.16),(4 300111.53),(5 403665.7),(6 486460),(7 566923.6),(8 631440.4),(9 703761.94),(10 764164.06),(11 829630.3),(12 876001.5),(13 916831.44),(14 928854.06),(15 931309.75),(16 911466.3),(17 901594.3),(18 889067.4),(19 893523.44),(20 898377.75),(21 921949.3),(22 942220.44),(23 976008),(24 999595.2),(25 1027590.4),(26 1048972.8),(27 1081831.5),(28 1114684),(29 1160722.4),(30 1203364.5),(31 1256874.8),(32 1299835.5),(33 1349634.5),(34 1384938.5),(35 1426136.5),(36 1451346.1),(37 1485057.8),(38 1499851.8),(39 1520463.3),(40 1522250),(41 1529631.3),(42 1526328.1),(43 1532388.5),(44 1526890.5),(45 1529221.4),(46 1522688.9),(47 1528523.3),(48 1523611.8),(49 1526017.6),(50 1516570.3),(51 1518162.9),(52 1515291.9),(53 1524204.1),(54 1520158.6),(55 1520901),(56 1507922.6),(57 1502694),(58 1490419.9),(59 1491331),(60 1485201.6),(61 1496424.8),(62 1499741.4),(63 1510141.8),(64 1508907.4),(65 1517779.5),(66 1515974.8),(67 1527462.6),(68 1529577.4),(69 1544743.3),(70 1550615.9),(71 1567921.3),(72 1573809.8),(73 1585147.4),(74 1580991.9),(75 1576357.4),(76 1548044.8),(77 1519051.8),(78 1477676.3),(79 1443773.1),
(1 32330.994),(2 99462.71),(3 203053.83),(4 306306.13),(5 414566.03),(6 500940.03),(7 579749.3),(8 637863),(9 697475),(10 747972.8),(11 809508.2),(12 862479.2),(13 913767.44),(14 943937.25),(15 962922.5),(16 962203.75),(17 959579.4),(18 945346.7),(19 941186.25),(20 937247.6),(21 952141),(22 965598.7),(23 992248.7),(24 1013392),(25 1044694.06),(26 1067418.1),(27 1099014.3),(28 1122335.9),(29 1154211.3),(30 1172804.1),(31 1195175.4),(32 1205541.5),(33 1219606.4),(34 1219308.1),(35 1227037.1),(36 1225274),(37 1230241.5),(38 1221850.9),(39 1219268.3),(40 1201867.4),(41 1186213.8),(42 1160951.9),(43 1146256.5),(44 1127260.3),(45 1119755.8),(46 1108094.4),(47 1110993.8),(48 1105041.8),(49 1110128),(50 1109029.8),(51 1127589.8),(52 1149074.5),(53 1187094),(54 1218374.3),(55 1255345.8),(56 1278136.9),(57 1304394.8),(58 1319820.1),(59 1342850.6),(60 1359007.4),(61 1387853.4),(62 1409497.3),(63 1443999.5),(64 1472149.3),(65 1506755.3),(66 1523899.9),(67 1539055.3),(68 1535349.9),(69 1531232),(70 1516212.8),(71 1507365.1),(72 1488424.8),(73 1472107.9),(74 1444301.4),(75 1419896.5),(76 1385798),(77 1359401.4),(78 1325014.3),(79 1300114.5),
(1 32385.13),(2 98346.53),(3 199578.34),(4 299173.28),(5 406575.72),(6 490649.06),(7 568907.25),(8 624631.6),(9 683713.25),(10 727807.6),(11 777153),(12 806753.1),(13 843742.1),(14 866006.7),(15 891529.5),(16 898438.9),(17 911741.9),(18 908183.06),(19 909664.75),(20 897550.9),(21 892682.3),(22 877745.3),(23 877089.1),(24 874612.5),(25 889170.3),(26 902435.8),(27 927154.3),(28 935921.1),(29 950305.1),(30 942909.1),(31 939178.9),(32 920426.3),(33 910401.6),(34 888024.2),(35 878163.6),(36 861741.7),(37 859579.3),(38 846410.7),(39 842499.25),(40 825259.44),(41 815748.75),(42 793915.5),(43 781129.8),(44 759196.2),(45 746350.9),(46 732671.94),(47 740078.1),(48 746230),(49 766722.7),(50 779153.4),(51 807404.3),(52 834912.4),(53 877578.1),(54 910538.1),(55 947328.9),(56 962381.3),(57 984615.8),(58 987502.1),(59 999370.3),(60 997218.4),(61 1008975.06),(62 1011113.1),(63 1032637.5),(64 1040365.7),(65 1060697.8),(66 1066818.1),(67 1085389.1),(68 1090378.5),(69 1106217.8),(70 1109249.5),(71 1126929.3),(72 1130541),(73 1140061.8),(74 1126859.5),(75 1118594.1),(76 1098484.8),(77 1088741),(78 1058401.8),(79 1035415.25),
(1 30654.268),(2 91917.89),(3 185059.75),(4 272826.94),(5 359743.25),(6 422668.8),(7 479918.66),(8 521640.97),(9 571872.7),(10 615119.4),(11 665353.94),(12 695826.9),(13 723730.25),(14 733592.1),(15 744653.4),(16 744679.8),(17 756498.06),(18 761292),(19 773703.94),(20 774392.4),(21 779611.56),(22 771452.6),(23 774209),(24 769444.25),(25 781465.06),(26 789178.7),(27 811402.9),(28 823441.25),(29 843451.44),(30 845025.9),(31 849835.44),(32 840161.44),(33 838965.7),(34 828646.94),(35 827449.94),(36 817931.44),(37 816570.75),(38 800968.9),(39 790245),(40 768996.25),(41 760073),(42 747257.75),(43 745979.4),(44 739286.6),(45 746392.6),(46 744787.7),(47 751897.75),(48 752770.56),(49 768409.9),(50 775032.4),(51 793971.75),(52 807128),(53 832606.25),(54 850880.06),(55 874424.56),(56 887344.25),(57 911269.1),(58 928071.44),(59 951006.4),(60 961746.25),(61 979805.75),(62 987404.8),(63 1000335),(64 1001566.56),(65 1009894.56),(66 1007377.1),(67 1013866.7),(68 1015313.6),(69 1025221.25),(70 1021163),(71 1022652.6),(72 1012540.06),(73 1011631.6),(74 1001619.4),(75 1003795.3),(76 997066.4),(77 995366.06),(78 974469),(79 956435.56),
(1 30621.49),(2 92813.16),(3 185146.56),(4 274689.9),(5 366253.5),(6 433639.88),(7 494959.97),(8 538487.5),(9 584674.56),(10 624341.9),(11 672974.56),(12 706120.94),(13 733692.6),(14 739767.44),(15 742769.75),(16 731845.2),(17 728528.7),(18 720776.25),(19 726438.75),(20 728717.56),(21 740870.5),(22 743718.75),(23 755856.56),(24 760193.8),(25 774091.06),(26 780111.7),(27 797698.7),(28 805731.44),(29 820642.06),(30 823329.9),(31 831665.2),(32 826613),(33 830372.4),(34 830207.44),(35 842264.6),(36 848500.06),(37 858465.25),(38 858185.75),(39 863134.25),(40 863300.2),(41 873622.5),(42 883569.75),(43 907832.94),(44 927790.75),(45 953308.25),(46 966855.2),(47 986135.6),(48 998809.44),(49 1014975.7),(50 1018322.1),(51 1024273.25),(52 1021514.06),(53 1026036.9),(54 1020544.3),(55 1019953.9),(56 1010169.44),(57 1008158.56),(58 1002638.44),(59 1004761.44),(60 997828.2),(61 993744.25),(62 977330.75),(63 962714.4),(64 936088.2),(65 913880.5),(66 883149.9),(67 862380),(68 839237.2),(69 830734.1),(70 822563.94),(71 827117.94),(72 826385.9),(73 838533),(74 845563.44),(75 862301.9),(76 872080.3),(77 885562.4),(78 883833.94),(79 884451),
(1 30286.693),(2 89967.9),(3 179191.83),(4 261661.7),(5 341046.78),(6 389341.34),(7 428907.16),(8 451859.84),(9 484171.47),(10 509991.5),(11 548915.06),(12 576673),(13 606714.56),(14 619348.25),(15 633496.5),(16 637711.2),(17 653037.5),(18 661052.2),(19 675437.8),(20 681221.75),(21 692516.25),(22 693168.7),(23 701765.7),(24 708550.3),(25 728228.56),(26 746277.5),(27 768215.25),(28 780794.06),(29 798833.25),(30 807496.7),(31 818985.56),(32 819393.2),(33 823600),(34 823451.7),(35 829778.06),(36 826980.2),(37 832237.8),(38 831222.25),(39 838725.3),(40 838078),(41 841513.44),(42 834725.3),(43 835982.25),(44 833949.75),(45 844345.5),(46 848866.75),(47 862162.2),(48 868211.3),(49 874667.5),(50 871426.5),(51 870498.3),(52 861635),(53 861833.44),(54 861317.7),(55 872460.5),(56 879496.06),(57 892910.2),(58 901518),(59 916807.56),(60 924319),(61 935108.2),(62 938739.3),(63 948060.2),(64 948101.3),(65 950088.7),(66 940667.7),(67 936307.5),(68 923378.8),(69 916706.2),(70 907084.5),(71 905292.2),(72 897643.5),(73 900581),(74 896478.5),(75 896607.2),(76 885830.06),(77 876630.5),(78 855966.2),(79 842947.5),
(1 30795.639),(2 93788.59),(3 184481.13),(4 270300.75),(5 353755.7),(6 411320.2),(7 462104.9),(8 499197.25),(9 545044.9),(10 582211.1),(11 620651.5),(12 641581.5),(13 662941.9),(14 671162.6),(15 686627.1),(16 696626.5),(17 717509.2),(18 727289.06),(19 740279.56),(20 742076.75),(21 748136.5),(22 745826.3),(23 758521.1),(24 772902.5),(25 799478.7),(26 814350.9),(27 829402.56),(28 831348.4),(29 839944.1),(30 841242.5),(31 857400.4),(32 870075.2),(33 885733.4),(34 889386.1),(35 901226.44),(36 901781.7),(37 909849.7),(38 907131.2),(39 913527.75),(40 911901.5),(41 913838.06),(42 904948.8),(43 907949.5),(44 908474.56),(45 922877.4),(46 931410.1),(47 948545.2),(48 957962.94),(49 972098.9),(50 973445.9),(51 979121.4),(52 975892.5),(53 980247.25),(54 978928.6),(55 982521.94),(56 977763.1),(57 978376.7),(58 968965.5),(59 967456.4),(60 959107.3),(61 956596.8),(62 949435),(63 953695.5),(64 953238.94),(65 963824.8),(66 969723.6),(67 983130.9),(68 984469.56),(69 986143.75),(70 979144.06),(71 980183.1),(72 976680.4),(73 978410.2),(74 971558.3),(75 970973.4),(76 963601.4),(77 963365.1),(78 954036.75),(79 952758.1),
(1 27655.29),(2 82784.06),(3 163863.7),(4 233580.56),(5 298323.28),(6 341020.72),(7 381473.97),(8 409787.06),(9 444769.06),(10 472295.75),(11 505795.8),(12 526485.6),(13 555104.7),(14 575111.4),(15 607505.8),(16 633499.1),(17 670000),(18 694768.06),(19 726445.3),(20 744480.4),(21 766960.5),(22 776997.94),(23 796062.75),(24 806725),(25 827376.8),(26 836473.9),(27 850888.9),(28 850313.5),(29 855478.75),(30 848171.1),(31 857155.44),(32 859011.8),(33 864669.94),(34 856040.5),(35 855789.5),(36 844404.8),(37 844446.44),(38 838775),(39 843101.9),(40 836710.44),(41 835666.44),(42 825388.9),(43 826222.9),(44 821439.7),(45 825319),(46 820594.06),(47 822462.44),(48 816300.94),(49 821225.44),(50 821336.9),(51 836639.5),(52 843050.44),(53 858681.44),(54 864330.5),(55 869132.2),(56 860014.1),(57 860077.44),(58 853853.3),(59 858152.56),(60 854638.44),(61 857044.2),(62 852407.5),(63 854826.9),(64 846375.06),(65 844064.25),(66 835854.06),(67 838626.4),(68 835868.6),(69 844053.5),(70 844659.3),(71 846034.4),(72 833672.94),(73 826593.56),(74 807905.44),(75 798978.44),(76 783179.8),(77 782552.4),(78 779725.56),(79 791435.1),
(1 26469.627),(2 79307.94),(3 156901),(4 223736.67),(5 284681.63),(6 322719.75),(7 363638.97),(8 394867.13),(9 439756.4),(10 476817.1),(11 522835.34),(12 552973.9),(13 584072.1),(14 600656.44),(15 627137.5),(16 646412.8),(17 676169.9),(18 695383.8),(19 716204),(20 720755.25),(21 731447.7),(22 731168.1),(23 744289.25),(24 748775.1),(25 762237.7),(26 766083),(27 775803.25),(28 768920.2),(29 771727.06),(30 766134.8),(31 772869.2),(32 771207.2),(33 775738.2),(34 768510.56),(35 770435.8),(36 765207.7),(37 777004.6),(38 781064.56),(39 790092),(40 784747.9),(41 785683.8),(42 779080.56),(43 784343.25),(44 783754.25),(45 791907.56),(46 788690.5),(47 789595.94),(48 781565.7),(49 783962.94),(50 778064.1),(51 781124.4),(52 777364.06),(53 782588.3),(54 778392.8),(55 781681.8),(56 776201.6),(57 780687.8),(58 781556.75),(59 793808.06),(60 790837.2),(61 795401.5),(62 787813.44),(63 788145.9),(64 775849.3),(65 770388.1),(66 756341.7),(67 754761.6),(68 748031.5),(69 754603.94),(70 755163.44),(71 763753),(72 762122.3),(73 771417.3),(74 771387.8),(75 776812.94),(76 773307.4),(77 783395.1),(78 784862.7),(79 794880.3),
(1 26260.059),(2 78982.45),(3 151744.9),(4 212408.8),(5 266993.03),(6 303813.47),(7 343289.4),(8 375418),(9 415454.1),(10 446441.88),(11 481256.47),(12 502915.2),(13 523634.06),(14 535001.1),(15 557075.1),(16 574331.6),(17 596795.3),(18 604855),(19 615491.44),(20 615227.6),(21 624430.25),(22 631345.9),(23 649043.75),(24 660390.3),(25 675713.44),(26 678063.75),(27 683436.9),(28 676853.4),(29 675092.56),(30 666683.06),(31 669078.44),(32 664491.25),(33 665618.8),(34 657521.75),(35 660590.3),(36 663518.44),(37 681121.94),(38 689189.94),(39 701214.8),(40 700239.3),(41 702612.8),(42 694343.06),(43 693453.2),(44 687248.7),(45 693632.6),(46 690423.06),(47 690736.25),(48 682464.94),(49 679764.25),(50 668251.7),(51 666152.7),(52 656440.25),(53 658100.2),(54 658324),(55 668375),(56 667998.4),(57 674869.75),(58 673910.4),(59 686005.56),(60 693162.25),(61 709537.2),(62 715136.56),(63 729096.4),(64 727840.25),(65 731620),(66 721560.3),(67 719492.2),(68 709664.9),(69 710376.94),(70 706136.4),(71 711577.9),(72 710547.6),(73 721058.9),(74 721423.9),(75 727961),(76 729720),(77 744250),(78 750156.1),(79 762883.56),
(1 27769.367),(2 83303.36),(3 163551.19),(4 234767.63),(5 305188.3),(6 358524.94),(7 413508.22),(8 458449.1),(9 507544.3),(10 541985.75),(11 572551.3),(12 588036.1),(13 607954.3),(14 617499.4),(15 632801.94),(16 640931.6),(17 654826.6),(18 654644.6),(19 656672.75),(20 648989.44),(21 650041.4),(22 643895.6),(23 648374.94),(24 643724.9),(25 646547.94),(26 641118.6),(27 643731.9),(28 636709.44),(29 639912.9),(30 633981.44),(31 635502.3),(32 624133.8),(33 621229.9),(34 608714.44),(35 609660.7),(36 610819.4),(37 625462.3),(38 633262.8),(39 651519.3),(40 665326.56),(41 682937.94),(42 685232.8),(43 691575.7),(44 687584.44),(45 691591.5),(46 686329.06),(47 690944.3),(48 684350.7),(49 687675.3),(50 678934.94),(51 675446.25),(52 663635.5),(53 661610.44),(54 651475),(55 650104),(56 639776.6),(57 642127.75),(58 637100.4),(59 647756.44),(60 654492.75),(61 669939.2),(62 674585.8),(63 685111.56),(64 685623.25),(65 694160.6),(66 692915),(67 702550.8),(68 701906.5),(69 709989.56),(70 708898.44),(71 717966.3),(72 716003),(73 721317.94),(74 713089.4),(75 715898.8),(76 707122.44),(77 707821),(78 703587.5),(79 707591.25),
(1 25918.84),(2 77330.305),(3 151308.92),(4 219689.95),(5 285509.56),(6 330712.25),(7 373620),(8 406174.25),(9 444801.06),(10 470575.84),(11 492811.7),(12 501013.56),(13 515261.47),(14 520531.97),(15 529844),(16 533661.7),(17 543761.8),(18 544878.6),(19 549949.25),(20 547786.06),(21 552838.7),(22 552994.4),(23 562337.9),(24 565047.7),(25 573941.1),(26 572397.1),(27 577673.7),(28 573290.6),(29 575792.3),(30 569902.94),(31 568577.1),(32 559290.94),(33 560180.4),(34 554644.44),(35 560953.94),(36 565319.2),(37 581789.9),(38 593661.3),(39 613858.06),(40 623568.5),(41 633939.25),(42 632229.75),(43 631538.5),(44 619464.3),(45 611196.4),(46 594078.4),(47 586837.6),(48 575208.94),(49 574496.9),(50 561774.2),(51 552023.8),(52 532559.9),(53 523188.13),(54 511872.1),(55 513355.2),(56 505296.47),(57 506347.8),(58 503617.75),(59 515871.97),(60 524022.22),(61 542736.44),(62 550134.8),(63 561339.25),(64 562725.8),(65 571289.8),(66 568629.44),(67 574015.4),(68 570345.2),(69 577385.94),(70 581007.75),(71 597691.44),(72 602929.3),(73 614077.75),(74 612888),(75 619015.7),(76 615774.3),(77 621002.8),(78 616791.7),(79 620562.9),
(1 26982.975),(2 79968),(3 154766.47),(4 218676.1),(5 280844.3),(6 322746.53),(7 367639.28),(8 403740.53),(9 445679.97),(10 472902.34),(11 498295.47),(12 506322.44),(13 518421.88),(14 523625.2),(15 537882.56),(16 544267.3),(17 556203.9),(18 558091.75),(19 566316.9),(20 569398),(21 581916.44),(22 585248.75),(23 594747.2),(24 593772.44),(25 597305.06),(26 592316.8),(27 596382.9),(28 594183.75),(29 601009.94),(30 600281.5),(31 603766.94),(32 601799.5),(33 609437.5),(34 611595.3),(35 622322.8),(36 624202),(37 633196.1),(38 629415.8),(39 630125.1),(40 620999.2),(41 621603.9),(42 612933.25),(43 613018.5),(44 605294.25),(45 603671.44),(46 590124.56),(47 583682.75),(48 571156.06),(49 571207.5),(50 561791.8),(51 562447.5),(52 557638.7),(53 565598.94),(54 569397.25),(55 583280.56),(56 585782.1),(57 592628.7),(58 589271.3),(59 603216.4),(60 614225.9),(61 639179.56),(62 652141.9),(63 669030.4),(64 669031.44),(65 668779.06),(66 654176.44),(67 651879.2),(68 644392.8),(69 651056.8),(70 650344.94),(71 657178.56),(72 649044.75),(73 644972.56),(74 633167.6),(75 631469.75),(76 623684.44),(77 627029.6),(78 624377.06),(79 632892.75),
(1 24357.89),(2 71782.586),(3 136856.23),(4 191786.25),(5 246402.98),(6 287761.5),(7 329897.66),(8 360444.4),(9 389744.34),(10 407338.8),(11 427719.88),(12 438593.94),(13 454054.84),(14 464872.06),(15 483497.5),(16 493019.72),(17 503035.34),(18 503100.78),(19 506024.25),(20 503344.6),(21 508196.4),(22 505346.16),(23 507305.13),(24 499453.97),(25 497374.8),(26 492009),(27 493007.6),(28 489041.5),(29 492937.53),(30 491633.97),(31 496655.47),(32 498655.75),(33 504419.28),(34 502462.03),(35 504784.53),(36 498570.03),(37 495442.53),(38 486896.47),(39 485858.8),(40 479056.34),(41 478050.5),(42 471698.34),(43 475115.38),(44 475125.47),(45 480482.34),(46 479026.56),(47 483020.28),(48 483175.47),(49 494083.66),(50 500459.66),(51 511860.06),(52 514206.7),(53 521521.9),(54 524111.8),(55 528808.25),(56 521501.72),(57 520590.03),(58 515717),(59 524246.8),(60 530033.94),(61 543570.9),(62 554472.6),(63 572542.94),(64 579655.4),(65 585671.7),(66 580179.2),(67 580168.5),(68 572952.4),(69 577310.7),(70 578600.6),(71 584537.06),(72 581135.4),(73 578371.7),(74 568250.56),(75 563553.6),(76 555013.44),(77 555676.7),(78 551632.56),(79 555881.1),
(1 22457.86),(2 63700.332),(3 120453.85),(4 165971.9),(5 211071.33),(6 246672.95),(7 286531.63),(8 313968.63),(9 339769.53),(10 353669),(11 372903.47),(12 382209.25),(13 394709.1),(14 400890.84),(15 411878.94),(16 417228.6),(17 425896.66),(18 424210.28),(19 423076.8),(20 412695.8),(21 407994.97),(22 395303.94),(23 389815.06),(24 379189.53),(25 379945.34),(26 378590.66),(27 383039.3),(28 381621.03),(29 387438.16),(30 388968.2),(31 401294.03),(32 409940.3),(33 421867.88),(34 426901.8),(35 437480.34),(36 438564.75),(37 444680.56),(38 445179.94),(39 449732),(40 444400),(41 441896.44),(42 433688.2),(43 432997.94),(44 430556.13),(45 435959.28),(46 436241.8),(47 442770.53),(48 445154.78),(49 455974.6),(50 461079.44),(51 473985.9),(52 480451.38),(53 488944.06),(54 490882.28),(55 490667.22),(56 479373.44),(57 471290.25),(58 462291.44),(59 465763.94),(60 466194.03),(61 473903.94),(62 476268.53),(63 486311.25),(64 488129.44),(65 493152.34),(66 492618.4),(67 497453.1),(68 493016.38),(69 497882.72),(70 497057.4),(71 500863.3),(72 495597.28),(73 496404.25),(74 491641.13),(75 494870.06),(76 499377.2),(77 509924.66),(78 512162.66),(79 518982.28),
(1 23269.322),(2 65336.996),(3 122968.266),(4 169173.33),(5 214362.3),(6 248634.47),(7 287037.53),(8 314429.6),(9 341847.28),(10 356495.9),(11 374599.9),(12 380653.7),(13 390679.78),(14 394945.84),(15 408667.4),(16 418178.53),(17 431980.56),(18 434362.4),(19 437636.47),(20 431528.53),(21 432712.22),(22 427425.44),(23 428963.7),(24 423370.8),(25 426872.78),(26 424344.56),(27 427410.38),(28 422609.63),(29 425568.38),(30 422351.2),(31 428744.9),(32 426397.3),(33 429273.75),(34 424199.6),(35 429286.88),(36 427563.44),(37 431792.75),(38 425216.78),(39 423482.8),(40 414465.22),(41 414162.03),(42 407694.38),(43 407923.8),(44 402523.63),(45 407043.8),(46 406281.13),(47 415522.75),(48 421695.66),(49 433127.16),(50 437165.88),(51 450885.44),(52 458159.34),(53 469487.25),(54 470279.47),(55 471552.2),(56 460518.63),(57 453853.88),(58 443235.97),(59 443563.03),(60 440715.2),(61 448175.78),(62 450981.8),(63 460091.66),(64 460286.13),(65 466294.9),(66 465827.6),(67 473966.75),(68 475300.6),(69 485356.03),(70 489017.6),(71 497191.16),(72 497181.25),(73 499822.6),(74 490660.63),(75 488756.3),(76 484163.75),(77 488283.16),(78 488903.78),(79 498090),
(1 22900.99),(2 64933.68),(3 120600.72),(4 164456.14),(5 206581.64),(6 235375.16),(7 268921.9),(8 291868.72),(9 315766.72),(10 328295.9),(11 344520.94),(12 351069.9),(13 365023.25),(14 373535.13),(15 390036.22),(16 401650.47),(17 420886),(18 429927.4),(19 442367.63),(20 445941.4),(21 452925.47),(22 449369.34),(23 450142.06),(24 442547.3),(25 442247.06),(26 439359.25),(27 443426.5),(28 438353.13),(29 438968.63),(30 433814.2),(31 436746.6),(32 431717.78),(33 434678.78),(34 430018.47),(35 435093.4),(36 436098.2),(37 445055.9),(38 444014.16),(39 449353.38),(40 448970.63),(41 457192.2),(42 457702.94),(43 462582.4),(44 457078.3),(45 457274.56),(46 454773.34),(47 460303),(48 460510.53),(49 465666.28),(50 461774.22),(51 464152.3),(52 459185.63),(53 460217.72),(54 453916.75),(55 455016.4),(56 449236.4),(57 446820.44),(58 440373.72),(59 446842.56),(60 450629.22),(61 462493.7),(62 468283.63),(63 478447.4),(64 480188.44),(65 486910.56),(66 486885.1),(67 494272.34),(68 496955.72),(69 504782.84),(70 504319.72),(71 506244.7),(72 498163.88),(73 494990.66),(74 485183.13),(75 484182.7),(76 478875.4),(77 482146.78),(78 486208.38),(79 497941.7),
(1 24537.455),(2 71010.086),(3 131494.77),(4 179212.17),(5 224411.6),(6 254663.7),(7 286485.4),(8 307767.56),(9 329854.22),(10 342993.13),(11 357988.47),(12 362591.1),(13 370618.6),(14 373868),(15 387059.47),(16 398054.22),(17 415236.1),(18 421624),(19 429168.06),(20 426716.75),(21 428794.84),(22 423309),(23 424318.13),(24 418853.25),(25 420104.44),(26 417632.2),(27 424702.7),(28 426880),(29 435756.44),(30 441671.94),(31 450701.34),(32 448834.75),(33 450570.47),(34 448374.56),(35 456052.6),(36 458837.1),(37 467107.47),(38 465682.16),(39 467475.9),(40 461334.38),(41 461929.3),(42 454956.5),(43 455488.56),(44 450076.13),(45 453643.1),(46 454353.44),(47 462965.66),(48 462358),(49 467977.16),(50 462776),(51 460194.63),(52 447973.5),(53 440814.94),(54 427659.66),(55 424824.63),(56 417737.3),(57 417606.03),(58 414215),(59 421429.4),(60 423446.63),(61 433439.06),(62 437320.13),(63 446832.84),(64 445976.34),(65 452332.34),(66 454000.9),(67 466055.22),(68 473314.5),(69 487565.13),(70 489919.47),(71 498854.13),(72 495569.28),(73 499483.66),(74 496644.75),(75 501978.38),(76 497893.3),(77 501361.66),(78 503709.25),(79 514180.34),
(1 22144.34),(2 63657.3),(3 116324.86),(4 156126.95),(5 191863.81),(6 215809.25),(7 240282.61),(8 254971.27),(9 270820.88),(10 278069.56),(11 289539.13),(12 292112.06),(13 299318.7),(14 305600.47),(15 323487.03),(16 339777),(17 360108.56),(18 371082.63),(19 382293.03),(20 383708.16),(21 384425.03),(22 375695.16),(23 371608.72),(24 363844.44),(25 366132.25),(26 368052.97),(27 379241.03),(28 385946.4),(29 395580.28),(30 398053.5),(31 402303.94),(32 397265.25),(33 396899.22),(34 393360.8),(35 397550.5),(36 397632.13),(37 403231.44),(38 402461.8),(39 405771.34),(40 400840.97),(41 400565),(42 393785.53),(43 391042.97),(44 383521.5),(45 384355),(46 382913.88),(47 389109.88),(48 392110.84),(49 401462.63),(50 402868.8),(51 407496.53),(52 404364.06),(53 405810.78),(54 401100.38),(55 403413.28),(56 400846.13),(57 406113.16),(58 410299.25),(59 421147.22),(60 428019.63),(61 441675.44),(62 447493.03),(63 456348.5),(64 456733.44),(65 460116.28),(66 457269),(67 462596.94),(68 464723.2),(69 474367.88),(70 478037.3),(71 485091.72),(72 485161.97),(73 491135.72),(74 488326.84),(75 488444.38),(76 479658.7),(77 477672.06),(78 473956.6),(79 479107.22),
(1 22326.295),(2 62922.605),(3 115329.445),(4 154282.39),(5 191188.86),(6 216195.67),(7 241348.94),(8 254091.33),(9 268716),(10 274146.44),(11 284543.1),(12 286606.3),(13 294684),(14 298832.88),(15 310305.44),(16 318215.28),(17 333572.34),(18 340978.38),(19 351340),(20 351314.3),(21 350712.13),(22 337306),(23 329333.78),(24 319280),(25 321387.63),(26 322351.06),(27 332373.88),(28 335350.34),(29 342465.78),(30 342191.16),(31 347397.1),(32 344593.72),(33 347323.44),(34 345135.75),(35 351974.2),(36 354022.34),(37 361493.2),(38 361681.53),(39 367168.13),(40 365482.88),(41 369317.53),(42 367720.88),(43 371713.16),(44 371398.22),(45 378677.34),(46 378406.5),(47 382783.5),(48 381103.06),(49 383475.97),(50 379596.16),(51 382624.63),(52 379351.38),(53 383292.7),(54 383365.63),(55 389814.94),(56 390802.16),(57 396828.9),(58 396300.2),(59 399229.66),(60 395050.38),(61 396936.38),(62 392085.38),(63 391916.6),(64 385964.38),(65 387562.44),(66 384708.22),(67 392899.13),(68 397670.5),(69 408890.94),(70 411046.84),(71 417765.28),(72 413402.63),(73 412313.06),(74 402787.38),(75 399315.63),(76 390219.5),(77 389708.44),(78 389938.88),(79 400297.9),
(1 23778.4),(2 67721.02),(3 126216.71),(4 173310.23),(5 217583.42),(6 248903.19),(7 279969.38),(8 297310.88),(9 315535.25),(10 326510.44),(11 341800.9),(12 348094.53),(13 360219.72),(14 369592.84),(15 385225.16),(16 391544.28),(17 399036.34),(18 394271.03),(19 391601.88),(20 382184.3),(21 377526.16),(22 363197.5),(23 353790.66),(24 338276.8),(25 335604.28),(26 334251.13),(27 340358.84),(28 338036.66),(29 340351.38),(30 334364.84),(31 334110.56),(32 328194.22),(33 332043.5),(34 334083.25),(35 346298.03),(36 353387.4),(37 366191.66),(38 372168.7),(39 384661.9),(40 387509.94),(41 395082.03),(42 392839.78),(43 395189.53),(44 387660.7),(45 386246.7),(46 376442.6),(47 374625.1),(48 369069.94),(49 371806.78),(50 367501.4),(51 371754.2),(52 370858.7),(53 378790.03),(54 378559.2),(55 382096.5),(56 379826.3),(57 385274.16),(58 382504.7),(59 387734.5),(60 387285.5),(61 393207.97),(62 390694.38),(63 396233.7),(64 395104.4),(65 402728.7),(66 404054.78),(67 416131.78),(68 417871.88),(69 426576.7),(70 425659.47),(71 429710.3),(72 425048.34),(73 425351.34),(74 416130.7),(75 415086.03),(76 409314.97),(77 412074.38),(78 412558.25),(79 418040.38),
(1 21257.938),(2 59235.508),(3 107559.63),(4 142652.42),(5 175310.23),(6 196992.06),(7 221802.33),(8 237867.63),(9 256363.84),(10 267676.4),(11 284370.53),(12 291529.2),(13 302656.3),(14 310201),(15 321194.38),(16 321617.72),(17 322982.97),(18 316284.28),(19 314705.38),(20 308009),(21 306904.3),(22 298925.2),(23 296788.1),(24 291420.7),(25 296081.4),(26 299774.28),(27 307294.5),(28 307958.78),(29 314140.66),(30 312089.63),(31 313792.13),(32 307878.4),(33 310193.56),(34 311525.5),(35 321184.28),(36 324060.13),(37 333981.75),(38 339986.28),(39 351403.03),(40 353864.63),(41 359349.47),(42 352791.9),(43 351382.75),(44 344472.4),(45 346961.28),(46 342592.6),(47 343697.4),(48 341590.47),(49 347405.38),(50 346069.3),(51 351493.44),(52 349111.38),(53 352073.38),(54 348308.38),(55 350811),(56 346458.66),(57 351245.22),(58 351167.25),(59 357673.94),(60 357081.53),(61 363569.72),(62 363487.72),(63 368903.7),(64 368522.06),(65 375996.75),(66 378747),(67 389539.3),(68 393443.63),(69 403985.88),(70 406092.47),(71 411266.72),(72 409541.72),(73 413009.66),(74 409366.1),(75 409945.63),(76 403866.88),(77 407269.84),(78 406601.2),(79 409816.78),
(1 20483.23),(2 56648.324),(3 103186.2),(4 137386.64),(5 170684.6),(6 192763.48),(7 215340.1),(8 226050.94),(9 238790.81),(10 244974.7),(11 257188.56),(12 262485.3),(13 271946.13),(14 274830.75),(15 283737.78),(16 284571.6),(17 289678.63),(18 290491.7),(19 297379.4),(20 299411.78),(21 306254.38),(22 305342.5),(23 310026.9),(24 311068.34),(25 319803.56),(26 323496.6),(27 329915.1),(28 327620.9),(29 329267.47),(30 324607.63),(31 324382.84),(32 317830.97),(33 316229.56),(34 311927.03),(35 315170.9),(36 312863.4),(37 316794.44),(38 319442.2),(39 327638.06),(40 327706.53),(41 332993.34),(42 329894.75),(43 330299.38),(44 325710.4),(45 328351.34),(46 326585.8),(47 332645.7),(48 333908.1),(49 341994.3),(50 342365.72),(51 347778.8),(52 346706.16),(53 352310.28),(54 353205.2),(55 358778.2),(56 358506.3),(57 363198.28),(58 363419.4),(59 372800.56),(60 374732.97),(61 383273.63),(62 380616.8),(63 381290.9),(64 375461.5),(65 375798.13),(66 370676.7),(67 374989.84),(68 375811.94),(69 383374.06),(70 381670.75),(71 384743.5),(72 382499.03),(73 386553.13),(74 382163.5),(75 383020.75),(76 379005.6),(77 381739.78),(78 377214.9),(79 376370.06),
(1 19339.627),(2 52467.496),(3 95488.086),(4 130583.305),(5 166360.63),(6 192210.56),(7 218518.16),(8 234496.23),(9 252765.52),(10 265201.4),(11 283052.2),(12 292884.03),(13 303978.53),(14 308899.97),(15 318653.7),(16 320374.25),(17 325518.53),(18 326180.13),(19 331191.53),(20 327726.63),(21 326068.16),(22 316996.34),(23 313289.44),(24 307164.4),(25 309738.6),(26 310713.7),(27 316488.47),(28 312927.13),(29 313804.3),(30 309025.28),(31 309745.2),(32 306304.72),(33 310060.94),(34 310020.25),(35 316577.4),(36 316182.88),(37 321108.1),(38 321374.06),(39 325560.53),(40 321625.1),(41 323039.22),(42 318659.66),(43 320978.97),(44 319302.47),(45 324518.38),(46 325103.38),(47 328996.34),(48 328249.44),(49 334136.2),(50 335106.06),(51 343661.8),(52 349251.4),(53 360192.16),(54 365509.3),(55 374945.9),(56 378467.3),(57 389628),(58 393330.7),(59 402538.2),(60 406439.06),(61 415204.88),(62 413803.3),(63 418168.78),(64 417224.88),(65 424170.4),(66 426209.94),(67 432612.3),(68 433512.47),(69 437585.63),(70 432406.28),(71 433013.06),(72 427236.56),(73 428881.8),(74 426076.34),(75 429142.06),(76 426649.94),(77 429507.13),(78 426228.2),(79 428710.34),
(1 20967.438),(2 57942.723),(3 103711.21),(4 137787.36),(5 172720.38),(6 197927.97),(7 223135.02),(8 236719.38),(9 252835.86),(10 263661.25),(11 278324.4),(12 285681.1),(13 297816.13),(14 304365.44),(15 312560.84),(16 310774.06),(17 313793),(18 312782.28),(19 318691.53),(20 316184.7),(21 316945.8),(22 313623.94),(23 317229.78),(24 315138.13),(25 318237.8),(26 319937.66),(27 326911.72),(28 324374.06),(29 324624.75),(30 318549.53),(31 320274.13),(32 319887.94),(33 326930.88),(34 329005.34),(35 336838.4),(36 337728.28),(37 342265),(38 339084.28),(39 339639.1),(40 332241.88),(41 331645.22),(42 326972.06),(43 329380.38),(44 328996.66),(45 336361.63),(46 337456.7),(47 342904.1),(48 342137.94),(49 344550),(50 340318.7),(51 343963.72),(52 344069.53),(53 350017.3),(54 351163.72),(55 357873.34),(56 361899.22),(57 372219.5),(58 376442.4),(59 386998.7),(60 390920.53),(61 399358.2),(62 400392.03),(63 408423.22),(64 409849.25),(65 414737.97),(66 411859),(67 413779),(68 409669.94),(69 412317.63),(70 408638.22),(71 412567.75),(72 409148.97),(73 410805.34),(74 407366.7),(75 409034.22),(76 404429.38),(77 405112.5),(78 402214.28),(79 407156.28),
(1 20942.896),(2 59296.9),(3 106190.14),(4 141805.72),(5 177134.33),(6 203420.33),(7 229024.45),(8 245497.56),(9 264902.13),(10 278565.2),(11 293286.6),(12 302458.22),(13 315998.75),(14 323051.97),(15 331589.34),(16 333593.38),(17 339873),(18 342230.13),(19 347090.47),(20 344070.13),(21 343248.1),(22 338387.8),(23 340321.53),(24 338779.25),(25 341258.53),(26 339363.34),(27 340811.44),(28 334940.78),(29 332780.13),(30 325476.97),(31 324696.63),(32 323377),(33 327975.78),(34 328266.3),(35 333576.38),(36 334499.3),(37 338198.56),(38 337206.7),(39 341585),(40 341265.44),(41 345967.97),(42 346437.53),(43 350632.72),(44 351571.03),(45 357882.84),(46 360834.2),(47 367891.1),(48 367551.25),(49 369353.53),(50 365298.56),(51 367925.78),(52 368398.66),(53 371544.22),(54 370518.28),(55 376645.34),(56 381537.1),(57 388707.7),(58 390211.97),(59 396567.13),(60 397869.1),(61 403438.13),(62 404895.44),(63 410588.22),(64 409661.34),(65 410785.94),(66 406679.63),(67 409761.1),(68 408893.28),(69 411839.72),(70 409221.2),(71 413895.4),(72 414137.44),(73 416336.1),(74 412485.97),(75 415521.88),(76 412854.4),(77 413179.5),(78 410192.03),(79 411720.2),
(1 19847.838),(2 55033.76),(3 98689.19),(4 132271.5),(5 166013),(6 190321.27),(7 214433),(8 227642.72),(9 244728.14),(10 259047.28),(11 276741.44),(12 286479),(13 299319.22),(14 304004.1),(15 310936.84),(16 311431.16),(17 316443.3),(18 315271.56),(19 317901.1),(20 312868),(21 310974.5),(22 305163.25),(23 306169.47),(24 303781.53),(25 308794.47),(26 309932.25),(27 315644.44),(28 315849.03),(29 320955.78),(30 320186.75),(31 324301.84),(32 325481.3),(33 332204.47),(34 332108.7),(35 335309.16),(36 334335.94),(37 336296.75),(38 333079.25),(39 335009.78),(40 331972.94),(41 334167.84),(42 333695.56),(43 337915.66),(44 336716.8),(45 339376.63),(46 338933.44),(47 343467.9),(48 342651.25),(49 345876.44),(50 344021.06),(51 347517.2),(52 345982.34),(53 349776.16),(54 348800.84),(55 355219.66),(56 358206.94),(57 362351.8),(58 361332.94),(59 366455.56),(60 369474.94),(61 376228.56),(62 376034.56),(63 381627.88),(64 380372.84),(65 384427.38),(66 385198.34),(67 392451),(68 395686),(69 402429.16),(70 404584.56),(71 412822.75),(72 417549),(73 424712.28),(74 423054.06),(75 425932.84),(76 422560.44),(77 422030.66),(78 418040.75),(79 418251.94),
(1 18849.084),(2 50709.887),(3 88211.86),(4 114009.1),(5 141507.1),(6 158800.9),(7 178269.34),(8 187780.53),(9 201540.97),(10 211075.02),(11 225531.97),(12 231903.75),(13 243621.11),(14 247694.73),(15 255660.64),(16 257893.4),(17 266641),(18 270215.72),(19 275444.34),(20 272115.13),(21 273059.78),(22 270436.88),(23 273837.8),(24 271184.4),(25 272011.7),(26 266116.38),(27 265223.16),(28 259209.23),(29 258503.95),(30 256271.58),(31 262008.6),(32 263158.34),(33 269789.4),(34 269684.2),(35 274590.88),(36 273538.7),(37 276390.4),(38 273609.34),(39 277662.13),(40 278413.44),(41 284156.25),(42 285144.94),(43 289348.78),(44 288047),(45 290451.13),(46 291263.38),(47 297678.63),(48 298369),(49 301927.56),(50 300704.4),(51 304691.5),(52 303386.53),(53 308091),(54 308878.34),(55 315646.53),(56 318615.4),(57 321870.75),(58 318867.06),(59 321304),(60 319188.1),(61 323254.2),(62 324151.06),(63 328446.8),(64 325847.7),(65 327401.2),(66 325160.8),(67 328912.34),(68 328204.53),(69 331023.8),(70 331948.6),(71 338933.13),(72 339948.4),(73 342017.44),(74 339844.72),(75 344149.7),(76 343485.4),(77 346875.22),(78 347288.28),(79 351112.5),
(1 18437.533),(2 49792.063),(3 86621.734),(4 114076.86),(5 143062.63),(6 163556.02),(7 183901.4),(8 196718.48),(9 211995.16),(10 221046.11),(11 234137.38),(12 242317.33),(13 253964.69),(14 256817.61),(15 259948.6),(16 258184.8),(17 263879.6),(18 265932.53),(19 270260.25),(20 268505.38),(21 273005.44),(22 273549.72),(23 278476.2),(24 276850.22),(25 279891.47),(26 278402.03),(27 279884.7),(28 276643.66),(29 278235.2),(30 275788.63),(31 278741.97),(32 277474.75),(33 280091.66),(34 277527.5),(35 279712),(36 277355.1),(37 279048.34),(38 276792.9),(39 280581),(40 280603.8),(41 284845.63),(42 285372.44),(43 289799.63),(44 287574.8),(45 288425.84),(46 287265.66),(47 290349.6),(48 290630.53),(49 293060.56),(50 289660.7),(51 289704.28),(52 286919.3),(53 288422.8),(54 287783),(55 293903.5),(56 296362.22),(57 300039.25),(58 298084.4),(59 300145.53),(60 299668.3),(61 305603.3),(62 307528.56),(63 313825.25),(64 315785.75),(65 319901.88),(66 319486.97),(67 323216.4),(68 322862.47),(69 324510.9),(70 319963.38),(71 318898.25),(72 315526.53),(73 316802.78),(74 316322.8),(75 321855.7),(76 320911.2),(77 324098.3),(78 325924.88),(79 332588.3),
(1 19458.902),(2 51754.76),(3 90996.26),(4 121554.86),(5 152598.64),(6 174141.33),(7 194971.42),(8 208390.31),(9 224830.22),(10 235698.88),(11 249036.23),(12 254989.28),(13 262334.44),(14 261713.36),(15 262857.47),(16 259143.28),(17 261562.17),(18 259697.28),(19 263850.66),(20 263433.28),(21 268565.06),(22 267350.8),(23 269562.47),(24 266603.63),(25 269737.22),(26 267431.56),(27 270530.56),(28 272421.8),(29 280310.16),(30 282134.1),(31 288470.66),(32 287824.7),(33 291037.44),(34 287695.06),(35 291060.2),(36 290962.94),(37 297221.9),(38 298259.66),(39 304741.47),(40 305543.03),(41 309999.63),(42 308975.72),(43 310118.56),(44 307033.44),(45 311220.53),(46 309148.16),(47 311811.13),(48 310959.94),(49 316188.34),(50 316336.84),(51 319863.44),(52 317448.75),(53 320598.66),(54 320518.75),(55 325086.3),(56 325833.8),(57 329882.94),(58 327616.28),(59 331483.66),(60 332107.8),(61 337324.47),(62 340526.03),(63 348600.3),(64 350266.16),(65 352881.06),(66 349121.06),(67 350550.4),(68 346388.38),(69 347833.94),(70 343699.1),(71 347110.63),(72 344118.34),(73 345422.44),(74 343518),(75 350304.44),(76 352402.4),(77 358170.13),(78 357204.13),(79 362363.72),
(1 18446.326),(2 48515.39),(3 83071.51),(4 107366.57),(5 133167.52),(6 150885.63),(7 169934.44),(8 181427.4),(9 196878.02),(10 206471.56),(11 218852.06),(12 225339.92),(13 233861.44),(14 234712.31),(15 238056.3),(16 236891.4),(17 239048.61),(18 235359.34),(19 235020.34),(20 230498.67),(21 231720.98),(22 230083.63),(23 233353.64),(24 231141.6),(25 233808.77),(26 231191.1),(27 233049.47),(28 230393.31),(29 233163.11),(30 232509.86),(31 237560.72),(32 237254.63),(33 239020.38),(34 233850.36),(35 234296.05),(36 230612.34),(37 232573.6),(38 229703.56),(39 233553.11),(40 232267.8),(41 234013.22),(42 231399.6),(43 235353.17),(44 234947.58),(45 239258.6),(46 236689.8),(47 238556.3),(48 237613.86),(49 242212.73),(50 240187.38),(51 243410.55),(52 242576.69),(53 245173.34),(54 243827.7),(55 250112.38),(56 252706.92),(57 256247.03),(58 252718.05),(59 254529.1),(60 253367.38),(61 259361.03),(62 261944.6),(63 268778.28),(64 271099.75),(65 276957.97),(66 278370.34),(67 282527.53),(68 281729.47),(69 286401.78),(70 287595.84),(71 292619.6),(72 292187.72),(73 294757.47),(74 292957.34),(75 297362.7),(76 297363.84),(77 300761.38),(78 298464.75),(79 301237.75),
(1 17848.217),(2 46868.24),(3 79876.62),(4 101573.03),(5 126450.75),(6 143222.42),(7 159934.06),(8 168582),(9 180121.27),(10 185157.14),(11 194580.19),(12 200048.53),(13 208242.4),(14 208995.67),(15 212983.72),(16 213451.75),(17 218390.44),(18 216757.55),(19 219570.89),(20 219062),(21 223576.64),(22 222536.69),(23 226086.38),(24 224349.17),(25 225317.63),(26 220241.94),(27 220576.53),(28 218083.23),(29 222373.06),(30 223014.4),(31 230060.72),(32 230838.53),(33 234913.02),(34 232051.9),(35 235097.52),(36 234315.5),(37 238650.39),(38 238463.66),(39 244001.36),(40 244419.98),(41 248054.84),(42 246128.55),(43 250341.33),(44 249291.06),(45 253573.77),(46 253569.2),(47 260837.6),(48 261955.06),(49 267399.34),(50 267410.47),(51 273111.25),(52 274013.9),(53 279052.1),(54 277853.38),(55 283351.44),(56 285310.47),(57 290473.88),(58 288477.1),(59 292465.53),(60 292278.22),(61 295017.7),(62 293536.94),(63 299377.13),(64 299415.72),(65 301491),(66 298092.38),(67 300165.97),(68 297516.9),(69 299660.66),(70 297695.2),(71 302201.66),(72 299612.72),(73 303604.53),(74 305698.5),(75 313998.3),(76 312923.8),(77 314919.38),(78 312628.34),(79 316118.03),
(1 17186.43),(2 44657.383),(3 77495.72),(4 100994.99),(5 126424.87),(6 143263.05),(7 158926.1),(8 167792.16),(9 180381.64),(10 186728.4),(11 195399.94),(12 198618.53),(13 203405.44),(14 200798.67),(15 202140.17),(16 199312.22),(17 202810.63),(18 201668.44),(19 205950.88),(20 206214.81),(21 211217.03),(22 210124.81),(23 213244.7),(24 212690.13),(25 214886.11),(26 212350.95),(27 213781.53),(28 211686.4),(29 214634.92),(30 212018.97),(31 213677.77),(32 209667.05),(33 210770.97),(34 208244.98),(35 210813.39),(36 210014.39),(37 213648.27),(38 212371.44),(39 216753.08),(40 216209.72),(41 220296.13),(42 219744.44),(43 223917.14),(44 223716.1),(45 228963.5),(46 228746.02),(47 232103.36),(48 232105.84),(49 238399.36),(50 238241.67),(51 241757.2),(52 239965.25),(53 242340.19),(54 240033.56),(55 241729.19),(56 238450.97),(57 242035.2),(58 241657.08),(59 247003.25),(60 248453.72),(61 251112.69),(62 248830.19),(63 255127.81),(64 255748.64),(65 259330.5),(66 258088.05),(67 262836.25),(68 262856.9),(69 266285.47),(70 263298),(71 265746.38),(72 263909.56),(73 268030.6),(74 268601.25),(75 274630.53),(76 274573),(77 280745.38),(78 280272.6),(79 282244.84),
(1 16699.25),(2 43189.8),(3 74196.78),(4 96817.3),(5 122148),(6 137360.08),(7 151686.05),(8 158837.66),(9 171315.8),(10 178387),(11 190052.3),(12 195230.17),(13 203725.16),(14 205565.13),(15 209987.28),(16 208655.39),(17 213514.78),(18 212118.45),(19 215612.11),(20 214371.52),(21 217656.17),(22 215600.39),(23 217894.78),(24 214272.27),(25 215722.8),(26 212804.95),(27 216210.9),(28 215072.45),(29 219809.22),(30 219554.66),(31 223373.61),(32 221226.1),(33 223991.55),(34 223449.39),(35 230561.13),(36 233170.02),(37 240014.22),(38 238725.06),(39 241904.84),(40 238676.78),(41 239957.39),(42 237223.48),(43 241085.56),(44 242012.83),(45 249154.13),(46 249579.66),(47 253559.55),(48 251256.22),(49 254502.94),(50 250550.16),(51 253629.39),(52 253105.83),(53 259174.6),(54 259085.7),(55 263713.03),(56 262144.16),(57 266981.22),(58 264708.38),(59 268224.4),(60 267327.78),(61 271705.72),(62 271955.9),(63 280242.97),(64 281795.7),(65 288818.8),(66 290505.97),(67 298749.56),(68 300448.8),(69 307245.97),(70 306142.56),(71 309911.56),(72 307545.16),(73 311469.44),(74 313094.53),(75 321519.66),(76 323526.2),(77 331259.63),(78 329506.75),(79 331473.03),
(1 15709.187),(2 40034.89),(3 67253.67),(4 86269.43),(5 108872),(6 122810.88),(7 136197.69),(8 144096.61),(9 156142.23),(10 163701.63),(11 175523.52),(12 184319.63),(13 195079.98),(14 198902.48),(15 205510.05),(16 208120.14),(17 214079.05),(18 213104.17),(19 215966.28),(20 215465.69),(21 219727.28),(22 217950.8),(23 218715.28),(24 214242.44),(25 214762.97),(26 210223.75),(27 211758.06),(28 210717.94),(29 213755.89),(30 210846.53),(31 211967.03),(32 208376.11),(33 210189.03),(34 207564.47),(35 210560.13),(36 208864.5),(37 211676.69),(38 209707.88),(39 213260.13),(40 212202.36),(41 215173.11),(42 214623.83),(43 217900.13),(44 217562.97),(45 222299.17),(46 222937.88),(47 226724.56),(48 226106.73),(49 228714.17),(50 226632.48),(51 228149.28),(52 226236.11),(53 230365.23),(54 230227.83),(55 234394.44),(56 233243.08),(57 235478.2),(58 231844.8),(59 235088.63),(60 235173.44),(61 240106.36),(62 239582.8),(63 245284.44),(64 247539.7),(65 252476.53),(66 251539.4),(67 254857.1),(68 254496.83),(69 258389.72),(70 256352.69),(71 257986.97),(72 255881.52),(73 260525.77),(74 261527.16),(75 267756.4),(76 269998.28),(77 276564.2),(78 277408.06),(79 282126.16),
(1 15158.014),(2 39054.797),(3 67057.38),(4 86811.414),(5 109019.19),(6 122698.81),(7 136153.05),(8 144601.13),(9 157044.53),(10 165524.05),(11 178262.72),(12 185560.69),(13 192510.5),(14 194308.53),(15 199307.33),(16 199021.39),(17 201905.27),(18 199662.69),(19 201614.31),(20 201101.94),(21 203743.4),(22 202190.73),(23 203669.03),(24 201939.88),(25 203167.27),(26 199781.11),(27 202176.47),(28 203096.45),(29 206985.86),(30 205818.55),(31 207978),(32 205695.8),(33 208501.63),(34 208182.58),(35 210998.66),(36 209150.34),(37 211273.61),(38 209867.48),(39 211968.5),(40 210582.8),(41 212746.8),(42 211600.98),(43 212963.56),(44 211197.56),(45 214174.97),(46 215109.83),(47 218863.9),(48 218578.28),(49 220577.94),(50 219662.3),(51 221483.1),(52 219599.75),(53 220460.88),(54 219041.86),(55 222735.88),(56 223521.9),(57 227181.05),(58 227330.77),(59 233495.83),(60 235554.73),(61 238937.03),(62 236920.88),(63 238689.7),(64 237438.61),(65 241001.05),(66 240788.53),(67 242861.17),(68 241862.22),(69 243869.88),(70 241858.98),(71 243104.05),(72 242128.8),(73 247285.42),(74 249571.88),(75 254479.34),(76 255663.53),(77 259072.06),(78 259506.6),(79 262678.1),
(1 14871.467),(2 37664.832),(3 64475.223),(4 83870.33),(5 104933.875),(6 117724.49),(7 131321.75),(8 138706.64),(9 150636.13),(10 157395.16),(11 168256.69),(12 172284.78),(13 177938.19),(14 178788.42),(15 184196.39),(16 185128),(17 188083.75),(18 186931.27),(19 189866.66),(20 188840),(21 189687.78),(22 185477.95),(23 186108.66),(24 184183.39),(25 185490.75),(26 183606.53),(27 186647.52),(28 184813.42),(29 187926.86),(30 187644.08),(31 190002.48),(32 186441.67),(33 186945.89),(34 184324.78),(35 186753.66),(36 187285.28),(37 192927.33),(38 193305.89),(39 196258.13),(40 195636.52),(41 199339.06),(42 200299.98),(43 205042.28),(44 205354.06),(45 209806.4),(46 210245.48),(47 212004.08),(48 210482.31),(49 213163.25),(50 211189.25),(51 211446.22),(52 207587.08),(53 208860.94),(54 208420.52),(55 211743.31),(56 210605.72),(57 212218.98),(58 210852.52),(59 213732.06),(60 212136.89),(61 214996.25),(62 215372),(63 219769.98),(64 219248.67),(65 221737.11),(66 220979.14),(67 223059.42),(68 222566.2),(69 225325.31),(70 224744.81),(71 227586.63),(72 228779.53),(73 234598.98),(74 236460.48),(75 240567.6),(76 240984.4),(77 244014.8),(78 243798.31),(79 246114.73),
(1 14428.293),(2 35750.063),(3 60347.445),(4 78548.91),(5 98217.06),(6 107976.28),(7 117410.445),(8 120771.51),(9 129251.63),(10 133183.05),(11 142580.28),(12 148708.22),(13 156238.88),(14 158246.25),(15 165359.58),(16 166566.58),(17 170600.9),(18 169717.1),(19 173647.25),(20 172850.64),(21 175647.02),(22 173642.9),(23 175255.5),(24 171724),(25 173691.25),(26 172523.22),(27 177161.56),(28 177353.52),(29 181724.61),(30 180233.84),(31 180583.88),(32 176703.39),(33 178304.83),(34 176710.25),(35 180147.8),(36 179043.67),(37 182204.2),(38 179989.9),(39 182012.1),(40 179960.13),(41 183703.11),(42 184149.98),(43 188557.08),(44 189264.16),(45 195596.81),(46 196355.61),(47 199974.75),(48 196961.66),(49 199269.39),(50 198085.5),(51 201772.33),(52 200897.8),(53 204373.05),(54 202580.13),(55 204858.14),(56 202184.53),(57 206081.56),(58 205927.31),(59 210060.61),(60 208480.1),(61 210206.61),(62 209235.1),(63 213567.1),(64 213704.63),(65 217036.05),(66 216446.33),(67 219745.33),(68 218877.95),(69 222878.22),(70 222906.75),(71 226592.4),(72 225543.11),(73 229876.7),(74 230407.42),(75 235346.44),(76 236431.8),(77 241098.27),(78 240055.36),(79 243601.58),
(1 14157.514),(2 35412.945),(3 60546.03),(4 79285.1),(5 99030.33),(6 109668.42),(7 119645.445),(8 124184.77),(9 132120.84),(10 136960.3),(11 147444.8),(12 153119.06),(13 159935.53),(14 161992.34),(15 168649.94),(16 169111.92),(17 172170.38),(18 170365.86),(19 172613.13),(20 170028.64),(21 171806.94),(22 170278.84),(23 172598.73),(24 169317.06),(25 170913.16),(26 170149.27),(27 173212.38),(28 172705.64),(29 175811.05),(30 173797.88),(31 173261.75),(32 169608.1),(33 171886.25),(34 171593.53),(35 175788.34),(36 175697.78),(37 179122.25),(38 177750.06),(39 180270.52),(40 178821.86),(41 181532.67),(42 180673.42),(43 183514.8),(44 182368.9),(45 186514.1),(46 187936.42),(47 192915.11),(48 192600.98),(49 196800.34),(50 197775.23),(51 201145.03),(52 199524.77),(53 202069.7),(54 201231.47),(55 204872.31),(56 203755.45),(57 206697.11),(58 206454.6),(59 211999.2),(60 212264.14),(61 215472),(62 214741.27),(63 220750.77),(64 221495.11),(65 224046.9),(66 223827.11),(67 228036.25),(68 228557.64),(69 232627.23),(70 232758.17),(71 234887.98),(72 232431.28),(73 234742.81),(74 234246.25),(75 237861.16),(76 238315.7),(77 241547.55),(78 239961.05),(79 242923.86),
(1 14368.001),(2 36164.445),(3 61891.863),(4 81122.586),(5 100760.46),(6 111523.69),(7 121479.46),(8 126672.96),(9 135953.4),(10 142113.61),(11 151297.2),(12 155822.81),(13 162290.61),(14 164879.16),(15 171363.94),(16 172413.98),(17 175124.81),(18 174339.38),(19 176705.9),(20 174931.13),(21 177982.56),(22 177666.03),(23 179997.97),(24 177472.83),(25 178179.78),(26 177601),(27 179958.28),(28 178684.03),(29 180828.03),(30 178749.34),(31 178570.34),(32 175358.97),(33 177620.44),(34 176494.73),(35 179327.38),(36 178801.67),(37 181236.47),(38 179635.92),(39 182578.9),(40 182532.1),(41 185144.17),(42 184112.08),(43 187091.52),(44 187701.47),(45 191445.53),(46 191953.9),(47 195379.1),(48 195006.78),(49 197110.27),(50 196067.06),(51 198434.33),(52 198716.66),(53 202286.81),(54 202354.84),(55 206054.81),(56 205347.25),(57 207563.92),(58 208505.98),(59 213575.97),(60 213430.27),(61 217747.98),(62 219607.39),(63 226335.58),(64 228905.08),(65 232959.28),(66 234104.58),(67 237766.56),(68 237394.44),(69 240307.83),(70 239532.8),(71 239390.47),(72 237195.13),(73 240721.56),(74 240532.56),(75 243726.47),(76 243819.27),(77 246695.83),(78 246201.97),(79 249652.73),
(1 13787.69),(2 33365.32),(3 56043.69),(4 72763.3),(5 90002.72),(6 98711.336),(7 108354.2),(8 114121.09),(9 124147.055),(10 130741.35),(11 140908.52),(12 145689.73),(13 151651.75),(14 153545.56),(15 157297.86),(16 155792.88),(17 156997.02),(18 154802.72),(19 155644.86),(20 153597.98),(21 155431.58),(22 154388.13),(23 156415.27),(24 154409.06),(25 156147.25),(26 154109.9),(27 155702.64),(28 154110.78),(29 156464.44),(30 155361.67),(31 157814.1),(32 157486.6),(33 161453.83),(34 162579.5),(35 166523.89),(36 166438.75),(37 169432.67),(38 169849.5),(39 174029.67),(40 173615.94),(41 175807.97),(42 175717.13),(43 179146.13),(44 179669.88),(45 183852.4),(46 184269.61),(47 187809.5),(48 188706.19),(49 192182.44),(50 190493.08),(51 191267.45),(52 188308.64),(53 188749.9),(54 187827.03),(55 190343.4),(56 189891.19),(57 192601.7),(58 192579.6),(59 196312.78),(60 195896.45),(61 199172.78),(62 201234.83),(63 206292.81),(64 207285.6),(65 210895.61),(66 212940),(67 217896.73),(68 219733.9),(69 224227.56),(70 225541.39),(71 228122.03),(72 227810.4),(73 229968.48),(74 229748.42),(75 234080.84),(76 234828.7),(77 237544.6),(78 236165.06),(79 238106.2),
(1 14335.407),(2 35761.78),(3 61183.05),(4 79842.67),(5 98426.81),(6 107184.33),(7 117942.94),(8 123884),(9 134211.7),(10 140535.36),(11 151173.2),(12 154888.05),(13 160222.86),(14 161747.78),(15 166859.56),(16 166333.39),(17 170120.64),(18 169976.97),(19 173535.69),(20 172991.11),(21 175415.55),(22 173614.84),(23 174473.31),(24 171339.56),(25 172140.73),(26 168927.94),(27 171106.28),(28 168839.95),(29 169980.83),(30 168058.06),(31 171232.67),(32 171176.47),(33 174667.03),(34 173443.95),(35 176495.13),(36 176008.5),(37 178989.31),(38 179099.19),(39 182525.55),(40 180941.83),(41 182928.97),(42 182657.9),(43 185559.86),(44 184294.23),(45 187017.17),(46 184918.97),(47 186234.73),(48 184529.5),(49 186412.13),(50 184576.44),(51 187127.16),(52 185815.11),(53 189541.23),(54 190144.23),(55 193404.45),(56 193661.63),(57 197525.06),(58 199028.81),(59 204010.44),(60 204885.55),(61 208889.53),(62 209621.94),(63 215276.17),(64 215949.56),(65 217922.06),(66 215329.95),(67 216039.02),(68 214444.25),(69 217462.13),(70 217799.23),(71 222543.45),(72 224853.39),(73 229682),(74 231196.88),(75 237176.53),(76 237704.77),(77 240399.13),(78 238913.06),(79 239679.8),
(1 13655.215),(2 33250.195),(3 55719.758),(4 71299.81),(5 88272.984),(6 96337.09),(7 107095.43),(8 112581.97),(9 120925.65),(10 124281.72),(11 133132.55),(12 136518.14),(13 142470.88),(14 144190.52),(15 149504.66),(16 149812.08),(17 152963.86),(18 152465.03),(19 155798.1),(20 155093.06),(21 157721.13),(22 155606.39),(23 156492.75),(24 154025.44),(25 156510.02),(26 154500.34),(27 155814.66),(28 153364.39),(29 155043.23),(30 153264.14),(31 156768.36),(32 155692.94),(33 158365.3),(34 157478.28),(35 162153.92),(36 161846.95),(37 164948.77),(38 163815.56),(39 165532.36),(40 162356.14),(41 163316.06),(42 161691.8),(43 166182.73),(44 166326.28),(45 169280.11),(46 166943.98),(47 169056.77),(48 166871.45),(49 168155.19),(50 166027.06),(51 168757.14),(52 167357.48),(53 170347.39),(54 169977.89),(55 174175.33),(56 174438.19),(57 178365.14),(58 178850.6),(59 183486.84),(60 182867.66),(61 186036.97),(62 186679.78),(63 192051.13),(64 192828.33),(65 195182.44),(66 191702.36),(67 192349.44),(68 189734.67),(69 191611.69),(70 188890.75),(71 191012.52),(72 190856.11),(73 194590.14),(74 193691.77),(75 197656.02),(76 195945.08),(77 198494.42),(78 196853.89),(79 197795.6),
(1 13948.742),(2 33569.938),(3 55507.703),(4 71980.1),(5 88984.24),(6 96982.49),(7 106590.36),(8 111621.24),(9 119728.24),(10 123263.51),(11 131049.2),(12 135348.7),(13 141220.06),(14 142600.75),(15 147416),(16 147131.38),(17 150051.39),(18 149369.95),(19 152850.25),(20 152280.83),(21 154944.48),(22 153418.75),(23 156178.33),(24 155489.6),(25 158654.4),(26 156086.53),(27 158494.6),(28 157329.31),(29 159790.69),(30 158393.47),(31 159253.1),(32 156015.67),(33 157144.16),(34 155979.11),(35 159291.52),(36 158698.66),(37 162429.66),(38 162745.02),(39 165998.13),(40 165283.02),(41 167408.52),(42 166382.14),(43 170467.6),(44 170567.84),(45 174344),(46 172451.17),(47 172808.02),(48 169518.34),(49 169966.63),(50 167545.88),(51 170339.44),(52 170719.27),(53 175752.53),(54 176234.05),(55 179963.44),(56 179553.66),(57 181464.28),(58 179650.33),(59 182406.25),(60 180271.45),(61 182305.98),(62 181874.33),(63 185619.75),(64 184658.27),(65 186014.48),(66 182465.23),(67 184005.69),(68 182633.27),(69 184691.19),(70 185625.58),(71 192153.52),(72 194578.77),(73 198374.56),(74 197776.6),(75 200630.75),(76 199733.27),(77 202717.98),(78 201689.17),(79 203530.45),
(1 13977.715),(2 33560.754),(3 55015.88),(4 70359.38),(5 85985.48),(6 93492.78),(7 104119.57),(8 110618.92),(9 119690.484),(10 125982.72),(11 135459.86),(12 138468.64),(13 143590.03),(14 145017.06),(15 149703.22),(16 149181.05),(17 152727.88),(18 151980.45),(19 155320.11),(20 154848.45),(21 157923.42),(22 156307.55),(23 158911.3),(24 156832.16),(25 157922.7),(26 155408.78),(27 158039.88),(28 156462.8),(29 159153.22),(30 159823.44),(31 164680.08),(32 164658.31),(33 167693.55),(34 166349.03),(35 167550.55),(36 165369.66),(37 167216.11),(38 165743.4),(39 167934.56),(40 166571.33),(41 169334.22),(42 169567.84),(43 174358.55),(44 174047.08),(45 176998.38),(46 176567.31),(47 178404.64),(48 174834.69),(49 175172.25),(50 173227.75),(51 176023.83),(52 174265.17),(53 175701.05),(54 174400.34),(55 176881.08),(56 175597.11),(57 177924.52),(58 178498),(59 183106.31),(60 184287.69),(61 189706.44),(62 191480.48),(63 196290.75),(64 195879.78),(65 197344.78),(66 195733.5),(67 198996.03),(68 197769.39),(69 198880.94),(70 197190.94),(71 200474.92),(72 200087.02),(73 202618.36),(74 202632.19),(75 207814.31),(76 209345.05),(77 212623.17),(78 212907.52),(79 216078.08),
(1 13405.703),(2 32149.58),(3 52123.01),(4 66935.68),(5 83152.055),(6 91659.77),(7 103710.72),(8 111693.45),(9 121422.11),(10 128386.484),(11 138085.55),(12 141353.81),(13 146496.78),(14 147710.88),(15 151447.11),(16 150095.64),(17 152883.56),(18 152252.3),(19 154532.31),(20 153736.84),(21 156437.89),(22 154887.52),(23 157013.73),(24 155624.88),(25 158627.69),(26 157127.25),(27 160127.92),(28 159987.7),(29 163388.31),(30 163668.89),(31 167548.64),(32 166797.3),(33 169379.05),(34 167061.73),(35 169131.05),(36 168689.06),(37 171264.92),(38 170571.77),(39 174239.33),(40 173927.25),(41 177080.45),(42 177181.2),(43 180547.05),(44 180238.66),(45 182649.72),(46 180076.98),(47 180896.38),(48 178902.88),(49 180574.66),(50 177483.13),(51 177169.56),(52 174583.78),(53 176761.52),(54 176214.53),(55 179295.95),(56 179042.05),(57 181722.8),(58 180907.16),(59 184203.73),(60 182926.48),(61 186324.36),(62 185663.34),(63 189280.53),(64 188441.84),(65 190256.81),(66 189989.34),(67 195184.9),(68 194648.64),(69 197623.22),(70 197406.92),(71 202601.73),(72 203706.69),(73 207526.72),(74 208352.27),(75 213087.48),(76 212206.66),(77 213566.16),(78 212003.72),(79 213866.9),
(1 13785.387),(2 32430.877),(3 52575.582),(4 67195.41),(5 83315.54),(6 91147.87),(7 103542.63),(8 111835.43),(9 121229.445),(10 126657.164),(11 136097.98),(12 139466.94),(13 144511.67),(14 146498.23),(15 151358.17),(16 151644.2),(17 155624.73),(18 154473.11),(19 155520.17),(20 152778.7),(21 155155.5),(22 153742.84),(23 155449.6),(24 153755.98),(25 155869.27),(26 153893.77),(27 156852.44),(28 155924.3),(29 160067.27),(30 158989.73),(31 161207.48),(32 159264.31),(33 161540.86),(34 159618.92),(35 162054.92),(36 159816.17),(37 160586.17),(38 157963.44),(39 161213.67),(40 161313.88),(41 165439.5),(42 165374.56),(43 169146.67),(44 168682.97),(45 171697.19),(46 170407.27),(47 172889),(48 171464.27),(49 174153.52),(50 171700.67),(51 173554.6),(52 171887.22),(53 175720.44),(54 175016.9),(55 178909.5),(56 178247.7),(57 181776.94),(58 180981.8),(59 184770.14),(60 183631.56),(61 188388.3),(62 188707.58),(63 193547.92),(64 194771.6),(65 198025.97),(66 195120.23),(67 197032.8),(68 194524),(69 198050.53),(70 198181.31),(71 202680.22),(72 202128.33),(73 205841.27),(74 205653.38),(75 209334.08),(76 207471.14),(77 208880.14),(78 206999.19),(79 208948.2),
(1 13057.746),(2 30318.602),(3 48297.063),(4 61912.477),(5 76724.84),(6 84339.555),(7 95220.08),(8 102623.25),(9 112099.586),(10 117701.055),(11 127234.54),(12 131568.06),(13 137562.69),(14 139432.25),(15 143367.89),(16 142917.08),(17 145530.9),(18 143651.2),(19 144040.53),(20 141555.64),(21 142900.55),(22 140650.11),(23 142303.97),(24 141160.69),(25 143349.25),(26 142461.45),(27 144619.39),(28 143171.66),(29 146455.5),(30 146233.95),(31 150134.78),(32 150635.42),(33 155030.67),(34 154171.27),(35 156600.48),(36 156896.86),(37 159876.3),(38 159074.55),(39 161391.34),(40 159671.77),(41 161608.13),(42 160824.31),(43 164400.4),(44 165259.86),(45 167312.47),(46 163976.58),(47 164878.98),(48 162733.34),(49 164076.81),(50 162118.69),(51 164465.45),(52 162587.75),(53 164323.3),(54 163071.22),(55 165546.19),(56 164770.02),(57 167895.61),(58 167651.83),(59 171393.14),(60 171114.94),(61 174481.44),(62 174214.23),(63 178137.11),(64 178753.7),(65 181416.48),(66 178573.1),(67 179805.52),(68 177793.19),(69 179904.23),(70 179408.03),(71 183466.75),(72 182845.77),(73 185375.53),(74 185146.36),(75 187624.75),(76 185720.83),(77 186830.33),(78 185349.84),(79 187385.81),
(1 13394.502),(2 30962.883),(3 49457.047),(4 63191.887),(5 77856.67),(6 84808.13),(7 95167.53),(8 101558.52),(9 110268.06),(10 115444.305),(11 124124.16),(12 126405.94),(13 130956.984),(14 131101.53),(15 133456.48),(16 133878.83),(17 137534.52),(18 136229.83),(19 138089.27),(20 136011.64),(21 137486.5),(22 136441.1),(23 139725.47),(24 139234.13),(25 141735.66),(26 140635.42),(27 142379.16),(28 141949.3),(29 145123.75),(30 144121.97),(31 145996.1),(32 144233.4),(33 145557.48),(34 143726.86),(35 146828.25),(36 146158.42),(37 147561.88),(38 146269.47),(39 148958.66),(40 148613.2),(41 151638.84),(42 150986.39),(43 153171.13),(44 153426.06),(45 156999.45),(46 155273.98),(47 156931.48),(48 154679.81),(49 154985.84),(50 152897.78),(51 155752.03),(52 155392.17),(53 158814.28),(54 158655.77),(55 162268.86),(56 162759.03),(57 166594.77),(58 167132.27),(59 169868.48),(60 168910.25),(61 171447.61),(62 170777.95),(63 173126.88),(64 171789.66),(65 173270.67),(66 171365.56),(67 174538.25),(68 175078.42),(69 178626.88),(70 178433.27),(71 181851.03),(72 182311.98),(73 187633.3),(74 189664.84),(75 194807.64),(76 194158.44),(77 194835.23),(78 191695.8),(79 193096.73),
(1 12895.864),(2 28783.492),(3 45383.35),(4 57263.793),(5 70270.33),(6 75770.89),(7 84048.984),(8 88878.195),(9 96431.29),(10 101418.125),(11 108560.59),(12 110888.2),(13 116460.09),(14 117455.31),(15 120714.305),(16 120746.375),(17 123986.73),(18 122393.49),(19 125491.63),(20 124947.35),(21 126876.71),(22 124605.94),(23 126086.18),(24 123993.3),(25 125289.4),(26 123537.42),(27 126021.62),(28 125295.42),(29 127950.56),(30 126368.34),(31 128615.336),(32 127274.46),(33 129687.086),(34 129693.95),(35 133749.6),(36 132500.95),(37 134477.5),(38 133756.81),(39 137018.7),(40 136204.47),(41 139329.44),(42 138486.61),(43 140679.48),(44 140290.75),(45 143236.69),(46 142529.55),(47 145329.05),(48 144106.66),(49 145672.53),(50 143905.27),(51 145281.16),(52 142758.38),(53 144833.42),(54 143786.64),(55 145936.27),(56 144971.19),(57 147610.84),(58 146713.89),(59 149356.81),(60 148683.66),(61 152320.55),(62 151114.95),(63 151930.03),(64 149978.25),(65 152036.95),(66 150838.08),(67 153251.66),(68 152356.44),(69 154524.33),(70 153190.89),(71 156355.05),(72 156075.95),(73 159715.6),(74 159896.03),(75 163878.23),(76 163457.52),(77 165314.69),(78 162566.86),(79 165267.56),
(1 12877.858),(2 28831.123),(3 45834.746),(4 58029.91),(5 70400.64),(6 75703.17),(7 83860.53),(8 88385.734),(9 95961.234),(10 100993.64),(11 109003.414),(12 111766.15),(13 117671.32),(14 119649.18),(15 123870.03),(16 124422.32),(17 128585.98),(18 128586.805),(19 131640.61),(20 131173.16),(21 133104.53),(22 131060),(23 133222.34),(24 131931.16),(25 134070.31),(26 132736.97),(27 134636.72),(28 134424.33),(29 137160.8),(30 135877.33),(31 137805.55),(32 135752.9),(33 137490.47),(34 136506.84),(35 138646.23),(36 136811.02),(37 138861.66),(38 138298.78),(39 142459.69),(40 143002.44),(41 147120.42),(42 146709.77),(43 149174),(44 147770.14),(45 150321.27),(46 148607.69),(47 152218.47),(48 152739.97),(49 155640.69),(50 154520.95),(51 155685.8),(52 152731.25),(53 154327),(54 152829.66),(55 154716.22),(56 153054.34),(57 154551.34),(58 152066.83),(59 154001.94),(60 153243.89),(61 157210.06),(62 157268.05),(63 159889.16),(64 159457.58),(65 162672.28),(66 161575.77),(67 164068.83),(68 163308.66),(69 166228.47),(70 165865.45),(71 169315.72),(72 169538.95),(73 175099.56),(74 175970.23),(75 179104.5),(76 177473.73),(77 178190.27),(78 176404.83),(79 179962.16),
(1 13209.177),(2 29716.81),(3 46487.07),(4 59327.258),(5 73164.24),(6 79963.72),(7 89858.33),(8 94671.305),(9 101967.1),(10 106860.4),(11 113642.33),(12 115352),(13 120246.15),(14 121345.04),(15 124708.33),(16 125212.89),(17 128754.09),(18 127649.164),(19 130354.55),(20 128930.32),(21 130470.66),(22 129697.05),(23 132814.3),(24 131519.52),(25 133902.63),(26 132063.48),(27 133641.75),(28 131315.9),(29 132447.31),(30 129914.05),(31 131408.39),(32 128841.984),(33 130621.914),(34 130137.555),(35 133105.47),(36 132468.72),(37 136374.84),(38 136915.02),(39 141418.63),(40 141881.69),(41 145248.97),(42 144173.27),(43 145072.39),(44 143351.1),(45 145555.3),(46 143269.27),(47 145404.11),(48 144239.1),(49 145270.78),(50 142943.98),(51 143713.52),(52 140596),(53 141379.88),(54 138972.83),(55 141811.2),(56 141345.77),(57 143638.11),(58 143418.33),(59 147181.1),(60 146851.52),(61 150742.13),(62 150617.75),(63 153868.5),(64 153400.98),(65 156732.33),(66 156182.98),(67 159341.38),(68 158691.44),(69 162686.11),(70 163141.05),(71 165878.45),(72 165698.25),(73 170587.75),(74 170791.89),(75 172967.6),(76 170625.7),(77 171985.66),(78 171249.05),(79 174384.53),
(1 12674.038),(2 28564.033),(3 45069.816),(4 57166.758),(5 69250.414),(6 74213.29),(7 82423.02),(8 87441.16),(9 94398.445),(10 98835.82),(11 104864.77),(12 107232.39),(13 112480.34),(14 114152.85),(15 118616.32),(16 119368.31),(17 121546.586),(18 120125.23),(19 122623.414),(20 120782.37),(21 121203.61),(22 119733.336),(23 122020.836),(24 120429.78),(25 122772.914),(26 121599.55),(27 124087.21),(28 122867.68),(29 124204.445),(30 122050.66),(31 122915.695),(32 120414.54),(33 121685.46),(34 119571.125),(35 120940.836),(36 120005.84),(37 122209.98),(38 121507.26),(39 125560.164),(40 126271.8),(41 129502.65),(42 129147.38),(43 131260.06),(44 130196.75),(45 131731.23),(46 130001.64),(47 131504.6),(48 130800.31),(49 133609.78),(50 132735.9),(51 134661.75),(52 132635.7),(53 133316.95),(54 131769.56),(55 134186.67),(56 134694.84),(57 138459.48),(58 138200.25),(59 140665.3),(60 139583.8),(61 141807.53),(62 140402.86),(63 142667.63),(64 142266.7),(65 145260.61),(66 144580.2),(67 146837.92),(68 145587.61),(69 148757.5),(70 147830.52),(71 150529.53),(72 149666.64),(73 151157.3),(74 148989.61),(75 149591.56),(76 147139.05),(77 148308.64),(78 146608.19),(79 149189.34),
(1 12977.923),(2 29154.934),(3 47006.63),(4 60983.727),(5 75039.88),(6 81729.125),(7 91410.664),(8 96838.98),(9 105310.76),(10 110787.57),(11 117552.516),(12 118875.21),(13 123606.164),(14 124839.555),(15 127797.37),(16 126217.85),(17 126681.04),(18 124414.64),(19 126630.164),(20 125599.664),(21 127552.85),(22 126288.91),(23 128143.83),(24 126681.5),(25 127656.79),(26 126535.805),(27 128690.445),(28 127029.3),(29 128663.766),(30 126937.586),(31 128366.49),(32 127545.484),(33 131023.46),(34 129938.87),(35 131590.17),(36 130405.5),(37 132651.53),(38 132950.6),(39 137241.16),(40 137127.78),(41 139083.61),(42 138186.55),(43 139612.64),(44 138004.75),(45 139887.69),(46 138241.61),(47 140001.08),(48 140212.34),(49 142556.42),(50 141045.67),(51 144046.23),(52 142976.34),(53 144841.72),(54 144641.58),(55 147926.2),(56 146904.22),(57 149498.08),(58 150195.06),(59 153137.3),(60 152915.33),(61 155524.86),(62 154242.8),(63 156033.66),(64 155111.06),(65 157540.84),(66 157769.45),(67 160559.64),(68 159007.98),(69 160112.77),(70 158091.28),(71 160089.94),(72 159433.3),(73 162268),(74 160680.36),(75 160665.66),(76 157393.08),(77 157061.75),(78 155096),(79 158241.5),
(1 12557.043),(2 28150.223),(3 44637.85),(4 56848.258),(5 69706.03),(6 76846.53),(7 86971.195),(8 92167.89),(9 100577.85),(10 105419.7),(11 112508.33),(12 114084.555),(13 118688.77),(14 120582.82),(15 124888.39),(16 124653.72),(17 125905.62),(18 124100.76),(19 126005.484),(20 124128.195),(21 125546.98),(22 124105.1),(23 125576.52),(24 124175.125),(25 127400.93),(26 127433.414),(27 129254.25),(28 126659.734),(29 128361.945),(30 126069.164),(31 126522.6),(32 124607.086),(33 125929.305),(34 123007.53),(35 124048.45),(36 122117.01),(37 123559.35),(38 122757.94),(39 126555.94),(40 126281.445),(41 127949.414),(42 125290.555),(43 126722.68),(44 123768.02),(45 124762.32),(46 122141.84),(47 122651.766),(48 121614.69),(49 123729.21),(50 122552.63),(51 124441.414),(52 123491.125),(53 126220.26),(54 126147.27),(55 129190.65),(56 128873.06),(57 132246.64),(58 132481.86),(59 135683.69),(60 135457.61),(61 138462.02),(62 138090.58),(63 140629.45),(64 139554.3),(65 142657.8),(66 142118.89),(67 145247.75),(68 144812.5),(69 146793.55),(70 144785.98),(71 146526.52),(72 145537.1),(73 147884.8),(74 145747.81),(75 147206.13),(76 145533.83),(77 148342.02),(78 148580.81),(79 151609.39),
(1 12263.413),(2 27831.012),(3 44196.574),(4 56124.703),(5 68096.414),(6 74836.6),(7 84962.11),(8 90105.54),(9 98510.59),(10 102553.42),(11 109196.35),(12 110842.65),(13 115637.86),(14 116578.56),(15 120484.47),(16 119979.65),(17 122422.97),(18 121340.83),(19 122307.586),(20 119361.25),(21 120561.59),(22 118551.05),(23 120162.76),(24 118745.7),(25 120274.11),(26 118355.76),(27 119390.78),(28 117343.26),(29 118887.41),(30 117074.53),(31 119182.98),(32 117952.37),(33 119552.33),(34 118236.98),(35 121137.13),(36 120428.16),(37 122698.4),(38 123803.32),(39 128327.42),(40 128459.63),(41 130747.36),(42 128540.93),(43 130496.8),(44 128056.84),(45 129174.81),(46 126950.08),(47 128199.74),(48 127331.68),(49 129604.26),(50 127564.87),(51 128860.78),(52 126695.07),(53 128032.49),(54 126158.06),(55 128671.984),(56 128444.14),(57 132168.25),(58 131741.63),(59 133411.14),(60 132065.86),(61 135035.39),(62 133410.63),(63 134912.95),(64 133640.1),(65 135959.73),(66 134445.14),(67 136277.61),(68 135222.72),(69 137975.33),(70 137424.64),(71 139878.5),(72 139201.08),(73 142263.47),(74 141481),(75 144050.33),(76 142551.36),(77 144817),(78 143946.58),(79 146487.7),
(1 12262.58),(2 27965.277),(3 44393.008),(4 56138.2),(5 67949.375),(6 73758.66),(7 83132.93),(8 87701.766),(9 95802.29),(10 100425.08),(11 106736.164),(12 109489.48),(13 115719.516),(14 117859.08),(15 122007.63),(16 121819.164),(17 123959.125),(18 122339.836),(19 122684.945),(20 120017.13),(21 120740.29),(22 118587.82),(23 119598.06),(24 117535.47),(25 118617.75),(26 116568.53),(27 118869.91),(28 117968.84),(29 119782.555),(30 118288.64),(31 119779.22),(32 117540.41),(33 118957.93),(34 118078.47),(35 121096.96),(36 121136.32),(37 123768.54),(38 123749.33),(39 126964.91),(40 126560.875),(41 128590.84),(42 127740.41),(43 130034.26),(44 127703.22),(45 128732.734),(46 127247.7),(47 128641.02),(48 126022.92),(49 126271.4),(50 123069.93),(51 123735.586),(52 121928.59),(53 123757.75),(54 122611.85),(55 124738.38),(56 122875.61),(57 125536.625),(58 125483.43),(59 128525.01),(60 127668.72),(61 130513.984),(62 129935.27),(63 132452.55),(64 132555.98),(65 136129.7),(66 136520.66),(67 138787.27),(68 137958.2),(69 141000.89),(70 140072.88),(71 142147.98),(72 141698.44),(73 143686.28),(74 142539.36),(75 144632.31),(76 143563.34),(77 146345.8),(78 145848.27),(79 148045.56),
(1 12246.976),(2 27905.549),(3 43973.95),(4 55293.113),(5 66732.914),(6 72975.07),(7 83333.96),(8 89375.78),(9 96670.87),(10 101381.94),(11 107510.164),(12 108918.86),(13 113853.734),(14 115968.68),(15 120242.234),(16 119732.79),(17 121340.22),(18 120556.07),(19 122047.76),(20 121122.44),(21 123436.22),(22 122050.84),(23 123995.16),(24 123333.67),(25 124422.84),(26 122337.58),(27 123567.586),(28 121130.734),(29 121720.28),(30 119927.04),(31 121094.664),(32 118952.71),(33 119436.24),(34 117394.37),(35 118185.945),(36 116525.74),(37 118642.84),(38 117959.5),(39 121556.44),(40 122480.27),(41 125095.6),(42 124250.18),(43 125660.86),(44 124331.125),(45 125576.74),(46 125633.21),(47 127887.08),(48 126263.29),(49 127536.37),(50 125065.484),(51 126203.26),(52 125648.945),(53 127578.516),(54 126879.02),(55 129341.17),(56 129326.625),(57 133556.16),(58 134803.56),(59 138730.9),(60 139279.52),(61 142718.19),(62 142579.63),(63 145685.61),(64 145339),(65 148333.81),(66 148481.38),(67 150769.63),(68 150322.4),(69 152411.34),(70 151066.23),(71 152505.86),(72 151978.22),(73 153530.14),(74 152440.16),(75 154688.95),(76 153012.55),(77 154470.03),(78 153119.55),(79 153651.52),
(1 12455.788),(2 27966.285),(3 43278.44),(4 54340.008),(5 65906.2),(6 72956.586),(7 83271.02),(8 88479.19),(9 96213.62),(10 99828.42),(11 104514.22),(12 105988.836),(13 110812.99),(14 112373.125),(15 116512.375),(16 116423.36),(17 118706.25),(18 118555.055),(19 120393.766),(20 119261.016),(21 121424.234),(22 119104.11),(23 119536.555),(24 116327.46),(25 116251.766),(26 114010.76),(27 114469.164),(28 112075.26),(29 112460.055),(30 110329.195),(31 111793.27),(32 110572.71),(33 112853.84),(34 111378.17),(35 113406.67),(36 112544.84),(37 114264.305),(38 113599.56),(39 116818.35),(40 116241.19),(41 118201.83),(42 117279.74),(43 119090.31),(44 118184.59),(45 120680.39),(46 120498.016),(47 122820.734),(48 122763.305),(49 124396.47),(50 122907.086),(51 124257.96),(52 123242.29),(53 125195.055),(54 124580.99),(55 126361.84),(56 124976.445),(57 128355.48),(58 128484.33),(59 131715.31),(60 132022.88),(61 134639.33),(62 133742.11),(63 136114.88),(64 135035.44),(65 137258.58),(66 135720.08),(67 137190.78),(68 136946.83),(69 139413.73),(70 138695.48),(71 140302.33),(72 139378.53),(73 141667.16),(74 141275.97),(75 143129.08),(76 142031.53),(77 143299.61),(78 141772.75),(79 143401.77),
(1 11375.163),(2 25341.344),(3 39409.887),(4 48939.285),(5 58867.582),(6 65135.035),(7 74115.984),(8 78867.555),(9 86872.586),(10 90200.59),(11 94578.28),(12 97055.95),(13 101941.86),(14 103100.82),(15 106885.766),(16 106748.35),(17 109615.26),(18 109776.84),(19 112012.445),(20 111667.56),(21 114408.7),(22 112948.195),(23 114241.02),(24 111914.16),(25 112880.414),(26 110955.27),(27 111611.22),(28 109681.836),(29 110562.82),(30 109019.234),(31 110964.984),(32 109782.58),(33 112427.93),(34 111991.9),(35 115359.07),(36 115557.555),(37 118542.87),(38 118777.984),(39 122383.19),(40 122209.7),(41 124207.79),(42 123102.46),(43 125090.94),(44 124320.41),(45 126397.36),(46 124926.7),(47 126423.875),(48 124756.73),(49 125835.36),(50 124588.48),(51 125874.6),(52 123740.5),(53 125213.65),(54 124590.43),(55 127444.35),(56 127202.87),(57 130607.2),(58 131674.27),(59 134934.38),(60 134746.06),(61 136673.23),(62 135783.25),(63 137356.64),(64 136923.84),(65 139403),(66 137544.44),(67 137910.42),(68 136315.84),(69 138320.28),(70 137144.33),(71 138053.94),(72 135998.8),(73 137050.98),(74 136035.27),(75 137578.16),(76 136645.33),(77 138911.52),(78 138152.7),(79 139401.3),
(1 11252.22),(2 24708.563),(3 38380.313),(4 47763.22),(5 58007.6),(6 64177.84),(7 73454.28),(8 78286.65),(9 86395.32),(10 89787.15),(11 94909.85),(12 96763.98),(13 101394.76),(14 101923.69),(15 104804.71),(16 104082.11),(17 106583.375),(18 105498.305),(19 107203.48),(20 105647.195),(21 107385.56),(22 105371.26),(23 107131.19),(24 105536.46),(25 107483.766),(26 107005.766),(27 108947.65),(28 107411.25),(29 109257.41),(30 107286.19),(31 108885.75),(32 107166.625),(33 109153.22),(34 107856.445),(35 110446.39),(36 109471.01),(37 111231.84),(38 109767.62),(39 112648.22),(40 111860.65),(41 114524.65),(42 113549.04),(43 116232.836),(44 115151.54),(45 117146.88),(46 115305.22),(47 116817.58),(48 114232.35),(49 116118.57),(50 115896.52),(51 118646.55),(52 118053.13),(53 120643.55),(54 118812.586),(55 121009.05),(56 121014.38),(57 124785.44),(58 125223.27),(59 128758.41),(60 129265.78),(61 132590.72),(62 131829.72),(63 133923.97),(64 133646.88),(65 136370.17),(66 135149.77),(67 136933.69),(68 135713.28),(69 137940.38),(70 136563.6),(71 138354.14),(72 137393.05),(73 140108.22),(74 139720.86),(75 142265.9),(76 140641.66),(77 142201.89),(78 140504.88),(79 141606.9),
(1 11510.467),(2 25283.21),(3 40160.066),(4 49543.77),(5 59092.83),(6 65292),(7 74961.914),(8 80206.96),(9 88441.625),(10 91924.87),(11 97160.27),(12 99200.414),(13 104177.47),(14 105778.11),(15 109753.26),(16 109185.04),(17 111430.96),(18 110365.09),(19 112562.53),(20 112107.305),(21 114923.69),(22 113771.46),(23 115475.555),(24 113218.72),(25 113496.625),(26 110869.43),(27 111524.49),(28 108377.86),(29 108651.984),(30 106624.57),(31 107770.22),(32 106314.04),(33 108655.83),(34 107206.21),(35 110528.59),(36 109759.03),(37 112250.58),(38 111859.6),(39 114407),(40 113637.195),(41 116475.95),(42 115277.586),(43 117174.86),(44 115581.945),(45 117607.305),(46 116797.88),(47 119227.77),(48 117360.22),(49 118342.39),(50 116299.39),(51 118238.43),(52 117835.125),(53 120753.586),(54 120487.86),(55 123172.82),(56 123167.5),(57 127396.22),(58 128387.83),(59 132350.06),(60 132279.14),(61 135737.16),(62 135965.6),(63 139065.95),(64 138529.2),(65 141256.17),(66 140556.05),(67 143055.61),(68 142238.05),(69 145050.98),(70 144515.1),(71 147110.98),(72 145738.02),(73 147617),(74 147086.17),(75 150398.86),(76 149932.38),(77 151765.75),(78 149303.1),(79 150032.33),
(1 11624.761),(2 25409.105),(3 39857.703),(4 48628.367),(5 57673.457),(6 63682.613),(7 72873.055),(8 78092.24),(9 86529.59),(10 89948.41),(11 94558.66),(12 96742.43),(13 101773.57),(14 102840.664),(15 106080.445),(16 105204.73),(17 107551.95),(18 106373.914),(19 108929.35),(20 108972.69),(21 111221.95),(22 109411.35),(23 110659.69),(24 109211.164),(25 110268.11),(26 108041.44),(27 108806.34),(28 106606.6),(29 108223.45),(30 107282.664),(31 109179.13),(32 108022.7),(33 110300.54),(34 109669.37),(35 112845.26),(36 112368.32),(37 114943.81),(38 113948.734),(39 116743.05),(40 117090.22),(41 120161.13),(42 119158.766),(43 120325.77),(44 117948.805),(45 118637.26),(46 116366.94),(47 117127.23),(48 114345.35),(49 115241.984),(50 113514.766),(51 115493.37),(52 114756.43),(53 117672.1),(54 118163.9),(55 121577.83),(56 121785.88),(57 125360.49),(58 125941.984),(59 129289.61),(60 129130.734),(61 132211.56),(62 131335.4),(63 133560.83),(64 132659.23),(65 134598.53),(66 132726.14),(67 134589.73),(68 133531.88),(69 135881.64),(70 134472.14),(71 136071.52),(72 134705.36),(73 136743.67),(74 135639.56),(75 137267.19),(76 135571.61),(77 137133),(78 135886.97),(79 137416.02),
(1 11571.047),(2 24923.938),(3 39034.85),(4 48218.21),(5 57854.438),(6 64298.45),(7 74151.69),(8 80427.94),(9 89478.9),(10 92859.28),(11 97930.97),(12 100785.15),(13 105959.06),(14 107946.625),(15 111603.484),(16 110673.31),(17 112743.555),(18 111556.26),(19 113353.24),(20 112789.54),(21 114699.27),(22 113274.78),(23 114581.97),(24 112430.08),(25 113372.914),(26 112387.25),(27 115168.24),(28 114331.5),(29 116774.234),(30 115996.39),(31 118323.77),(32 117372.875),(33 119544.914),(34 118262.375),(35 120360.18),(36 118970.52),(37 120182.18),(38 118405.87),(39 120489.016),(40 118579.73),(41 119475.24),(42 117735.38),(43 118015.98),(44 115222.43),(45 115355.086),(46 112901.03),(47 113785.22),(48 112068.54),(49 112951.055),(50 111890.83),(51 115042.75),(52 114985.016),(53 118058.59),(54 118268.195),(55 120661.57),(56 120153.875),(57 123967.56),(58 124420.56),(59 127942.06),(60 127649.54),(61 129559.76),(62 128554.31),(63 131139.81),(64 130227.79),(65 131904.78),(66 129456.13),(67 130791.64),(68 130247.97),(69 132783.3),(70 131502.8),(71 133164.53),(72 132336.58),(73 135102.1),(74 134048.05),(75 136265.55),(76 135718.78),(77 138267.58),(78 137280.63),(79 138406.69),
(1 10814.713),(2 23574.719),(3 36754.33),(4 44683.406),(5 52951.53),(6 58848.7),(7 66548.36),(8 70868.25),(9 77594.38),(10 79411.32),(11 83293.3),(12 85122.19),(13 89147.07),(14 89937.61),(15 92500.39),(16 92505.016),(17 95780.55),(18 95423.92),(19 98275.81),(20 98501.21),(21 101145.44),(22 101033.77),(23 102863.43),(24 101742.97),(25 103176.3),(26 102049),(27 103553.516),(28 101142.94),(29 101608.164),(30 99343.74),(31 100089.37),(32 98223.76),(33 99890.57),(34 98918.85),(35 100673.61),(36 99812.37),(37 102786.16),(38 102578.31),(39 105119.27),(40 104356.86),(41 105857.02),(42 104534.03),(43 105697.61),(44 104230.48),(45 105211.016),(46 103300.92),(47 103941.49),(48 102816.25),(49 104995.14),(50 104594.6),(51 107264.445),(52 106542.1),(53 108882.76),(54 108129.664),(55 110062.18),(56 109227.26),(57 111514.234),(58 111227.01),(59 113732.836),(60 113531.74),(61 115637.79),(62 115555.125),(63 119261.2),(64 119642.66),(65 122047.82),(66 121317.516),(67 123416.72),(68 123365.88),(69 125550.9),(70 124410.46),(71 125767.3),(72 125620.14),(73 128167.34),(74 127379.53),(75 129202.97),(76 128306.7),(77 129493.71),(78 128145.45),(79 129068.76),
(1 11052.223),(2 23658.531),(3 37432.746),(4 46375.703),(5 55552.254),(6 61498.906),(7 68579.78),(8 71894.36),(9 78039.984),(10 79216),(11 83126.516),(12 84754.66),(13 88376.66),(14 89724.664),(15 92999.805),(16 93979.84),(17 97588.484),(18 97620.25),(19 100725.78),(20 100668.89),(21 102272.52),(22 101568.055),(23 102990.85),(24 101918.55),(25 103139.484),(26 100816.1),(27 101595.35),(28 100330.65),(29 101147.97),(30 99144.38),(31 99492.055),(32 97326.95),(33 98644.945),(34 97548.27),(35 99142.78),(36 98304.62),(37 99924.39),(38 99225.16),(39 100992.3),(40 99527.85),(41 100718.375),(42 100071.88),(43 102286.445),(44 102028.836),(45 104248.64),(46 103410.93),(47 104828.3),(48 103954.625),(49 106019.53),(50 105236.305),(51 106853.07),(52 105804.836),(53 107302.695),(54 106677.05),(55 109142.87),(56 109263.28),(57 112000.22),(58 111777.734),(59 114021.33),(60 113308.32),(61 115314.695),(62 114978.26),(63 117554.66),(64 117858.734),(65 121055.27),(66 120771.805),(67 122703.96),(68 121780.33),(69 123510.03),(70 122709.2),(71 124282.836),(72 123719.36),(73 125048.8),(74 123301.445),(75 125196.734),(76 124240.555),(77 126536.73),(78 125315.63),(79 125789.336),
(1 10338.16),(2 21800.588),(3 34372.41),(4 41573.74),(5 49756.24),(6 55122.082),(7 62190.8),(8 65412.758),(9 71870.46),(10 74191.42),(11 79064.71),(12 81422.445),(13 85544.59),(14 86489.82),(15 89346.08),(16 89397.266),(17 91947.03),(18 91293.32),(19 94406.31),(20 94159.42),(21 96242.5),(22 95097.11),(23 96452.59),(24 95365.33),(25 96633),(26 94453.51),(27 95822.78),(28 95124.336),(29 96534.98),(30 94795.68),(31 96046.97),(32 94764.73),(33 97656.54),(34 97545.78),(35 100039.016),(36 99557.75),(37 101372),(38 100615.734),(39 103134),(40 102409.625),(41 103805.695),(42 103116.664),(43 104691.74),(44 103256.76),(45 103875),(46 102177.39),(47 103244.75),(48 101759.73),(49 102922.195),(50 101818.195),(51 102915.56),(52 101824.04),(53 103818.79),(54 102942.51),(55 105028.8),(56 104514.03),(57 106002.734),(58 105054.69),(59 107242.07),(60 106669.3),(61 109497.62),(62 109449.125),(63 112215.23),(64 112193.125),(65 114692.26),(66 113648.94),(67 115118.59),(68 113686.51),(69 114607.59),(70 113158.72),(71 114259.55),(72 113205.336),(73 115174.94),(74 114123.99),(75 115846.195),(76 114886.42),(77 116673.37),(78 115957.086),(79 117203.39),
(1 10021.905),(2 21591.299),(3 34238.234),(4 42004.71),(5 50910.234),(6 56476.766),(7 63955.664),(8 68113.51),(9 74989.04),(10 77904.53),(11 83198.516),(12 84775.97),(13 87972.57),(14 88450.24),(15 91603.164),(16 91860.87),(17 95043.97),(18 94512.734),(19 96920.27),(20 95647.97),(21 98315.16),(22 97510.46),(23 99135.484),(24 97784.09),(25 98970.86),(26 97443.78),(27 99122.69),(28 97629.234),(29 99574.62),(30 98453.47),(31 100349.46),(32 99788.06),(33 102291.62),(34 101704.86),(35 103638.9),(36 102699.875),(37 104681.71),(38 103793.85),(39 105947.914),(40 105177.62),(41 106492.914),(42 104636.64),(43 106092.56),(44 104984.6),(45 106544.02),(46 105253.33),(47 107323.72),(48 105692.48),(49 106891.73),(50 105076.1),(51 106008.055),(52 104139.97),(53 105385.195),(54 103957.74),(55 105503.05),(56 104376.69),(57 105808.14),(58 104529.81),(59 107083.07),(60 106915.33),(61 109493.18),(62 108796.305),(63 111336.45),(64 110876.484),(65 113102.86),(66 112311.5),(67 113910.03),(68 113318.01),(69 115462.03),(70 114523.86),(71 116187),(72 115195.984),(73 117156.73),(74 116338.42),(75 118674.42),(76 117057.8),(77 118087.67),(78 116986.44),(79 118384.25),
(1 10119.412),(2 21385.86),(3 34051.734),(4 42424.508),(5 51298.082),(6 56968.137),(7 64935.88),(8 69483.24),(9 76413.17),(10 79414.67),(11 84993.52),(12 86266.086),(13 89544.164),(14 89815.19),(15 92253.98),(16 91735.1),(17 93538.88),(18 91753.85),(19 93770.72),(20 92231.51),(21 93974.55),(22 92812.445),(23 94305.164),(24 93137.62),(25 95270.53),(26 94318.76),(27 96093.836),(28 94803.04),(29 97395.91),(30 97050.5),(31 99007.08),(32 97989.56),(33 100100.34),(34 98285.766),(35 100006.445),(36 98489.39),(37 99611.99),(38 97870.82),(39 99882.586),(40 98829.46),(41 100832.016),(42 99923.5),(43 101735.64),(44 100264.65),(45 101251.164),(46 99432.05),(47 101315.43),(48 100024.11),(49 101460.22),(50 100380.64),(51 102907.375),(52 101552.234),(53 103297.76),(54 102028.87),(55 104078.33),(56 103479.51),(57 106350.52),(58 105859.984),(59 108355.51),(60 107892.22),(61 110435.41),(62 110414.164),(63 113318.31),(64 112548.01),(65 115102.66),(66 114163.66),(67 115495.6),(68 114206.72),(69 116038.97),(70 115618.13),(71 118845.54),(72 119279.766),(73 121817.08),(74 120665.7),(75 122961.8),(76 122072.26),(77 124210.31),(78 122867.7),(79 123199.1),
(1 9693.603),(2 19737.63),(3 31177.758),(4 38457.76),(5 46513.504),(6 52418.066),(7 60351.98),(8 64885.375),(9 71859.76),(10 75025.836),(11 80920.24),(12 82968.59),(13 87238.45),(14 88641.74),(15 92349.55),(16 92840.61),(17 95244.91),(18 94295.695),(19 96072.555),(20 94572.99),(21 96013.41),(22 93688.945),(23 94694.91),(24 92997.016),(25 94358.27),(26 92940.87),(27 94263.42),(28 92538.305),(29 94422.07),(30 93110.62),(31 94703.25),(32 93728.33),(33 95828.76),(34 95076.375),(35 98096.83),(36 98140.516),(37 100925.164),(38 101116.38),(39 104807.65),(40 104545.016),(41 106736.28),(42 106123.79),(43 106659.07),(44 104183.086),(45 104740.79),(46 103341.766),(47 104555.43),(48 102697.414),(49 103702.63),(50 102211.88),(51 104126.805),(52 103016.53),(53 104281.3),(54 102159.82),(55 103486.914),(56 102679.99),(57 104855.23),(58 103899.77),(59 105865.25),(60 104695.54),(61 107639.82),(62 107381.8),(63 110129.984),(64 109664.49),(65 111904.85),(66 111168.16),(67 113650.76),(68 113087.86),(69 115381.39),(70 114264.36),(71 115909.25),(72 114984.61),(73 116896.31),(74 115365.38),(75 117148.24),(76 115724.26),(77 117272.43),(78 115669.766),(79 117242.62),
(1 9419.292),(2 19152.799),(3 30651.068),(4 37417.125),(5 45074.848),(6 49927.32),(7 56739.887),(8 60076.984),(9 65804.73),(10 68491.98),(11 73552.586),(12 74683.74),(13 78004.26),(14 78461.625),(15 81423.82),(16 81332.9),(17 83220.76),(18 82221.695),(19 84085.02),(20 82885.53),(21 84647.92),(22 82708),(23 83926.85),(24 83132.27),(25 85590.17),(26 84813.984),(27 86236.91),(28 84298.75),(29 85243.516),(30 83417.62),(31 84529.44),(32 82954.99),(33 84182.86),(34 82380.58),(35 84087.71),(36 82863.336),(37 85439.836),(38 85998.53),(39 89112.586),(40 88215.195),(41 89947.58),(42 88577.12),(43 89787.28),(44 87930.74),(45 88688.81),(46 87159.766),(47 88672),(48 87400.53),(49 89111.29),(50 87718.93),(51 89894.82),(52 88945.9),(53 91364.21),(54 90501.555),(55 92312.45),(56 91360.86),(57 93289.414),(58 92067.78),(59 93833.75),(60 92956.58),(61 95427.45),(62 95245.06),(63 97822.14),(64 96519.75),(65 97908.336),(66 96559.41),(67 98352.63),(68 97171.31),(69 99927.984),(70 98849.5),(71 100464.37),(72 99605.805),(73 101747.195),(74 100614.55),(75 102114.17),(76 101115.5),(77 103239.586),(78 101782.53),(79 103964.71),
(1 9365.391),(2 19027.92),(3 30500.947),(4 37768.48),(5 45782.523),(6 50686.59),(7 57916.29),(8 62483.902),(9 68813.664),(10 71604.75),(11 76856.414),(12 78417.8),(13 81667.06),(14 82650.6),(15 85978.98),(16 86295.414),(17 88349.38),(18 87660.95),(19 89303.71),(20 88523.98),(21 89943.05),(22 88471.32),(23 89612.375),(24 88839.74),(25 90497.88),(26 90103.78),(27 92123.2),(28 91414.75),(29 92752.734),(30 91802.78),(31 93491.16),(32 93117.336),(33 95062.52),(34 94535.71),(35 96344.27),(36 95809.46),(37 97948.875),(38 97631.78),(39 100258.38),(40 99729.46),(41 101384.555),(42 100176.74),(43 101232.78),(44 100057.5),(45 101562.74),(46 100768.94),(47 102408.375),(48 101272.74),(49 102524.8),(50 100622.195),(51 101621.35),(52 100488.016),(53 102717.086),(54 102148.97),(55 104283.48),(56 104005.37),(57 106194.18),(58 105450.85),(59 107466.836),(60 106812.82),(61 109412.81),(62 109026.94),(63 111186.31),(64 110226.58),(65 112009.02),(66 111039.9),(67 112587.84),(68 111858.02),(69 113883.984),(70 112410.445),(71 113114.85),(72 111023.28),(73 111657.79),(74 110459.07),(75 112460.47),(76 111597.32),(77 113077.91),(78 112257.98),(79 114402.99),
(1 9480.833),(2 19102.473),(3 30489.84),(4 37259.086),(5 44504.64),(6 49206.832),(7 55983.7),(8 59837.906),(9 65276.895),(10 67273.45),(11 71780.305),(12 73181.234),(13 76886.64),(14 77601.234),(15 80511.05),(16 80651.29),(17 83047.97),(18 83045.016),(19 85068.484),(20 84374.06),(21 86024.18),(22 84210.984),(23 85162.92),(24 83806.695),(25 85191.41),(26 84361.05),(27 86196.08),(28 85398.59),(29 86743.99),(30 85716.89),(31 87727.79),(32 87053.8),(33 89065.85),(34 88177.67),(35 90211.695),(36 89751.21),(37 91487.695),(38 89842.445),(39 91041.414),(40 90290.74),(41 91381.12),(42 90114.1),(43 91068.6),(44 90271.41),(45 91941.09),(46 91441.914),(47 93097.95),(48 92126.37),(49 93386.33),(50 91973.484),(51 93357.984),(52 92685.45),(53 94787.52),(54 94326.89),(55 95514.58),(56 94761.73),(57 96349.81),(58 95537.52),(59 97457.24),(60 97213.47),(61 99198.39),(62 98707.53),(63 100969.26),(64 100242.34),(65 101779.21),(66 100866.13),(67 101801.65),(68 100942.46),(69 102760.15),(70 101549.75),(71 102712.58),(72 100751.27),(73 101927.62),(74 100719.04),(75 102211.305),(76 101290.695),(77 102897.93),(78 102394.67),(79 104599.59),
(1 9350.636),(2 18908.086),(3 30578.586),(4 36669.15),(5 43756.89),(6 48867.484),(7 55842.38),(8 59802.06),(9 66134),(10 69583.22),(11 75418.26),(12 77468.55),(13 80902),(14 81409.73),(15 84325.68),(16 84401.25),(17 87032.39),(18 86719.9),(19 88222.78),(20 87159.375),(21 89052.14),(22 87792.055),(23 89544.23),(24 89045.78),(25 91053.28),(26 90172.836),(27 92352.734),(28 91262.695),(29 92274.6),(30 90861.195),(31 92522.78),(32 91503.49),(33 93146.914),(34 91788.9),(35 93614.98),(36 93037.95),(37 95069.82),(38 94001.734),(39 95570.53),(40 94193.336),(41 95071.46),(42 93944.37),(43 95591.35),(44 94648.29),(45 95943.34),(46 94011.98),(47 95742.555),(48 94477.18),(49 95875.96),(50 94630.56),(51 96601.57),(52 95597.99),(53 97550.15),(54 97246.56),(55 99606.04),(56 99277.96),(57 101226.97),(58 100344.78),(59 102766.09),(60 102571.26),(61 106079.01),(62 106291.14),(63 108794.47),(64 108063.71),(65 109839.54),(66 109142.2),(67 110859.5),(68 110302.04),(69 112386.34),(70 111220.5),(71 112648.58),(72 110710.56),(73 112139.24),(74 111028.16),(75 112801.05),(76 111484.1),(77 113312.27),(78 113238.76),(79 115373.96),
(1 8824.094),(2 18045.424),(3 28977.945),(4 35493.953),(5 42375.63),(6 47237.19),(7 53825.008),(8 57432.8),(9 63080.01),(10 65531.242),(11 70367.68),(12 72618.42),(13 76316.805),(14 76524.44),(15 78952.984),(16 78859.21),(17 80869.17),(18 80450.75),(19 81862.8),(20 80880.04),(21 82697.73),(22 81499.48),(23 82930.31),(24 82196.48),(25 83360.87),(26 82411.875),(27 83498.11),(28 82114.83),(29 82929.016),(30 81946.68),(31 83788.73),(32 83651.65),(33 85443.19),(34 85239.62),(35 87702.734),(36 88048.57),(37 90172.734),(38 89949.516),(39 92620.96),(40 92316.84),(41 94053.875),(42 93471.95),(43 94853.22),(44 94151.76),(45 95474.44),(46 94605.96),(47 95939.7),(48 94855.516),(49 96187.33),(50 94883.82),(51 96101.1),(52 95827.516),(53 97842.195),(54 97553.95),(55 99588.23),(56 99545.09),(57 101638.35),(58 100739.34),(59 102445.02),(60 102245.484),(61 105136.04),(62 105093.09),(63 106901.695),(64 106126.4),(65 108028.086),(66 107273.53),(67 108635.086),(68 108292.914),(69 109994.84),(70 108980.914),(71 109917.93),(72 108813.734),(73 110349.67),(74 109980.2),(75 112136.27),(76 111591.91),(77 113496.64),(78 113275.33),(79 115113.46),
(1 9054.294),(2 17863.55),(3 29061.326),(4 35788.13),(5 43481.645),(6 48631.12),(7 55560.25),(8 59331.22),(9 65295.62),(10 68077.98),(11 73607.26),(12 75789.82),(13 79835.58),(14 80182.234),(15 82632.57),(16 81882.23),(17 83616.05),(18 82938.57),(19 84520.164),(20 84038.07),(21 85857.17),(22 85172.45),(23 87603.91),(24 86922.46),(25 88450.75),(26 87608.46),(27 89097.78),(28 87593.016),(29 88461.78),(30 86937.03),(31 88113.34),(32 86591.02),(33 87852.125),(34 86885.64),(35 89006.45),(36 88312.63),(37 90042.67),(38 89546.79),(39 90855.57),(40 89546.27),(41 90239.59),(42 88466.93),(43 88855.35),(44 88008.78),(45 89727.6),(46 88711.164),(47 89689.81),(48 88644.26),(49 90195.125),(50 88899.13),(51 89734.66),(52 88242.5),(53 89745.88),(54 89255.63),(55 91242.31),(56 91399.46),(57 93971.586),(58 93681.37),(59 95764.164),(60 96051.44),(61 99545.5),(62 99905.22),(63 102257.88),(64 101890.5),(65 103425.33),(66 103022.82),(67 105282),(68 104938.85),(69 106606.24),(70 105537.61),(71 107119.72),(72 106587.42),(73 108249.484),(74 107662.5),(75 109151.23),(76 108145.05),(77 109558.516),(78 109010.875),(79 110092.4),
(1 8776.919),(2 17673.084),(3 28568.563),(4 35284.367),(5 43037.566),(6 48451.53),(7 55203.97),(8 59411.977),(9 65240.01),(10 67931.625),(11 72839.016),(12 74813.7),(13 78511.59),(14 79488.89),(15 82259.91),(16 81947.13),(17 84121.42),(18 83347.97),(19 84556.086),(20 83299.21),(21 84783.38),(22 83527.08),(23 85044.234),(24 83972.375),(25 84975.98),(26 83346.625),(27 84796.3),(28 83518.81),(29 84808.62),(30 83679.81),(31 85489.45),(32 84325.234),(33 85531.02),(34 84447.11),(35 85641.414),(36 84432.22),(37 85874.75),(38 85559.52),(39 87197.24),(40 85981.45),(41 87235.18),(42 86083.2),(43 87461.445),(44 86879.52),(45 88546.43),(46 87384.75),(47 89150.51),(48 88264.695),(49 89615.94),(50 88020.98),(51 89368.44),(52 88309.45),(53 89779.89),(54 88946.805),(55 90745.41),(56 89921.28),(57 91488.016),(58 90838.55),(59 92859.07),(60 93201.54),(61 95379.04),(62 95035.17),(63 97362.32),(64 97199.41),(65 99003.99),(66 98689.766),(67 100831.84),(68 100529.1),(69 102888.13),(70 102434.625),(71 103612.39),(72 103007.57),(73 104412.39),(74 103432.484),(75 104912.32),(76 104286.74),(77 106284.35),(78 106215.81),(79 107735.33),
(1 8468.4795),(2 17099.754),(3 28044.176),(4 34647.04),(5 42441.652),(6 47819.35),(7 54803.63),(8 59238.965),(9 65625.695),(10 68298.086),(11 72848.72),(12 74426.21),(13 77676.516),(14 78100.836),(15 80314.875),(16 79094.8),(17 80553.664),(18 79333.95),(19 81295.92),(20 80604.836),(21 82321.07),(22 80823.164),(23 82170.22),(24 81007.4),(25 82518.14),(26 81432.63),(27 82973.984),(28 81684.37),(29 82801.31),(30 81240.11),(31 82801.836),(32 81198.81),(33 82058.664),(34 80145.28),(35 81571.875),(36 80551.445),(37 81955.484),(38 81150.484),(39 83304.37),(40 82740.22),(41 84604.12),(42 83624.625),(43 85256.19),(44 83982.625),(45 85949.44),(46 84852.1),(47 85779.75),(48 83915.67),(49 84730.805),(50 83331.625),(51 84283.13),(52 82492.83),(53 84175.56),(54 84260.65),(55 87057.05),(56 86974.61),(57 89567.33),(58 89327.63),(59 92098.6),(60 92261.484),(61 94761.19),(62 94193.43),(63 96905.17),(64 96435.59),(65 97643.19),(66 96039.22),(67 98071.81),(68 97858.336),(69 100371.96),(70 99591.78),(71 101440.25),(72 100654.3),(73 102716.75),(74 101988.84),(75 103387.3),(76 101969.484),(77 103966.13),(78 103009.23),(79 104512.75),
(1 8403.29),(2 16542.2),(3 26839.309),(4 32544.654),(5 39574.445),(6 44190.094),(7 50865.324),(8 54370.61),(9 60358.395),(10 62594.805),(11 66720.42),(12 67644.1),(13 70824.63),(14 71161.25),(15 73892.63),(16 73278.836),(17 75281.95),(18 74310.99),(19 76072.58),(20 75351.64),(21 77169.76),(22 75729.3),(23 77011.445),(24 75529.555),(25 76206.836),(26 74677.984),(27 76079.66),(28 74858.9),(29 76185.8),(30 74755.87),(31 75863.79),(32 74545.734),(33 76401.71),(34 75084.484),(35 76569.695),(36 75590.09),(37 77078.164),(38 76129),(39 77883.61),(40 77272.93),(41 79010.92),(42 77737.56),(43 78965.445),(44 77990.984),(45 79202.04),(46 77750.09),(47 79343.69),(48 78570.56),(49 79248.92),(50 77236.875),(51 78581.92),(52 78271.8),(53 80401.125),(54 80044.36),(55 81984.95),(56 81798.55),(57 84176.516),(58 83724.22),(59 86612.23),(60 86660.63),(61 89205.36),(62 89013.59),(63 90873.266),(64 89953.82),(65 91375.63),(66 90239.42),(67 91873.95),(68 91107.08),(69 92441.97),(70 90951.03),(71 92845.85),(72 91785.766),(73 93685.86),(74 92253.15),(75 93998.38),(76 92903.56),(77 94277.625),(78 93323.05),(79 95224.76),
(1 8310.214),(2 16341.814),(3 26163.365),(4 31640.566),(5 38233.938),(6 42487.02),(7 48852.008),(8 52712.777),(9 58532.754),(10 61524.32),(11 66131.37),(12 67888.01),(13 71232.71),(14 71820.164),(15 74586.76),(16 74234.234),(17 76041.81),(18 75192.45),(19 76414.49),(20 75425.77),(21 76855.36),(22 76063.9),(23 77741.77),(24 76917.45),(25 77724.22),(26 76804.62),(27 78221.79),(28 77584.54),(29 78966.48),(30 78260.8),(31 79772.445),(32 79484.53),(33 81674.164),(34 81355.336),(35 82991.32),(36 82003.945),(37 83170.664),(38 82690.01),(39 84896.234),(40 84795.38),(41 86333.74),(42 86373.305),(43 87967.17),(44 86996.125),(45 88068.8),(46 86956.68),(47 87236.18),(48 85529.266),(49 86511.62),(50 84966.16),(51 85982.5),(52 84918.15),(53 86288),(54 85993.66),(55 87461.62),(56 86725.79),(57 88415.42),(58 87690.25),(59 89131.7),(60 88310.516),(61 90095.086),(62 89824.24),(63 91155.23),(64 90600.56),(65 91866.734),(66 91094.24),(67 92485.57),(68 92153.7),(69 94131.41),(70 93552.62),(71 95488.734),(72 95018.78),(73 96791.34),(74 96588.836),(75 98593.29),(76 98182),(77 99279.055),(78 98862.96),(79 100647.98),
(1 8355.121),(2 16572.732),(3 26956.701),(4 32797.676),(5 40094.1),(6 44703.836),(7 50589.18),(8 53988.36),(9 58869.703),(10 60858.117),(11 64964.02),(12 66243.37),(13 69349.54),(14 69627.84),(15 72052.14),(16 72078.25),(17 73932.08),(18 72934.29),(19 74436.48),(20 73604.46),(21 75584.766),(22 75074.484),(23 76553.78),(24 75642.12),(25 76718.59),(26 76079.89),(27 77537.875),(28 76987.76),(29 79054.46),(30 78433.414),(31 80055.33),(32 79247.56),(33 80702.16),(34 79831.06),(35 81215.875),(36 80358.21),(37 82403.625),(38 82099.09),(39 84379.21),(40 83504.41),(41 85243.07),(42 85209.71),(43 86743.47),(44 85824.02),(45 87392.54),(46 86764.66),(47 87795.04),(48 87039.41),(49 88445.79),(50 87006.766),(51 88591.234),(52 88428.18),(53 90636.76),(54 90220.78),(55 91956.41),(56 91349.79),(57 93489.59),(58 93057.52),(59 94355.64),(60 93806.49),(61 95288.305),(62 94968.055),(63 97006.305),(64 96300.93),(65 97813.63),(66 97297.805),(67 98838.99),(68 98485.03),(69 100913.23),(70 100829.08),(71 102999.37),(72 102206.59),(73 103565.91),(74 103069.22),(75 104428.67),(76 103323.41),(77 104333.02),(78 104086.83),(79 105990.79),
(1 8125.2715),(2 16733.998),(3 27203.172),(4 33629.684),(5 41348.69),(6 46156.727),(7 52305.902),(8 55487.973),(9 60442.367),(10 62653.336),(11 66894.43),(12 68455.24),(13 71609.695),(14 71991.98),(15 74518.61),(16 74558.55),(17 76212.055),(18 75105.94),(19 76229.03),(20 74963.91),(21 76608.25),(22 75788.41),(23 77010.26),(24 76015.01),(25 77191.1),(26 75988.32),(27 76876.19),(28 75824.414),(29 77106.34),(30 75897.54),(31 77334.33),(32 76644.97),(33 78410.25),(34 77550.56),(35 79166.68),(36 78163.71),(37 79866.3),(38 79101.15),(39 80757.555),(40 79993.66),(41 81679.78),(42 81062.85),(43 82420.57),(44 81323),(45 82885),(46 81911.47),(47 82686.43),(48 81462.555),(49 82685.38),(50 81674.03),(51 82980.65),(52 82326.4),(53 84146.31),(54 83355.64),(55 84892.805),(56 84192),(57 86279.125),(58 86011.56),(59 88357.695),(60 88414.12),(61 90055.305),(62 89455.16),(63 91761.49),(64 91507.29),(65 93390.07),(66 92646.74),(67 93907.81),(68 93189.89),(69 94895.92),(70 94317.21),(71 95950.17),(72 94317.984),(73 95418.76),(74 94280.54),(75 95137.016),(76 94010.56),(77 95347.09),(78 95095.06),(79 96854.2),
(1 7835.6665),(2 15274.606),(3 25029.473),(4 30286.639),(5 37254.758),(6 41393.5),(7 47319.707),(8 49992.39),(9 54900.297),(10 56708.758),(11 60793.97),(12 61881.23),(13 65011.344),(14 65554.88),(15 67945.234),(16 68104.266),(17 70344.29),(18 69274.26),(19 70716.39),(20 69486.33),(21 70953.31),(22 69649.28),(23 70630.766),(24 69246.87),(25 70358.67),(26 68774.19),(27 70262.68),(28 68884.14),(29 70478.18),(30 69412.33),(31 70866.914),(32 69828.375),(33 71871.55),(34 70815.39),(35 72545.32),(36 71737.82),(37 73425.94),(38 72206.66),(39 74731.96),(40 74028.3),(41 76170.25),(42 75071.305),(43 76466.06),(44 74615.59),(45 75740.664),(46 73811.98),(47 74823.76),(48 73322.61),(49 74587.48),(50 73491.945),(51 75592.37),(52 74045),(53 75647.305),(54 74284.586),(55 76328.02),(56 75395.41),(57 77692.74),(58 76613.35),(59 78384.086),(60 77503.305),(61 79315.13),(62 78465.89),(63 80948.5),(64 80098.71),(65 82513.555),(66 81233.17),(67 82770.03),(68 81857.21),(69 84222.82),(70 83144.74),(71 84885.445),(72 83402.98),(73 85387.79),(74 84111.12),(75 85811.19),(76 84296.7),(77 85756.13),(78 84593.52),(79 85978.28),
(1 7619.6953),(2 14716.977),(3 23635.156),(4 28461.979),(5 34941.805),(6 38654.133),(7 44663.133),(8 47486.64),(9 52798.99),(10 55119.457),(11 59648.47),(12 61507.63),(13 64905.516),(14 65319.58),(15 67801.5),(16 67493.13),(17 69394.74),(18 68532.44),(19 70404.87),(20 69593.11),(21 71218.625),(22 69877.55),(23 71116.24),(24 69813.48),(25 70479.24),(26 68897.016),(27 70262.21),(28 69419.81),(29 70752.82),(30 69708.984),(31 70916.53),(32 69724.24),(33 71226.45),(34 69964.8),(35 71387.63),(36 70769.59),(37 72230.79),(38 71135.35),(39 72900.21),(40 72027.19),(41 73572.15),(42 72253.46),(43 73379.41),(44 72164.74),(45 73012.05),(46 71405.305),(47 72688.3),(48 71664.79),(49 72780.91),(50 71466.69),(51 73358.97),(52 72402.484),(53 74019.16),(54 73742.016),(55 75739.15),(56 75411.77),(57 77964.74),(58 77573.47),(59 79595.914),(60 79271.27),(61 81619.29),(62 81376.81),(63 83298.766),(64 82787.91),(65 84755.664),(66 84135.65),(67 85932.08),(68 85438.7),(69 87319.08),(70 86533.16),(71 88038.766),(72 86496.664),(73 87549.15),(74 86042.79),(75 87321.47),(76 86208.54),(77 88059.21),(78 87803.54),(79 88940.59),
(1 7265.5117),(2 14549.585),(3 23495.773),(4 28492.45),(5 35121.36),(6 38766.28),(7 44645.83),(8 47817.207),(9 52584.426),(10 54817.516),(11 58891.23),(12 60190.23),(13 63186.656),(14 63669.125),(15 66090.305),(16 65826.15),(17 67961.516),(18 67216.164),(19 68675.76),(20 67212.14),(21 68401.48),(22 67281.49),(23 69016.93),(24 68120.07),(25 69439.85),(26 68790.8),(27 70255.016),(28 69936.875),(29 71360.36),(30 70353.6),(31 71563.66),(32 70530.34),(33 72042.78),(34 71342.38),(35 73078.78),(36 72461.87),(37 73591.79),(38 72489.77),(39 73995.27),(40 73162.63),(41 74800.03),(42 73990.7),(43 75052.875),(44 73664.71),(45 74444.85),(46 73466.37),(47 74662.984),(48 73135.54),(49 74034.445),(50 72817.39),(51 74127.32),(52 73150.8),(53 74160.625),(54 73324.01),(55 74694.984),(56 73910.23),(57 75112.66),(58 74200.47),(59 75573.35),(60 75164.03),(61 76720.76),(62 76459.07),(63 78317.836),(64 78238.6),(65 80254.9),(66 80005.95),(67 81542.89),(68 80979.914),(69 82415.07),(70 81859.66),(71 83831.81),(72 83359.57),(73 84995.53),(74 84167.27),(75 85784.875),(76 84988.32),(77 86060.81),(78 85462.81),(79 86459.664),
(1 7274.025),(2 14682.853),(3 24167.668),(4 29670.766),(5 36754.82),(6 40564.855),(7 46417.035),(8 49514.387),(9 54347.72),(10 56510.57),(11 60549.44),(12 61596.2),(13 64414.48),(14 64523.145),(15 66854.625),(16 66518.03),(17 68494.82),(18 67677.24),(19 69151.055),(20 67383.58),(21 68264.77),(22 66492.97),(23 67575.71),(24 66271.29),(25 66999.67),(26 65494.676),(27 66691.12),(28 65696.56),(29 66884.02),(30 65629.69),(31 67076.414),(32 66085.66),(33 67803.164),(34 67221.46),(35 69085.09),(36 67941.164),(37 69114.08),(38 68017.74),(39 69679.67),(40 69230.266),(41 71256.47),(42 70992.695),(43 72529.42),(44 71135.625),(45 72417.11),(46 71628.43),(47 72699.52),(48 71683.23),(49 72957.94),(50 71487.92),(51 72471.57),(52 71179.45),(53 72170.53),(54 71370.195),(55 73145.54),(56 72192.32),(57 73955.36),(58 73403.13),(59 75017.305),(60 74352.79),(61 75922.45),(62 75631.555),(63 77511.71),(64 77261.76),(65 79192.68),(66 78481.875),(67 79815.76),(68 79282.29),(69 80776.54),(70 79866.76),(71 81342.34),(72 80328.766),(73 81553.52),(74 80662.92),(75 82192.78),(76 81411.484),(77 82504.414),(78 81716.35),(79 82770.82),
(1 7360.8535),(2 14865.072),(3 24239.686),(4 29636.762),(5 36416.055),(6 40164.55),(7 46103.527),(8 49584.504),(9 54554.785),(10 56919.504),(11 60734.055),(12 61794.598),(13 64611.453),(14 65085.72),(15 67868.31),(16 67797.555),(17 69507.89),(18 68586.85),(19 69979.33),(20 68605.49),(21 69193.05),(22 67982.86),(23 69360.484),(24 68239.58),(25 69280.14),(26 68290.195),(27 69739.5),(28 69011.18),(29 70492.695),(30 69561.37),(31 71212.58),(32 70525.23),(33 72450.22),(34 71508.53),(35 73174.35),(36 71974.445),(37 73530.13),(38 72707.86),(39 74978.664),(40 74670.336),(41 76384.164),(42 75429.01),(43 76576.87),(44 75246.24),(45 76237.914),(46 75145.625),(47 75985.09),(48 74341.12),(49 75223.61),(50 73756.45),(51 74884.09),(52 73258.03),(53 73934.74),(54 72575.63),(55 74133.92),(56 73327.43),(57 75265.29),(58 74798.69),(59 76770.77),(60 76390.91),(61 78894.98),(62 78935.02),(63 81561.055),(64 81654.34),(65 83629.95),(66 82743.28),(67 84261.484),(68 83745.71),(69 85319.32),(70 84352.26),(71 86028.15),(72 85356.555),(73 86686.61),(74 85793.67),(75 87336.38),(76 86791.37),(77 88740.164),(78 88189.69),(79 89380.75),
(1 7179.433),(2 14443.196),(3 23661.283),(4 28538.314),(5 34997.684),(6 39007.715),(7 44649.1),(8 47071.484),(9 51000.37),(10 52523.055),(11 55964.336),(12 56670.375),(13 59405.996),(14 59899.793),(15 61982.69),(16 61691.9),(17 63392.434),(18 62890.176),(19 64278.46),(20 63364.707),(21 64990.305),(22 64431.453),(23 66027.64),(24 65508.734),(25 66611.02),(26 65645),(27 66553.3),(28 65744.63),(29 67075.59),(30 66346.54),(31 67821.93),(32 67004.49),(33 68679.11),(34 67760.56),(35 69463.63),(36 68954.055),(37 71026.63),(38 70787.58),(39 72902.05),(40 72404.03),(41 73801.88),(42 72846.35),(43 74113.81),(44 72551.38),(45 73140.09),(46 71542.82),(47 71625.05),(48 70270.65),(49 70791),(50 69694.8),(51 70565.07),(52 68827.39),(53 69743.664),(54 68736.484),(55 70342.516),(56 69905.98),(57 71316.55),(58 70637.57),(59 72487.914),(60 72376.59),(61 74218.01),(62 73868.95),(63 75710.52),(64 74952.17),(65 76633.62),(66 76093.914),(67 77578.016),(68 77017.44),(69 78660.34),(70 77979.85),(71 79300.07),(72 78205.59),(73 79475.71),(74 78529.21),(75 79451.39),(76 78833.086),(77 80629.17),(78 80793.35),(79 81965.41),
(1 7193.513),(2 14424.65),(3 23624.975),(4 28724.37),(5 35534.605),(6 39570.758),(7 45522.38),(8 48314.26),(9 53058.31),(10 55193.582),(11 59300.96),(12 60624.973),(13 63506.18),(14 63989.664),(15 66040.05),(16 65615.695),(17 67320.51),(18 66731.43),(19 68108.37),(20 67297.41),(21 69066.83),(22 68554.984),(23 70196.23),(24 69344.164),(25 69897.92),(26 68564.414),(27 69253.24),(28 67882.74),(29 68440.95),(30 67089.55),(31 67826.734),(32 66598.234),(33 68045.12),(34 67306.12),(35 68583.77),(36 67778.93),(37 69146.99),(38 68910.66),(39 71063.35),(40 70317.36),(41 71781.05),(42 70829.69),(43 71563.984),(44 70170.484),(45 70886.836),(46 69339.99),(47 69941.48),(48 68740.94),(49 69346.9),(50 67859.66),(51 68975.11),(52 67890.58),(53 69193.3),(54 68649.52),(55 70501.95),(56 70941.14),(57 72992.11),(58 72587.58),(59 74437.95),(60 74200.68),(61 76142.76),(62 75795.27),(63 77883.03),(64 77452.57),(65 78867.43),(66 78246.664),(67 79749.98),(68 78923.72),(69 80066.42),(70 79729.836),(71 81275.14),(72 80294.34),(73 81006.96),(74 79812.84),(75 81233.35),(76 80669.836),(77 82088.69),(78 81669.53),(79 82701.01),
(1 6884.7915),(2 13643.981),(3 22270.498),(4 27178.49),(5 33678.965),(6 37639.668),(7 43593.035),(8 46577.688),(9 51473.4),(10 53789.527),(11 57582.477),(12 58363.957),(13 60878.418),(14 60781.164),(15 62433.625),(16 61723.566),(17 63093.594),(18 62667.43),(19 63903.492),(20 63155.137),(21 64611.348),(22 63910.715),(23 65338.965),(24 64619.31),(25 65713.5),(26 64960.9),(27 66053.12),(28 65039.24),(29 66389.45),(30 64992.29),(31 65824.19),(32 64481.71),(33 65728.305),(34 64689.45),(35 65765.164),(36 64760.37),(37 66205.38),(38 65528.926),(39 67556.44),(40 67087.81),(41 69169.71),(42 68539.57),(43 70209.04),(44 69457.89),(45 70902.15),(46 70011.88),(47 70922.83),(48 69762.945),(49 70915.38),(50 69716.41),(51 71189.38),(52 70199.15),(53 71642.53),(54 71178.84),(55 73201.56),(56 72923.63),(57 74811.02),(58 74149.93),(59 76261.88),(60 76351.055),(61 78381.42),(62 77929.266),(63 80221.625),(64 80132.06),(65 81354.88),(66 79944.38),(67 81107.17),(68 80297.375),(69 81724.22),(70 80747.17),(71 81816.67),(72 80770.99),(73 81992.15),(74 80942.37),(75 82035.336),(76 81341.016),(77 83019.23),(78 82720.85),(79 83534.17),
(1 6677.209),(2 13176.112),(3 21420.496),(4 25891.13),(5 31627.11),(6 34818.707),(7 39915.246),(8 42307.414),(9 46459.11),(10 48114.11),(11 51379.594),(12 51923.03),(13 54443.453),(14 54796.55),(15 56632.34),(16 56176.887),(17 58256.273),(18 58120.01),(19 59736.18),(20 59236.426),(21 61028.703),(22 60670.766),(23 62130.887),(24 61494.59),(25 62492.73),(26 61871.63),(27 63114.813),(28 61665.715),(29 62778.742),(30 61822.645),(31 63093.48),(32 62281.867),(33 63808.23),(34 62927.152),(35 63949.004),(36 63143.18),(37 64526.258),(38 63855.82),(39 65657.96),(40 65248.316),(41 66349.24),(42 65553.42),(43 66710.02),(44 65665.79),(45 67197.88),(46 66230.98),(47 67472.53),(48 66550.17),(49 67476.18),(50 66312.336),(51 67826.87),(52 66896.66),(53 68366.516),(54 67318.555),(55 68445.39),(56 67202.68),(57 68471.79),(58 67394.51),(59 69003.59),(60 68334.98),(61 70367.1),(62 69556.484),(63 71486.195),(64 71399.77),(65 73425.41),(66 72514.35),(67 74262.39),(68 73602.484),(69 75148.55),(70 74587.195),(71 75882),(72 75230.945),(73 76579.2),(74 75440.42),(75 76972.914),(76 76075.59),(77 77763.19),(78 76856.77),(79 78369.35),
(1 6651.566),(2 12874.868),(3 20830.428),(4 24896.338),(5 30888.572),(6 34236.785),(7 39414.375),(8 41763.824),(9 45839.41),(10 47458.04),(11 50622.34),(12 51188.594),(13 53798.27),(14 54233.477),(15 56260.023),(16 56144.758),(17 58130.34),(18 57988.703),(19 59908.543),(20 59432.23),(21 61192.39),(22 60345.543),(23 61697.434),(24 60737.285),(25 62002),(26 61388.93),(27 62961.97),(28 61883.867),(29 63135.11),(30 62187.383),(31 63411.363),(32 62397.742),(33 63887.09),(34 63120.08),(35 64301.273),(36 63534.07),(37 64557.84),(38 63496.434),(39 64836.516),(40 64033.406),(41 65345.418),(42 64951.234),(43 66409.03),(44 65612.43),(45 66733.55),(46 65659.88),(47 66694.914),(48 65306.023),(49 66281.71),(50 65115.645),(51 66460.87),(52 65709.53),(53 66886.164),(54 66279.29),(55 67971.42),(56 67430.21),(57 68751.25),(58 67938.19),(59 69576.18),(60 69168.75),(61 71104.7),(62 70335.336),(63 72053.76),(64 71816.75),(65 73538.34),(66 72537.86),(67 73817.94),(68 73145.79),(69 74535.37),(70 73512.51),(71 74653.03),(72 73740.22),(73 75014.62),(74 74116.555),(75 75282.49),(76 74442.49),(77 75883.37),(78 75123.55),(79 76730.25),
(1 6721.709),(2 13104.231),(3 21212.031),(4 25465.93),(5 31574.889),(6 35035.836),(7 40391.44),(8 42779.832),(9 46903.69),(10 48938.01),(11 52698.844),(12 53510.215),(13 55919.313),(14 55910),(15 57466.04),(16 56916.496),(17 58322.89),(18 57773.56),(19 59449.32),(20 58657.395),(21 60042.21),(22 59243.098),(23 60723.234),(24 60198.094),(25 61695.25),(26 61322.79),(27 62672.54),(28 62004.34),(29 62903.773),(30 61658.055),(31 62407.324),(32 61777.83),(33 63463.8),(34 62876.8),(35 64415.746),(36 64268.68),(37 65554.94),(38 65167.03),(39 66824.05),(40 66170.81),(41 66885.19),(42 66405.664),(43 67477.61),(44 66553.72),(45 67269.74),(46 66268.19),(47 66947.766),(48 65784.56),(49 66920.33),(50 65890.125),(51 67260.625),(52 66162.26),(53 67386.164),(54 66952.5),(55 68155.96),(56 67940.484),(57 69091.65),(58 68451.11),(59 70234.8),(60 69930.53),(61 71415.414),(62 71345.72),(63 73021.5),(64 72489.8),(65 73630.53),(66 73096.01),(67 74275.98),(68 73246.836),(69 74322.91),(70 73499.445),(71 74814.05),(72 74445.06),(73 75893.41),(74 75598.195),(75 77013.87),(76 76410.64),(77 77398.8),(78 76731.46),(79 78226.42),
(1 6437.621),(2 12583.22),(3 20726.549),(4 25127.285),(5 31418.66),(6 35315.72),(7 40715.29),(8 42948.22),(9 47003.203),(10 48729.355),(11 52234.805),(12 52913.45),(13 55242.01),(14 55260.797),(15 56859.633),(16 56502.094),(17 58023.156),(18 57559.57),(19 59178.35),(20 58327.57),(21 59725.973),(22 59183.043),(23 60623.938),(24 60185.49),(25 61412.43),(26 60673.676),(27 61952.66),(28 61683.074),(29 63249.723),(30 62711.01),(31 63751.55),(32 62996.645),(33 64599.2),(34 63712.723),(35 65151.934),(36 64630.71),(37 65828.55),(38 64937.676),(39 66300.766),(40 65656.04),(41 66898.086),(42 65987.6),(43 66889.9),(44 65618.164),(45 66504.336),(46 65437.168),(47 66402.375),(48 65386.105),(49 66127.23),(50 65231.227),(51 66515.96),(52 65718.1),(53 66985.91),(54 66332.34),(55 67585.48),(56 66762.92),(57 68089.34),(58 67799.13),(59 69588.586),(60 69351.64),(61 70988.44),(62 70758.65),(63 72510.266),(64 72631.56),(65 74240.93),(66 73847.48),(67 74892.23),(68 74504.3),(69 75808.7),(70 74938.8),(71 76686.31),(72 76426.96),(73 77542.195),(74 76746.66),(75 77884.43),(76 77015.51),(77 78039.51),(78 77747.13),(79 79480.23),
(1 6322.1685),(2 12244.919),(3 19835.014),(4 23823.639),(5 29629.252),(6 32810.387),(7 37693.207),(8 39780.98),(9 43874.582),(10 45842.746),(11 49629.715),(12 50661.75),(13 53352.105),(14 53806.906),(15 55558.05),(16 55098.44),(17 56405.016),(18 56099.926),(19 57555.51),(20 56653.297),(21 57711.47),(22 56766.98),(23 58169.97),(24 57168.28),(25 58095.168),(26 57540.344),(27 58859.027),(28 58326.36),(29 59385.113),(30 58473.848),(31 59510.547),(32 58842.277),(33 60420.543),(34 59498.734),(35 60942.91),(36 60161.55),(37 61051.363),(38 60251.234),(39 61357.53),(40 60583.42),(41 62041.574),(42 61419.652),(43 62401.746),(44 61292.87),(45 62115.12),(46 60811.78),(47 61611.99),(48 60849.574),(49 61784.844),(50 61065.113),(51 62100.715),(52 61410.28),(53 62781.145),(54 62388.56),(55 63620.613),(56 62890.613),(57 64170.637),(58 64017.465),(59 65738.99),(60 65647.445),(61 67008.25),(62 66184.32),(63 67591.984),(64 67631.555),(65 69237.74),(66 68742.305),(67 69937.76),(68 69506.86),(69 70181.26),(70 69661.96),(71 70594.336),(72 70217.984),(73 71071.695),(74 70273.88),(75 71299.89),(76 70342.37),(77 71044.66),(78 71055.07),(79 72679.74),
(1 6495.4272),(2 12498.391),(3 20310.912),(4 24778.7),(5 30835.6),(6 33907.477),(7 38678.773),(8 40566.168),(9 44390.402),(10 46199.18),(11 49687.363),(12 50685.734),(13 53533.254),(14 53984.7),(15 56271.758),(16 55907.297),(17 57302.71),(18 56374.555),(19 57879.58),(20 57109.582),(21 58558.69),(22 57720.652),(23 59373.324),(24 58723.19),(25 59929.67),(26 59507.285),(27 61261.43),(28 60707.555),(29 61707.1),(30 60615.703),(31 61930.51),(32 61036.832),(33 62671.75),(34 61615.703),(35 63056.43),(36 62262.73),(37 63423.8),(38 62382.652),(39 63873.086),(40 63426.273),(41 65132.492),(42 64563.863),(43 65940.16),(44 64409.313),(45 65379.836),(46 64109.613),(47 65070.02),(48 63922.984),(49 64451.63),(50 63021.035),(51 63832.434),(52 62471.566),(53 63462.625),(54 62687.387),(55 64019.94),(56 63705.24),(57 65482.504),(58 65314.637),(59 67301.805),(60 66981.06),(61 68639.29),(62 67970.66),(63 69630.99),(64 69201.99),(65 70890.17),(66 70309.45),(67 71949.59),(68 71258.96),(69 72109.55),(70 71043.82),(71 72239.664),(72 71891.914),(73 73017.88),(74 72304.14),(75 73447.93),(76 72780.695),(77 74155.516),(78 74280.45),(79 75797.58),
(1 6301.219),(2 12031.791),(3 19751.023),(4 24060.463),(5 30133.443),(6 33446.58),(7 38476.402),(8 40592.164),(9 44654.754),(10 46461.61),(11 50303.754),(12 51464.53),(13 54501.887),(14 54955.184),(15 56710.25),(16 56001.234),(17 57315.945),(18 56600.58),(19 58371.61),(20 57895.64),(21 59389.816),(22 58677.598),(23 60095.063),(24 59121.81),(25 60114.945),(26 59033.14),(27 60334.758),(28 59211.047),(29 60420.61),(30 59517.402),(31 60879.293),(32 59778.105),(33 61436.15),(34 60631.84),(35 62649.105),(36 62351.914),(37 64297.938),(38 63536.59),(39 65377.07),(40 64677.207),(41 66303.38),(42 65303.285),(43 66181.625),(44 64632.7),(45 65424.277),(46 63758.445),(47 64683.496),(48 63461.508),(49 64997.797),(50 63565.36),(51 64292.816),(52 63072.395),(53 64177.316),(54 63152.25),(55 64696.22),(56 63629.332),(57 65226.17),(58 64338.266),(59 66236.92),(60 65607.29),(61 67307.52),(62 66123.04),(63 67770.46),(64 67300.055),(65 68963.04),(66 67921.484),(67 69655.24),(68 69146.14),(69 70716.49),(70 69410.21),(71 70637.234),(72 69910.86),(73 71369.36),(74 70012.62),(75 70994.164),(76 69468.89),(77 70617.18),(78 70144.56),(79 71980.984),
(1 6220.6953),(2 12136.83),(3 19802.473),(4 23950.506),(5 29618.324),(6 32663.082),(7 37649.613),(8 39888.56),(9 44029.848),(10 46022.723),(11 49557.035),(12 50491.816),(13 53051.848),(14 53143.766),(15 54855.895),(16 54230.863),(17 55610.68),(18 55108.094),(19 56701.473),(20 56028.51),(21 57559.17),(22 56665.77),(23 58203.434),(24 57528.848),(25 59101.74),(26 58423.83),(27 60060.95),(28 59046.133),(29 60335.395),(30 59275.2),(31 60477.98),(32 59512.246),(33 61159.21),(34 60222.29),(35 61835.402),(36 61272.297),(37 62513.984),(38 61131.75),(39 62514.22),(40 61386.777),(41 62742.387),(42 61644.7),(43 62928.08),(44 61648.934),(45 62588.336),(46 61521.164),(47 62465.45),(48 61282.25),(49 62852.55),(50 61717.617),(51 63057.77),(52 62084.816),(53 63635.67),(54 62757.97),(55 64217.99),(56 63754.383),(57 65460.215),(58 64727.3),(59 66542.22),(60 66128.27),(61 67708.86),(62 66859.49),(63 68536.6),(64 67987.7),(65 69445.73),(66 68510.92),(67 70046.41),(68 69442.68),(69 70742.05),(70 69477.6),(71 70510.06),(72 69531.92),(73 70620.805),(74 69666.32),(75 70974.17),(76 69704.586),(77 70889.04),(78 70359.44),(79 71868.74),
(1 6004.3086),(2 11725.817),(3 19081.992),(4 23222.918),(5 28970.828),(6 32253.86),(7 37467.047),(8 40019.637),(9 44115.63),(10 46174.453),(11 49577.547),(12 50574.66),(13 52828.67),(14 52961.504),(15 54456.832),(16 53860.164),(17 54955.67),(18 54272.11),(19 55969.977),(20 55426.34),(21 56964.496),(22 56277.69),(23 57638.68),(24 57021.918),(25 58320.594),(26 58057.137),(27 59328.63),(28 58476.516),(29 59368.156),(30 58541.895),(31 59833.81),(32 59396.367),(33 61205.363),(34 61076.08),(35 62532.074),(36 61515.992),(37 62094.88),(38 61106.88),(39 62128.082),(40 61150.813),(41 62013.79),(42 61115.555),(43 61739.84),(44 60439.43),(45 60959.516),(46 59380.156),(47 59776.43),(48 58318.016),(49 59383.465),(50 58292.75),(51 59285.89),(52 58584.293),(53 59849.984),(54 58719.375),(55 60019.625),(56 59774.86),(57 61504.508),(58 61233.65),(59 63173.527),(60 63340.875),(61 65180.98),(62 64817.082),(63 66554.28),(64 66095.04),(65 67827.77),(66 67493.22),(67 69437.34),(68 68834.18),(69 70218.02),(70 69284.28),(71 70901.56),(72 70002.79),(73 70580.42),(74 69272.16),(75 70391.164),(76 68770.36),(77 69588.83),(78 68798.87),(79 70145.586),
(1 6169.7627),(2 11791.863),(3 19375.568),(4 23502.836),(5 29303.256),(6 32409.459),(7 37216.79),(8 39290.43),(9 43225.703),(10 44892.168),(11 48251.113),(12 48974.313),(13 51263.652),(14 51509.684),(15 53364.938),(16 53175.176),(17 54575.44),(18 54017.33),(19 55462.26),(20 54622.543),(21 56244.703),(22 55254.37),(23 56386.92),(24 55565.855),(25 56698.414),(26 56136.71),(27 57527.28),(28 56656.9),(29 57957.383),(30 57291.23),(31 58829.293),(32 58435.684),(33 59887.406),(34 59447.31),(35 61021.82),(36 59898.277),(37 60277.754),(38 59156.152),(39 60501.383),(40 59522.574),(41 60452.688),(42 59353.258),(43 60349.176),(44 58895.31),(45 59642.22),(46 58037.01),(47 58831.72),(48 57775.734),(49 58803.87),(50 57841.117),(51 58743.46),(52 57796.953),(53 58981.64),(54 57915.875),(55 59373.047),(56 58983.492),(57 60547.875),(58 59968.145),(59 61767.734),(60 61310.676),(61 62933.63),(62 62160.89),(63 63860.973),(64 63318.742),(65 64866.273),(66 63857.805),(67 65229.523),(68 64188.617),(69 65267.832),(70 64225.43),(71 65458.75),(72 64835.184),(73 66290.266),(74 65322.965),(75 66402.64),(76 65356.395),(77 66472.75),(78 65766.75),(79 67648.57),
(1 5941.9487),(2 11387.751),(3 18705.605),(4 22591.848),(5 28292.498),(6 31288.22),(7 35798.03),(8 37513.21),(9 40946.215),(10 42421.94),(11 45778.887),(12 46812.023),(13 49183.723),(14 49458.527),(15 51018.285),(16 50507.355),(17 51909.266),(18 51337.797),(19 52694.926),(20 51906.414),(21 53344.832),(22 52617.344),(23 54076.32),(24 53174.383),(25 54328.977),(26 53633.867),(27 55131.05),(28 54214.168),(29 55136.94),(30 53922.55),(31 55241.34),(32 54743.625),(33 55929.098),(34 55230.25),(35 56892.32),(36 56049.465),(37 57116.305),(38 56269.41),(39 57813.484),(40 57280.883),(41 58539.98),(42 57741.31),(43 58961.07),(44 58079.58),(45 58808.24),(46 57412.168),(47 58091.92),(48 56806.984),(49 57643.527),(50 56275.1),(51 57543.145),(52 56593.383),(53 57576.266),(54 56405.883),(55 57791.098),(56 56772.023),(57 57901.24),(58 56988),(59 58789.875),(60 58485.695),(61 60421.125),(62 59965.566),(63 61502.79),(64 60691.83),(65 61830.918),(66 60807.676),(67 62344.023),(68 61907.035),(69 63219.063),(70 62098.793),(71 63099.832),(72 62582.08),(73 63774.695),(74 62874.65),(75 63730.363),(76 62606.89),(77 63917.277),(78 63291.785),(79 64609.19),
(1 5690.2544),(2 10512.831),(3 17213.385),(4 20359.78),(5 25275.932),(6 27626.998),(7 31485.568),(8 32796.37),(9 36125.547),(10 37341.953),(11 40242.59),(12 40642.164),(13 42943.74),(14 42737.848),(15 44389.664),(16 43780.25),(17 45298.004),(18 44760.848),(19 46405.64),(20 45552.617),(21 47186.633),(22 46544.9),(23 48240.81),(24 47599.816),(25 48816.496),(26 48084.56),(27 49647.016),(28 48793.86),(29 50211.79),(30 49704.62),(31 51314.832),(32 50809.88),(33 52448.316),(34 51852.832),(35 53106.49),(36 52181.105),(37 53163.03),(38 52356.26),(39 53922.02),(40 53119.57),(41 54452.1),(42 53696.465),(43 54826.363),(44 53708.99),(45 54781.305),(46 53611.94),(47 54333.69),(48 52916.805),(49 53922.844),(50 52632.367),(51 53622.79),(52 52563.57),(53 53650.906),(54 52794.305),(55 54111.105),(56 53650.56),(57 54955.117),(58 54334.867),(59 56002.53),(60 55698.695),(61 57753.15),(62 56920.36),(63 58208.895),(64 57425.48),(65 59141.367),(66 58279.465),(67 59746.652),(68 58924.527),(69 60025.742),(70 58991.73),(71 60320.56),(72 59855.32),(73 61051.19),(74 59872.484),(75 61062.543),(76 60027.035),(77 61019.914),(78 60048.95),(79 61652.69),
(1 5665.392),(2 10568.572),(3 17422.629),(4 20793.752),(5 25955.957),(6 28664.768),(7 32865.113),(8 34585.36),(9 37977.84),(10 39462.516),(11 42646.76),(12 43336.31),(13 45537.74),(14 45702.34),(15 47300.82),(16 46739.117),(17 47899.406),(18 47374.906),(19 48578.313),(20 48061.582),(21 49271.094),(22 48534.875),(23 49717.035),(24 49001.137),(25 49791.19),(26 49125.707),(27 50468.19),(28 49856.234),(29 51107.035),(30 50640.34),(31 52038.453),(32 51613.723),(33 53226.88),(34 52772.64),(35 54136.973),(36 53301.535),(37 54027.9),(38 53041.785),(39 54017.55),(40 53246.68),(41 54103.17),(42 53156.914),(43 53898.063),(44 52954.965),(45 53807.41),(46 52884.16),(47 53785.39),(48 52877.066),(49 54006.605),(50 53013.414),(51 53942.313),(52 52895.21),(53 53843.35),(54 53302.234),(55 54738.49),(56 54250.574),(57 55294.984),(58 54683.758),(59 56270.836),(60 56101.797),(61 57801.457),(62 57383.297),(63 58778.496),(64 58179.914),(65 59524.887),(66 58641.254),(67 59891.535),(68 59525.08),(69 60751.145),(70 59816.633),(71 60958.23),(72 60282.73),(73 61456.293),(74 60675.3),(75 61496.703),(76 60906.72),(77 62021.086),(78 61278.4),(79 62565.934),
(1 5562.57),(2 10220.958),(3 16567.049),(4 19656.242),(5 24426.229),(6 26956.96),(7 31098.11),(8 32587.412),(9 35544.816),(10 36603.832),(11 39474.125),(12 40200.055),(13 42536.547),(14 42903.64),(15 44598.87),(16 44139.64),(17 45652.64),(18 45027.75),(19 46326.168),(20 45777.566),(21 46719.125),(22 45878.53),(23 47135.67),(24 46398.12),(25 47406.777),(26 46895.81),(27 47994.633),(28 47176.813),(29 48607.1),(30 47862.957),(31 48804.566),(32 47708.207),(33 48959.324),(34 48356.496),(35 49673.555),(36 48847.09),(37 50256.625),(38 49520.832),(39 50983.25),(40 50204.55),(41 51012.957),(42 50070.72),(43 50834.965),(44 49992.12),(45 50899.73),(46 49654.188),(47 50365.465),(48 49305.74),(49 50099.895),(50 48731.26),(51 49553.473),(52 48441.543),(53 49495.484),(54 48654.945),(55 49644.332),(56 48985.613),(57 50298.426),(58 49737.008),(59 51226.18),(60 50515.14),(61 51851.27),(62 51149.883),(63 52740.49),(64 52397.49),(65 53656.203),(66 53155.273),(67 54607.496),(68 53975.496),(69 55096.13),(70 54123.023),(71 55021.96),(72 54461.406),(73 55410.273),(74 54475.637),(75 55948.57),(76 55237.992),(77 56354.33),(78 55602.14),(79 56903.984),
(1 5482.938),(2 10142.911),(3 16589.053),(4 19960.633),(5 25032.352),(6 27733.248),(7 32228.951),(8 34027.063),(9 37424.195),(10 38911.08),(11 42005.06),(12 42382.773),(13 44536.895),(14 44778.914),(15 46360.645),(16 45874.258),(17 47468.793),(18 46901.098),(19 48411.387),(20 48109.855),(21 49673.203),(22 49361.242),(23 50848.563),(24 49940.22),(25 50842.145),(26 50519.98),(27 51717.836),(28 50907.824),(29 52134.715),(30 51291.516),(31 52114.063),(32 50959.477),(33 52100.74),(34 51258.86),(35 52618.04),(36 52052.316),(37 53257.293),(38 52447.367),(39 53802.78),(40 52913.02),(41 53862.9),(42 52996.426),(43 53964.086),(44 52941.414),(45 53684.543),(46 52400.664),(47 52994.688),(48 51755),(49 52511.332),(50 51284.547),(51 52038.348),(52 51128.582),(53 52047.938),(54 51400.273),(55 52855.094),(56 52520.813),(57 53822.105),(58 53019.168),(59 54429.883),(60 53798.168),(61 55345.383),(62 55074.926),(63 56386.934),(64 56063.08),(65 57385.523),(66 56531.96),(67 57949.94),(68 57651.793),(69 58948.727),(70 58389.254),(71 59575.758),(72 59068.902),(73 60160.137),(74 59223.656),(75 60734.992),(76 59783.887),(77 60465.457),(78 59477.824),(79 60574.094),
(1 5499.63),(2 10249.665),(3 16675.436),(4 20158.28),(5 25273.947),(6 27809.664),(7 31779.129),(8 33181.438),(9 36469.246),(10 37795.48),(11 40870.113),(12 41479.375),(13 43807.09),(14 44209.54),(15 45963.957),(16 45609.195),(17 47094.402),(18 46467.48),(19 47703.957),(20 46968.293),(21 48230.156),(22 47691.902),(23 48994.258),(24 48093.125),(25 49130.4),(26 48524.902),(27 49683.96),(28 48880.047),(29 49945.273),(30 48896.09),(31 50065.516),(32 48954.22),(33 49734.54),(34 48872.72),(35 50062.63),(36 49406.227),(37 50428.773),(38 49553.16),(39 50758.395),(40 50103.81),(41 51328.28),(42 50460.74),(43 51512.4),(44 50289.176),(45 51307.65),(46 50051.004),(47 50844.793),(48 50073.496),(49 50861.35),(50 49484.707),(51 50194.94),(52 49254.03),(53 50154.563),(54 49335.992),(55 50684.535),(56 49857.613),(57 51141.582),(58 50544.98),(59 51973.453),(60 51599.85),(61 53066.547),(62 52959.297),(63 54335.82),(64 54102.605),(65 55157.03),(66 54499.78),(67 55782.668),(68 55162.15),(69 56129.07),(70 55348.26),(71 56356.113),(72 55757.13),(73 56604.363),(74 55848.57),(75 57084.645),(76 56273.82),(77 57443.004),(78 56699.78),(79 57652.117),
(1 5378.471),(2 9960.282),(3 15905.976),(4 19048.342),(5 23822.756),(6 26178.291),(7 30162.408),(8 31794.62),(9 35325.88),(10 36476.793),(11 39502.21),(12 40056.203),(13 42212.816),(14 42409.63),(15 44062.844),(16 43658.26),(17 45043.44),(18 44131.402),(19 45084.023),(20 44137.695),(21 45324.207),(22 44436.77),(23 45670.06),(24 45070.49),(25 46054.074),(26 45250.957),(27 46794.215),(28 46164.336),(29 47451.773),(30 46935.883),(31 48373.164),(32 47428.42),(33 48763.57),(34 47923.887),(35 49151.813),(36 48382.363),(37 49339.246),(38 48187.13),(39 49349.363),(40 48661.676),(41 49768.9),(42 48611.535),(43 49540.41),(44 48245.523),(45 49027.758),(46 47792.566),(47 48728.316),(48 47615.434),(49 48253.51),(50 46744.742),(51 47711.99),(52 46763.492),(53 47737.773),(54 46783.77),(55 47958.664),(56 47038.39),(57 48257.902),(58 47764.797),(59 49253.117),(60 48644.035),(61 50236.02),(62 49869.07),(63 51364.223),(64 51059.625),(65 52498.85),(66 51905.438),(67 53259.563),(68 52534.582),(69 53525.77),(70 53010.45),(71 54116.566),(72 53279.492),(73 54261.03),(74 53556.24),(75 54646.62),(76 53628.95),(77 54579.93),(78 53871.26),(79 55040.863),
(1 5329.5186),(2 9999.377),(3 16062.604),(4 19384.582),(5 24127.383),(6 26356.986),(7 30101.05),(8 31369.816),(9 34270.938),(10 35155.016),(11 37796.344),(12 38187.363),(13 40062.92),(14 39687.7),(15 41074.027),(16 40419.098),(17 41449.47),(18 40419.65),(19 41524.316),(20 40821.57),(21 42148.41),(22 41523.824),(23 42907.61),(24 42256.195),(25 43363.76),(26 42770.25),(27 44197.445),(28 43365.152),(29 44552.2),(30 43717.88),(31 44701.88),(32 43824.383),(33 44712.414),(34 43696.773),(35 44853.54),(36 44225.08),(37 45399.88),(38 44618.76),(39 45962.83),(40 45235.387),(41 46618.66),(42 45804.816),(43 46641.234),(44 45778.094),(45 46726.324),(46 45547.332),(47 46357.418),(48 45308.746),(49 46139.375),(50 44957.887),(51 45875.457),(52 44716.996),(53 45701.285),(54 44708.453),(55 45695.16),(56 45094.133),(57 46559.26),(58 45856.977),(59 47141.203),(60 46399.39),(61 47573.254),(62 46860.57),(63 48070.656),(64 47486.664),(65 48708.855),(66 48005.555),(67 48921.176),(68 48260.777),(69 49569.71),(70 48891.26),(71 50080.508),(72 49323.17),(73 50278.734),(74 49486.113),(75 50341.64),(76 49389.254),(77 50229.9),(78 49778.156),(79 50978.285),
(1 5095.2964),(2 9351.035),(3 15002.437),(4 17779.832),(5 22055.42),(6 23999.033),(7 27542.646),(8 28851.828),(9 31902.182),(10 32725.844),(11 35263.746),(12 35522.848),(13 37541.04),(14 37492.313),(15 38956.03),(16 38293.316),(17 39414.953),(18 38563.45),(19 39793.57),(20 39210.164),(21 40412.87),(22 39520.156),(23 40908.3),(24 39987.883),(25 41148.07),(26 40244.633),(27 41588.945),(28 40864.2),(29 42205.914),(30 41561.816),(31 42699.754),(32 41719.223),(33 43089.297),(34 42548.746),(35 43671.938),(36 42948.477),(37 44208.473),(38 43584.973),(39 45019.496),(40 44258.758),(41 45340.332),(42 44170),(43 44885.66),(44 43559.78),(45 44416.816),(46 43230.438),(47 44356.477),(48 43080.34),(49 44051.016),(50 42791.16),(51 43679.754),(52 42617.234),(53 43860.855),(54 42762.684),(55 43639.707),(56 42674.75),(57 43991.16),(58 43199.004),(59 44749.066),(60 44012.938),(61 45690.84),(62 44942.227),(63 46441.598),(64 45806.543),(65 47083.066),(66 46141.598),(67 47360.473),(68 46429.95),(69 47537.457),(70 46495.176),(71 47304.184),(72 46010.992),(73 46950.926),(74 46015.426),(75 47180.316),(76 46366.62),(77 47453.984),(78 46814.555),(79 48115.848),
(1 5314.9434),(2 9797.199),(3 15636.269),(4 18569.908),(5 23227.66),(6 25478.754),(7 29072.98),(8 30082.828),(9 32976.438),(10 33928.375),(11 36558.277),(12 36744.99),(13 38895.08),(14 38791.043),(15 40439.168),(16 39950.074),(17 41326.887),(18 40344.96),(19 41505.38),(20 40628.016),(21 41683.965),(22 40921.742),(23 42152.71),(24 41397.1),(25 42629.3),(26 41956.926),(27 43212.01),(28 42237.09),(29 43194.375),(30 42220.324),(31 43227.81),(32 42013.324),(33 43208.336),(34 42177.074),(35 43383.414),(36 42611.32),(37 43879.016),(38 42964.176),(39 44330.69),(40 43615.05),(41 44853.844),(42 43973.832),(43 44936.195),(44 43809.207),(45 44704.215),(46 43611.074),(47 44631.97),(48 43431.08),(49 44464.11),(50 43214.715),(51 44438.32),(52 43577.547),(53 44695.848),(54 43613.508),(55 44718.85),(56 43863.17),(57 45209.133),(58 44250.133),(59 45549.21),(60 44684.246),(61 45875.715),(62 44965.754),(63 46389.63),(64 45718.867),(65 47051.508),(66 45766.242),(67 46697.3),(68 45586.35),(69 46798.195),(70 45435.523),(71 46497.6),(72 45595.24),(73 47017.94),(74 46092.785),(75 47394.918),(76 46251.695),(77 47423.164),(78 46224.89),(79 47274.457),
(1 5054.3555),(2 9589.209),(3 15403.373),(4 18589.502),(5 23020.516),(6 25418.13),(7 29011.465),(8 30394.48),(9 33456.09),(10 34691.258),(11 37393.57),(12 37918.8),(13 40002.465),(14 40067.05),(15 41752.715),(16 41083.176),(17 42133.063),(18 41335.934),(19 42500.223),(20 41951.24),(21 43082.3),(22 42346.938),(23 43460.555),(24 42810.61),(25 43868.918),(26 43602.914),(27 45061.914),(28 44285.297),(29 45360.64),(30 44526.965),(31 45426.42),(32 44500.176),(33 45709.637),(34 45113.855),(35 46447.58),(36 45775.293),(37 46900.77),(38 46153.383),(39 47262.92),(40 46735.203),(41 47877.3),(42 46816.633),(43 47386.965),(44 46204.527),(45 46877.656),(46 45949.633),(47 46892.24),(48 46164.402),(49 47179.63),(50 46332.3),(51 47126.67),(52 46356.496),(53 47426.336),(54 46646.113),(55 47601.633),(56 46999.414),(57 48120.516),(58 47254.75),(59 48497.035),(60 47802.547),(61 48862.938),(62 48509.242),(63 49989.777),(64 49543.777),(65 50871.734),(66 50447.254),(67 51894.707),(68 51333.277),(69 52428.793),(70 51498.375),(71 52321.13),(72 51485.145),(73 52707.88),(74 52226.176),(75 53072.824),(76 52275.715),(77 53248.957),(78 52585.12),(79 53884.977),
(1 5071.732),(2 9301.465),(3 14833.658),(4 17628.318),(5 21757.998),(6 23694.6),(7 26680.33),(8 27647.158),(9 30479.29),(10 31428.303),(11 33812.97),(12 33979.97),(13 35805.984),(14 35606.92),(15 37115.17),(16 36525.402),(17 37551.547),(18 36847.3),(19 38096.465),(20 37490.348),(21 38597.504),(22 37741.656),(23 38861.477),(24 38052.074),(25 39051.152),(26 38404.477),(27 39452.27),(28 38711.16),(29 39833.234),(30 39131.89),(31 40227.168),(32 39565.016),(33 40946.91),(34 40561.016),(35 41671.14),(36 41125.156),(37 42394.117),(38 41879.473),(39 43042.727),(40 42440.17),(41 43332.2),(42 42438.03),(43 43384.043),(44 42224.207),(45 42773.28),(46 41885.48),(47 42767.59),(48 41958.145),(49 42903.05),(50 42066.75),(51 43208.266),(52 42240.12),(53 43108.523),(54 42404.395),(55 43438.504),(56 42969.38),(57 44001.215),(58 43140.676),(59 44213.6),(60 43730.72),(61 44819.824),(62 44131.31),(63 45382.1),(64 44827.535),(65 46269.547),(66 45837.445),(67 47170.453),(68 46355.55),(69 47355.3),(70 46701.36),(71 47759.06),(72 47017.72),(73 47761.11),(74 46644.89),(75 47379.598),(76 46527.598),(77 47460.402),(78 46424.42),(79 47438.53),
(1 4880.5986),(2 8803.242),(3 13863.781),(4 16632.105),(5 20733.21),(6 22523.566),(7 25385.855),(8 26433.012),(9 29272.621),(10 30132.4),(11 32586.79),(12 33005.56),(13 34912.844),(14 34848.6),(15 36467.867),(16 36104.816),(17 37196.168),(18 36512.164),(19 37936.82),(20 37296.28),(21 38290.99),(22 37305.707),(23 38377.17),(24 37685.586),(25 38806.164),(26 38424.316),(27 39829.06),(28 39349.098),(29 40747.73),(30 40366.195),(31 41274.164),(32 40777.87),(33 42244.668),(34 41565.676),(35 42796.047),(36 42124.594),(37 43033.973),(38 42407.254),(39 43667.957),(40 42887.004),(41 43820.76),(42 42962.973),(43 43774.215),(44 42875.977),(45 43524.44),(46 42751.477),(47 43644.14),(48 42725.793),(49 43711.33),(50 42914.305),(51 43948.816),(52 43192.727),(53 44224.78),(54 43541.156),(55 44651.484),(56 43974.543),(57 44981.47),(58 43937.855),(59 44743.063),(60 44083.863),(61 45179.277),(62 44382.05),(63 45367.457),(64 44640.35),(65 45691.813),(66 45001.44),(67 45963.9),(68 45148.914),(69 46132.47),(70 45378.227),(71 46748.97),(72 46274.953),(73 47251.355),(74 46298.53),(75 47138.215),(76 46230.56),(77 47009.453),(78 46273.188),(79 47157.973),
(1 4816.0645),(2 8517.011),(3 13317.487),(4 15723.628),(5 19503.875),(6 21117.895),(7 24154.328),(8 25008.033),(9 27506.371),(10 28136.361),(11 30278.62),(12 30399.018),(13 31889.637),(14 31534.588),(15 32711.498),(16 32136.936),(17 33202.63),(18 32718.377),(19 34164.7),(20 33557.91),(21 34774.137),(22 34115.555),(23 35476.53),(24 34989.777),(25 36182.664),(26 35797.082),(27 36983.703),(28 36362.56),(29 37458.438),(30 36646.83),(31 37523.71),(32 36876.438),(33 37961.902),(34 37293.13),(35 38501.098),(36 37559.965),(37 38640.836),(38 38198.58),(39 39507.82),(40 38765.426),(41 39700.64),(42 38933.305),(43 39957.695),(44 39103.723),(45 39927.973),(46 39114.355),(47 40075.54),(48 39200.766),(49 40064.88),(50 38887.098),(51 39891.33),(52 39149.785),(53 40084.926),(54 39352.047),(55 40411.426),(56 39437.94),(57 40339.402),(58 39453.72),(59 40538.813),(60 39687.785),(61 40573.535),(62 39824.234),(63 40715.496),(64 39995.684),(65 41108.695),(66 40401.125),(67 41606.285),(68 41081.9),(69 41954.016),(70 41388.547),(71 42569.07),(72 42134.793),(73 43056.973),(74 42363.49),(75 43080.645),(76 42240.383),(77 43162.633),(78 42407.61),(79 43287.285),
(1 4797.0957),(2 8332.585),(3 13157.918),(4 15395.993),(5 19280.354),(6 20910.215),(7 23937.148),(8 24619.172),(9 27185.096),(10 27802.35),(11 30016.234),(12 30197.762),(13 31851.977),(14 31446.85),(15 32815.844),(16 32208.58),(17 33382.652),(18 32914.027),(19 34336.453),(20 34047.793),(21 35558.64),(22 34949.008),(23 36140.133),(24 35345.91),(25 36452.76),(26 36041.953),(27 37254.395),(28 36476.78),(29 37671.035),(30 36848.656),(31 38063.348),(32 37289.223),(33 38290.54),(34 37642.867),(35 38665.742),(36 38021.773),(37 39365.83),(38 38867.81),(39 40161.07),(40 39549.23),(41 40720.68),(42 39960.16),(43 40635.332),(44 39613.28),(45 40233.723),(46 39221.88),(47 39890.277),(48 38670.953),(49 39313.12),(50 38079.973),(51 39126.344),(52 38367.203),(53 39528.734),(54 38816.11),(55 39869.28),(56 39217.78),(57 40599.027),(58 40108.625),(59 41339.72),(60 40686.297),(61 41615.344),(62 40675.695),(63 41436.492),(64 40478.84),(65 41385.1),(66 40600.777),(67 41524.207),(68 40639.805),(69 41686.043),(70 40686.434),(71 41633.18),(72 40709.44),(73 41690.824),(74 40959.2),(75 41841.598),(76 40727.133),(77 41533.457),(78 40647.88),(79 41677.074),
(1 4573.7705),(2 8040.9033),(3 12529.024),(4 14550.783),(5 17959.436),(6 19391.111),(7 22088.709),(8 22889.32),(9 25311.205),(10 26068.986),(11 28194.865),(12 28388.71),(13 30150.166),(14 30004.623),(15 31584.162),(16 31192.48),(17 32389.863),(18 31993.748),(19 33251.715),(20 32910.8),(21 34420.78),(22 34007.438),(23 35341.676),(24 35038.953),(25 36420.72),(26 36003.703),(27 37247.31),(28 36359.527),(29 37508.75),(30 36978.2),(31 38094.605),(32 37263.23),(33 38395.266),(34 37933.164),(35 39252.508),(36 38775.918),(37 40063.25),(38 39498.36),(39 40478.54),(40 39825.016),(41 40973.74),(42 40178.227),(43 41121.44),(44 40164.594),(45 40828.184),(46 39723.516),(47 40593.12),(48 39602.953),(49 40292.387),(50 39387.977),(51 40355.63),(52 39435.56),(53 40407.406),(54 39664.938),(55 40660.594),(56 39851.594),(57 40851.023),(58 40050.69),(59 41044.543),(60 40237.688),(61 41075.85),(62 40138.848),(63 40870.938),(64 40191.45),(65 41031.21),(66 40173.62),(67 40777.86),(68 39773.41),(69 40543.03),(70 39542.773),(71 40272.57),(72 39399.293),(73 40321.42),(74 39567.004),(75 40576.45),(76 39685.273),(77 40395.367),(78 40097.99),(79 41156.332),
(1 4501.5703),(2 7741.104),(3 12007.427),(4 13983.592),(5 17515.463),(6 18805.4),(7 21555.508),(8 22226.828),(9 24668.389),(10 25238.586),(11 27488.107),(12 27540.227),(13 29374.137),(14 29295.863),(15 30963.354),(16 30614.63),(17 31898.895),(18 31412.697),(19 32799.023),(20 32383.895),(21 33680.82),(22 33014.4),(23 34095.52),(24 33452.008),(25 34691.617),(26 34315.355),(27 35375.402),(28 34610.184),(29 35756.11),(30 35117.06),(31 36093.1),(32 35083.49),(33 36246.984),(34 35468.56),(35 36562.605),(36 35747.29),(37 36861.066),(38 36114.164),(39 37010.395),(40 36485.24),(41 37361.254),(42 36358.246),(43 37263.22),(44 36322.98),(45 36812.02),(46 35512.93),(47 36067.043),(48 34985.8),(49 35771.98),(50 34853.477),(51 35753.566),(52 34900.24),(53 35979.215),(54 35106.16),(55 36040.254),(56 35089.305),(57 36104.16),(58 35248.258),(59 36252.84),(60 35544.297),(61 36770.508),(62 36140.414),(63 37273.34),(64 36665.97),(65 38000.254),(66 37464.168),(67 38659.438),(68 37782.273),(69 38979.76),(70 38276.29),(71 39445.81),(72 38654.855),(73 39703.543),(74 38701.38),(75 39433.55),(76 38381.86),(77 39399.645),(78 38980.62),(79 40140.24),
(1 4501.6836),(2 7933.8066),(3 12365.928),(4 14401.808),(5 17947.29),(6 19397.29),(7 22267.455),(8 22953.914),(9 25419.87),(10 25832.748),(11 27811.395),(12 27807.748),(13 29432.412),(14 29126.52),(15 30668.766),(16 29985.256),(17 30967.51),(18 30443.023),(19 31622.445),(20 31100.598),(21 32296.379),(22 31484.018),(23 32517.643),(24 32054.518),(25 33432.805),(26 33006.035),(27 34320.48),(28 33547.71),(29 34638.582),(30 34042.004),(31 35014.01),(32 34269.008),(33 35426.895),(34 34414.61),(35 35650.133),(36 34972.074),(37 36033.934),(38 35421.867),(39 36742.94),(40 35969.086),(41 37016.523),(42 36068.016),(43 36467.09),(44 35450.45),(45 35975.723),(46 34824.098),(47 35622.74),(48 34752.434),(49 35551.35),(50 34697.934),(51 35528.355),(52 34826.39),(53 36045.117),(54 35224.605),(55 36183.24),(56 35124.207),(57 36205.563),(58 35314.406),(59 36240.805),(60 35463.145),(61 36514.633),(62 35630.54),(63 36649.52),(64 35798.707),(65 36685.62),(66 35892.8),(67 36736.176),(68 35860.46),(69 36941.71),(70 36267.86),(71 37292.34),(72 36529.05),(73 37502.68),(74 36364.77),(75 36983.91),(76 35835.54),(77 36580.984),(78 35938.574),(79 36920.184),
(1 4531.6045),(2 7948.564),(3 12441.84),(4 14646.039),(5 18131.135),(6 19687.205),(7 22616.836),(8 23463.42),(9 25919.227),(10 26458.072),(11 28694.873),(12 28930.924),(13 30544.947),(14 30357.887),(15 31932.904),(16 31473.162),(17 32520.19),(18 31901.781),(19 33019.17),(20 32405.668),(21 33383.094),(22 32520.43),(23 33559.973),(24 33088.016),(25 34225.51),(26 33615.723),(27 34808.64),(28 34112.574),(29 35260.78),(30 34568.69),(31 35392),(32 34598.207),(33 35659.707),(34 34818.504),(35 35909.164),(36 35261.367),(37 36275.344),(38 35603.316),(39 36597.1),(40 35751.61),(41 36401.207),(42 35356.22),(43 35962.82),(44 35025.906),(45 35783.73),(46 34774.477),(47 35538.453),(48 34697.953),(49 35569.105),(50 34612.26),(51 35549.32),(52 34799.957),(53 35648.88),(54 34684.2),(55 35627.688),(56 34984.406),(57 36049.59),(58 35340.47),(59 36179.48),(60 35449.473),(61 36676.273),(62 36070.164),(63 37056.055),(64 36472.31),(65 37338.266),(66 36473.523),(67 37183.74),(68 36091.152),(69 36911.805),(70 36162.266),(71 36892.164),(72 36064.89),(73 37079.863),(74 36243.297),(75 36971.695),(76 35954.402),(77 36913.926),(78 36236.89),(79 37161.93),
(1 4345.9985),(2 7766.5073),(3 12233.293),(4 14614.135),(5 18227.13),(6 19794.588),(7 22773.916),(8 23773.414),(9 26270.64),(10 26900.209),(11 29063.805),(12 29252.807),(13 30762.256),(14 30505.285),(15 31960.662),(16 31295.154),(17 32176.299),(18 31493.541),(19 32595.53),(20 31776.924),(21 32849.266),(22 32185.8),(23 33475.953),(24 32877.586),(25 34116.816),(26 33613.41),(27 34689.563),(28 33965.965),(29 35119.313),(30 34312.637),(31 35174.44),(32 34231.945),(33 35222.395),(34 34393.8),(35 35524.54),(36 34903.117),(37 35790.848),(38 35001.05),(39 36152.03),(40 35561.79),(41 36354.375),(42 35604.434),(43 36474.63),(44 35825.8),(45 36836.742),(46 35919.938),(47 36591.824),(48 35684.895),(49 36403.152),(50 35548.207),(51 36509.883),(52 35677.563),(53 36598.47),(54 35784.914),(55 36813.273),(56 36129.98),(57 36855.82),(58 36138.254),(59 36884.797),(60 36133.918),(61 37274.215),(62 36790.098),(63 37602.9),(64 37026.74),(65 37942.375),(66 37387.277),(67 38387.61),(68 37615.527),(69 38438.17),(70 37740.406),(71 38414.277),(72 37818.36),(73 38495.79),(74 37865.69),(75 38673.668),(76 37732.74),(77 38507.457),(78 37941.453),(79 38686.05),
(1 4251.7344),(2 7463.2437),(3 11601.084),(4 13676.887),(5 17182.988),(6 18550.61),(7 21227.455),(8 21956.313),(9 24334.861),(10 24817.082),(11 26902.045),(12 26908.947),(13 28213.438),(14 27983.182),(15 29486.441),(16 29024.838),(17 30226.203),(18 29942.768),(19 31098.848),(20 30486.455),(21 31656.049),(22 31020.623),(23 32054.992),(24 31340.361),(25 32453),(26 31918.57),(27 32813.465),(28 32103.684),(29 33231.535),(30 32676.582),(31 33860.51),(32 33298.8),(33 34494.246),(34 34053.246),(35 35351.754),(36 34919.15),(37 35941.613),(38 35323.594),(39 36522.934),(40 35836.13),(41 36944.805),(42 36049.41),(43 36767.324),(44 35837.477),(45 36566.91),(46 35651.332),(47 36282.902),(48 35342.523),(49 36026.02),(50 35181.47),(51 36220.85),(52 35428.44),(53 36397.504),(54 35627.508),(55 36445.066),(56 35440.684),(57 36043.87),(58 35046.5),(59 36023.996),(60 35312.54),(61 36280.594),(62 35674.75),(63 36453.813),(64 35701.79),(65 36715.125),(66 35944.414),(67 36947.15),(68 36287.59),(69 37036.727),(70 36102.848),(71 36968.684),(72 36035.645),(73 36633.938),(74 35710.023),(75 36431.273),(76 35427.523),(77 36296.31),(78 35712.137),(79 36651.945),
(1 4213.9077),(2 7268.4517),(3 11381.439),(4 13283.224),(5 16453.695),(6 17454.205),(7 19767.146),(8 20257.746),(9 22480.084),(10 22764.227),(11 24692.61),(12 24720.434),(13 26288.357),(14 26160.305),(15 27684.227),(16 27151.678),(17 28235.84),(18 27712.207),(19 28887.709),(20 28259.482),(21 29332.908),(22 28578.309),(23 29551.059),(24 28817.768),(25 29791.84),(26 29403.912),(27 30567.98),(28 30101.719),(29 31395.285),(30 30643.088),(31 31570.426),(32 30875.625),(33 32107.342),(34 31532.574),(35 32614.918),(36 31913.773),(37 32864.414),(38 32086.832),(39 33343.777),(40 32683.97),(41 33781.31),(42 33012.973),(43 33901.82),(44 32987.418),(45 33766.08),(46 32762.057),(47 33389.58),(48 32497.693),(49 33252.555),(50 32308.318),(51 33135.156),(52 32394.16),(53 33547.266),(54 32902.996),(55 33894.906),(56 33044.805),(57 34045.824),(58 33231.895),(59 34296.938),(60 33537.01),(61 34758.15),(62 33944.61),(63 34867.418),(64 34009.566),(65 35145.45),(66 34581.566),(67 35762.64),(68 35034.15),(69 35903.254),(70 35260.94),(71 36414.188),(72 35743.2),(73 36575.406),(74 35525.76),(75 36217.887),(76 35065.35),(77 35618.035),(78 34876.566),(79 35840.44),
(1 4044.6226),(2 6954.811),(3 10989.346),(4 12874.271),(5 16160.373),(6 17479.154),(7 20112.08),(8 20745.227),(9 22952.184),(10 23279.854),(11 25256.805),(12 25256.38),(13 26794.846),(14 26531.385),(15 28020.963),(16 27452.496),(17 28580.908),(18 28034.264),(19 29358.271),(20 28727.24),(21 29997.125),(22 29315.871),(23 30410.924),(24 29762.064),(25 30776.78),(26 30200.684),(27 31420.729),(28 30944.928),(29 32379.8),(30 31931.988),(31 33238.066),(32 32657.934),(33 33904.25),(34 33261.867),(35 34409.434),(36 33895.695),(37 34891.508),(38 34178.066),(39 35408.824),(40 34849.117),(41 35901.137),(42 35194.96),(43 36170.836),(44 35360.723),(45 36067.695),(46 35026.117),(47 35597.6),(48 34638.566),(49 35457.12),(50 34609.848),(51 35450.18),(52 34734.867),(53 35784.063),(54 35046.664),(55 35995.695),(56 35302.773),(57 36310.152),(58 35481.867),(59 36553.445),(60 35800.625),(61 36932.563),(62 36061.54),(63 37007.594),(64 36157.32),(65 37058.71),(66 36214.254),(67 36988.613),(68 36207.914),(69 37168.895),(70 36437.004),(71 37307.39),(72 36593.313),(73 37568.453),(74 36608.965),(75 37664.13),(76 36852.96),(77 37702.703),(78 36988.56),(79 37737.52),
(1 4047.2458),(2 7035.7017),(3 11144.454),(4 13091.483),(5 16443.52),(6 17852.908),(7 20382.531),(8 20960.03),(9 23226.73),(10 23669.37),(11 25612.313),(12 25746.512),(13 27171.182),(14 26863.564),(15 28120.785),(16 27461.578),(17 28523.207),(18 28135.266),(19 29373.998),(20 28937.484),(21 30186.73),(22 29653.025),(23 30872.775),(24 30456.861),(25 31356.938),(26 30900.201),(27 31944.295),(28 31184.158),(29 32303.773),(30 31710.766),(31 32861.35),(32 32375.564),(33 33572.57),(34 33210.914),(35 34253.516),(36 33659.72),(37 34457.688),(38 33664.71),(39 34562.67),(40 33965.47),(41 34702.05),(42 33807.746),(43 34658.902),(44 33810.035),(45 34328.58),(46 33342.56),(47 33857.55),(48 32866.543),(49 33442.117),(50 32347.375),(51 33113.156),(52 32285.988),(53 33281.094),(54 32447.979),(55 33239.17),(56 32401.21),(57 33240.598),(58 32242.709),(59 33258.26),(60 32538.734),(61 33551.54),(62 32808.18),(63 33896.29),(64 33124.37),(65 34016.703),(66 33378.516),(67 34389.934),(68 33686.71),(69 34399.918),(70 33473.48),(71 34432.535),(72 33626.92),(73 34648.42),(74 33874.203),(75 34767.254),(76 33993.65),(77 34842.59),(78 34182.895),(79 35246.64),
(1 3861.4814),(2 6503.4263),(3 10137.799),(4 11645.762),(5 14716.122),(6 15953.323),(7 18424.291),(8 18991.893),(9 21048.94),(10 21429.006),(11 23435.834),(12 23433.695),(13 24780.557),(14 24445.531),(15 25843.775),(16 25403.557),(17 26524.264),(18 26121.36),(19 27276.842),(20 26812.438),(21 28023.426),(22 27430.72),(23 28559.125),(24 27966.031),(25 28884.922),(26 28301.545),(27 29179.346),(28 28411.287),(29 29418.648),(30 28717.094),(31 29824.078),(32 29300.527),(33 30442.803),(34 29945.453),(35 30910.348),(36 30357.123),(37 31374.97),(38 30692.855),(39 31667.205),(40 31023.344),(41 31934.607),(42 31203.818),(43 31989.771),(44 31252.326),(45 32022.453),(46 31152.656),(47 31856.42),(48 31069.867),(49 31870.3),(50 30982.598),(51 31660.37),(52 30850.357),(53 31899.887),(54 31215.604),(55 32116.703),(56 31371.338),(57 32280.016),(58 31574.473),(59 32618.326),(60 31913.465),(61 32786.688),(62 32115.715),(63 33063.508),(64 32138.709),(65 32906.125),(66 32095.809),(67 32891.285),(68 31993.72),(69 32856.773),(70 32112.926),(71 33035.992),(72 32292.627),(73 33015.156),(74 32168.941),(75 33004.31),(76 32107.1),(77 32618.059),(78 31692.672),(79 32566.889),
(1 3843.5454),(2 6573.6865),(3 10289.334),(4 11867.068),(5 14860.938),(6 15886.711),(7 18243.549),(8 18684.4),(9 20604.078),(10 20769.031),(11 22573.365),(12 22664.826),(13 24116.475),(14 23888.639),(15 25267.74),(16 24820.582),(17 25904.283),(18 25322.787),(19 26331.586),(20 25873.664),(21 27030.512),(22 26436.436),(23 27432.23),(24 26933.475),(25 28056.871),(26 27511.012),(27 28739.951),(28 28160.867),(29 29161.357),(30 28493.87),(31 29661.732),(32 29095.273),(33 30156.613),(34 29405.537),(35 30443.576),(36 29908.012),(37 30760.51),(38 29999.316),(39 31134.746),(40 30443.994),(41 31289.553),(42 30311.47),(43 31050.01),(44 30247.566),(45 30947.96),(46 29938.475),(47 30612.168),(48 29714.658),(49 30657.172),(50 29694.367),(51 30529.389),(52 29669.832),(53 30583.87),(54 29809.432),(55 30786.615),(56 30143.979),(57 31048.855),(58 30183.686),(59 30954.838),(60 30083.438),(61 31090.379),(62 30620.79),(63 31620.693),(64 30959.262),(65 31894.135),(66 31135.908),(67 31956.713),(68 31193.87),(69 32114.729),(70 31313.842),(71 32136.955),(72 31370.607),(73 32199.129),(74 31353.096),(75 32159.172),(76 31342.354),(77 32059.55),(78 31204.586),(79 32114.523),
(1 3919.8403),(2 6646.0454),(3 10490.3125),(4 12090.084),(5 15132.958),(6 16002.863),(7 18267.078),(8 18541.229),(9 20541.229),(10 20724.064),(11 22756.088),(12 22790.799),(13 24203.602),(14 23928.637),(15 25168.363),(16 24610.273),(17 25802.113),(18 25253.965),(19 26330.227),(20 25693.506),(21 26805.02),(22 26084.072),(23 27136.42),(24 26494.031),(25 27634.871),(26 27048.246),(27 28313.293),(28 27559.627),(29 28654.203),(30 27945.016),(31 29088.06),(32 28367.563),(33 29607.094),(34 28944.105),(35 30120.309),(36 29554.28),(37 30666.596),(38 29910.563),(39 31071.6),(40 30400.363),(41 31374.287),(42 30487.777),(43 31538.229),(44 30611.486),(45 31252.969),(46 30137.664),(47 31048.469),(48 30175.64),(49 31092.012),(50 30107.342),(51 31056.809),(52 30202.512),(53 31245.217),(54 30464.678),(55 31574.922),(56 30820.94),(57 31694.125),(58 30740.475),(59 31570.422),(60 30550.842),(61 31428.723),(62 30554.467),(63 31614.582),(64 30859.748),(65 31863.094),(66 31068.861),(67 31996.309),(68 31140.52),(69 31861.096),(70 30896.248),(71 31843.475),(72 30951.664),(73 31722.889),(74 30684.494),(75 31471.436),(76 30537.957),(77 31465.926),(78 30773.004),(79 31873.666),
(1 3750.0574),(2 6387.508),(3 10024.578),(4 11599.621),(5 14467.585),(6 15417.579),(7 17640.791),(8 18042.686),(9 19901.012),(10 20071.62),(11 21842.64),(12 21852.479),(13 23119.014),(14 22816.385),(15 23929.64),(16 23289.582),(17 24316.197),(18 23715.71),(19 24720.756),(20 24052.318),(21 25074.922),(22 24341.523),(23 25280.275),(24 24565.275),(25 25569.533),(26 24943.438),(27 26049.318),(28 25509.965),(29 26540.248),(30 25990.975),(31 27070.379),(32 26511.555),(33 27599.078),(34 26934.275),(35 27985.133),(36 27510.38),(37 28579.875),(38 27847.72),(39 29044.484),(40 28346.46),(41 29151.488),(42 28357.209),(43 29175.393),(44 28317.03),(45 29000.346),(46 28056.766),(47 28858.057),(48 28077.463),(49 28872.74),(50 27908.85),(51 28703.66),(52 27935.152),(53 28789.818),(54 27979.31),(55 28743.63),(56 27947.607),(57 28758.105),(58 27961.6),(59 28792.357),(60 27888.285),(61 28821.588),(62 28137.86),(63 29059.61),(64 28352.174),(65 29339.666),(66 28618.688),(67 29528.605),(68 28774.65),(69 29671.24),(70 28814.426),(71 29757.84),(72 28878.928),(73 29601.793),(74 28753.37),(75 29727.113),(76 29098.775),(77 30060.236),(78 29326.771),(79 30286.666),
(1 3828.2732),(2 6650.1973),(3 10497.759),(4 12163.667),(5 15065.025),(6 16164.819),(7 18536.947),(8 19060.05),(9 21087.549),(10 21433.994),(11 23403.178),(12 23414.66),(13 24714.912),(14 24414.809),(15 25532.3),(16 25016.525),(17 26048.438),(18 25355.219),(19 26243.096),(20 25573.367),(21 26529.297),(22 25680.248),(23 26501.049),(24 25754.889),(25 26866.033),(26 26344.861),(27 27478.766),(28 26906.951),(29 27882.313),(30 27398.898),(31 28382.172),(32 27707.555),(33 28719.79),(34 28009.824),(35 28909.158),(36 28274.65),(37 29296.355),(38 28703.992),(39 29913.934),(40 29285.428),(41 30135.135),(42 29289.957),(43 30250.98),(44 29317.416),(45 29952.508),(46 28981.766),(47 29677.605),(48 28687.268),(49 29519.756),(50 28443.893),(51 29193.883),(52 28428.387),(53 29408.365),(54 28558.496),(55 29372.432),(56 28579.766),(57 29432.889),(58 28475.955),(59 29463.496),(60 28798.484),(61 29852.441),(62 29069.555),(63 30131.701),(64 29407.023),(65 30339.525),(66 29653.729),(67 30659.404),(68 29842.096),(69 30654.338),(70 29704.432),(71 30626.912),(72 29855.166),(73 30609.867),(74 29762.586),(75 30769.7),(76 30098.828),(77 30983.27),(78 30301.053),(79 31227.354),
(1 3638.5042),(2 6194.753),(3 9816.091),(4 11441.753),(5 14262.185),(6 15182.638),(7 17423.055),(8 17759.363),(9 19599.318),(10 19768.96),(11 21468.088),(12 21396.883),(13 22541.07),(14 22178.76),(15 23214.06),(16 22695.48),(17 23597.875),(18 23063.18),(19 24029.152),(20 23451.61),(21 24418.387),(22 23697.242),(23 24381.898),(24 23591.785),(25 24434.906),(26 23989.879),(27 25056.504),(28 24597.408),(29 25688.303),(30 25290.393),(31 26371.2),(32 25758.281),(33 26713.156),(34 26123.621),(35 26995.178),(36 26372.465),(37 27229.57),(38 26727.805),(39 27894.213),(40 27141.775),(41 27889.693),(42 27322.553),(43 28135.168),(44 27230.73),(45 27847.418),(46 27049.797),(47 27722.342),(48 26962.688),(49 27687.283),(50 26772.145),(51 27554.998),(52 26886.21),(53 27769.209),(54 27288.477),(55 28123.4),(56 27343.574),(57 28104.48),(58 27219.172),(59 27968.912),(60 27077.262),(61 27910.982),(62 27090.348),(63 27934.88),(64 27412.762),(65 28340.037),(66 27526.059),(67 28243.3),(68 27354.242),(69 28045.139),(70 27013.984),(71 27677.71),(72 26866.248),(73 27691.652),(74 26812.322),(75 27626.615),(76 26938.988),(77 27668.691),(78 27065.299),(79 27930.908),
(1 3618.6172),(2 6137.0986),(3 9807.908),(4 11398.6045),(5 14287.314),(6 15188.566),(7 17382.648),(8 17820.271),(9 19857.238),(10 20257.102),(11 21997.955),(12 21969.605),(13 23357.9),(14 23081.518),(15 24189.332),(16 23531.28),(17 24570.123),(18 24214.51),(19 25320.244),(20 24953.617),(21 26061.066),(22 25697.205),(23 26861.531),(24 26366.191),(25 27447.809),(26 27017.16),(27 28142.879),(28 27588.633),(29 28532.852),(30 27922.867),(31 28797.32),(32 28094.006),(33 28898.69),(34 28358.822),(35 29341.043),(36 28861.861),(37 29751.05),(38 29205.795),(39 30357.102),(40 29669.17),(41 30391.037),(42 29853.621),(43 30543.877),(44 29767.38),(45 30397.535),(46 29514.213),(47 30020.166),(48 29109.473),(49 29722.018),(50 28791.93),(51 29457.03),(52 28708.412),(53 29546.64),(54 28792.752),(55 29614.74),(56 28981.533),(57 29755.563),(58 29060.65),(59 30042.564),(60 29319.43),(61 30008.121),(62 29169.07),(63 29955.938),(64 29430.668),(65 30297.242),(66 29581.637),(67 30284.26),(68 29385.418),(69 29937.47),(70 29098.063),(71 29765.607),(72 29011.395),(73 29621.168),(74 28911.967),(75 29678.588),(76 28882.094),(77 29497.205),(78 28831.463),(79 29657.436),
(1 3652.001),(2 6173.7637),(3 9715.239),(4 11266.363),(5 14160.8125),(6 15102.558),(7 17184.85),(8 17479.145),(9 19344.094),(10 19553.549),(11 21342.95),(12 21341.98),(13 22637.295),(14 22285.271),(15 23479.79),(16 22995.732),(17 24150.52),(18 23797.865),(19 24952.082),(20 24617.896),(21 25748.566),(22 25322.617),(23 26305.762),(24 25952.367),(25 27018.73),(26 26754.615),(27 28009.422),(28 27544.57),(29 28743.041),(30 28416.213),(31 29422.82),(32 29025.166),(33 29950.904),(34 29385.953),(35 30237.863),(36 29536.932),(37 30312.959),(38 29680.684),(39 30804.559),(40 30253.086),(41 31102.809),(42 30454.313),(43 31167.344),(44 30306.322),(45 31062.385),(46 30336.705),(47 30891.451),(48 30159.93),(49 31000.13),(50 30204.691),(51 31097.41),(52 30450.457),(53 31030.867),(54 30390.822),(55 31105.43),(56 30274.89),(57 30976.242),(58 30303.03),(59 31074.605),(60 30343.352),(61 31032.045),(62 30289.938),(63 30953.705),(64 30268.754),(65 31041.758),(66 30305.625),(67 31018.596),(68 30312.006),(69 30916.766),(70 29962.947),(71 30578.389),(72 29938.771),(73 30603.371),(74 29992.28),(75 30803.48),(76 30042.506),(77 30797.582),(78 30142.76),(79 30968.451),
(1 3497.2388),(2 5830.202),(3 9175.266),(4 10594.867),(5 13349.748),(6 14222.3545),(7 16351.232),(8 16649.992),(9 18416.564),(10 18385.549),(11 20060.45),(12 19953.914),(13 21140.68),(14 20814.031),(15 22015.568),(16 21493.264),(17 22602.88),(18 22058.121),(19 22911.564),(20 22367.988),(21 23374.13),(22 22838.291),(23 23794.285),(24 23311.908),(25 24300.65),(26 23939.041),(27 25167.012),(28 24528.264),(29 25422.393),(30 24557.912),(31 25584.04),(32 24928.031),(33 25851.002),(34 25251.953),(35 26125.559),(36 25615.035),(37 26603.242),(38 26065.33),(39 27166.717),(40 26515.416),(41 27460.059),(42 26771.238),(43 27494.758),(44 26679.805),(45 27260.963),(46 26447.535),(47 27022.559),(48 26210.379),(49 26980.193),(50 26223.838),(51 27051.418),(52 26182.46),(53 26782.754),(54 26061.541),(55 26783.195),(56 26029.941),(57 26810.252),(58 26138.629),(59 26849.898),(60 26104.441),(61 26919.46),(62 26146.023),(63 26973.586),(64 26451.402),(65 27186.297),(66 26584.262),(67 27271.898),(68 26402.799),(69 27031.258),(70 26267.791),(71 27145.21),(72 26414.785),(73 27149.533),(74 26390.799),(75 27143.639),(76 26405.305),(77 27128.918),(78 26583.291),(79 27481.918),
(1 3498.126),(2 5789.2603),(3 9070.505),(4 10302.176),(5 13013.376),(6 13783.7295),(7 15750.826),(8 15891.331),(9 17520.484),(10 17385.793),(11 18922.24),(12 18728.477),(13 19955.05),(14 19612.584),(15 20747.588),(16 20118.102),(17 21161.188),(18 20646.574),(19 21834.111),(20 21443.84),(21 22488.996),(22 21836.264),(23 22736.832),(24 22039.074),(25 22932.512),(26 22274.168),(27 23387.7),(28 22681.84),(29 23655.316),(30 23159.338),(31 24201.727),(32 23663.201),(33 24845.133),(34 24210.172),(35 25255.057),(36 24669.025),(37 25799.852),(38 25092.953),(39 26106.617),(40 25314.531),(41 26138.209),(42 25320.373),(43 26043.875),(44 25036.111),(45 25814.975),(46 24959.832),(47 25555.203),(48 24642.035),(49 25593.422),(50 24876.988),(51 25624.7),(52 24661.313),(53 25476.508),(54 24708.578),(55 25503.037),(56 24747.498),(57 25595.26),(58 24759.785),(59 25699.863),(60 25045.84),(61 26015.27),(62 25220.629),(63 26212.076),(64 25436.902),(65 26239.863),(66 25463.56),(67 26456.613),(68 25723.754),(69 26458.12),(70 25671.566),(71 26588.459),(72 25778.445),(73 26483.383),(74 25701.828),(75 26568.875),(76 25646.834),(77 26256.656),(78 25509.91),(79 26496.012),
(1 3403.8489),(2 5544.76),(3 8614.154),(4 9882.927),(5 12541.969),(6 13183.686),(7 15085.682),(8 15206.455),(9 16757.26),(10 16627.89),(11 18086.842),(12 17734.754),(13 18770.205),(14 18519.688),(15 19713.367),(16 19173.43),(17 20151.072),(18 19583.82),(19 20714.605),(20 20251.59),(21 21405.191),(22 20977.83),(23 22014.525),(24 21503.72),(25 22465.256),(26 21842.666),(27 22893.371),(28 22313.715),(29 23195.564),(30 22666.912),(31 23658.596),(32 23023.145),(33 23964.3),(34 23373.545),(35 24245.88),(36 23678.965),(37 24569.73),(38 23880.6),(39 24740.049),(40 23953.36),(41 24602.219),(42 23767.72),(43 24411.805),(44 23552.627),(45 24182.06),(46 23407.605),(47 24146.63),(48 23384.914),(49 24220.637),(50 23491.969),(51 24340.623),(52 23664.977),(53 24484.865),(54 23803.727),(55 24613.54),(56 23999.219),(57 24899.172),(58 24175.07),(59 24909.842),(60 24169.186),(61 25022.309),(62 24306.61),(63 25185.805),(64 24534.666),(65 25323.008),(66 24564.105),(67 25379.828),(68 24652.447),(69 25398.166),(70 24816.521),(71 25774.814),(72 25044.658),(73 25813.85),(74 25129.557),(75 25946.387),(76 25183.648),(77 25788.787),(78 25042.613),(79 25823.73),
(1 3415.0051),(2 5645.243),(3 8980.365),(4 10358.225),(5 13013.09),(6 13781.558),(7 15723.946),(8 15900.294),(9 17527.354),(10 17656.32),(11 19220.547),(12 19000.842),(13 20248.396),(14 19882.443),(15 20989.76),(16 20461.994),(17 21533.45),(18 21083.875),(19 22103.518),(20 21527.535),(21 22743.727),(22 22181.854),(23 23144.146),(24 22481.902),(25 23527.908),(26 22916.69),(27 24018.992),(28 23365.842),(29 24407.309),(30 23860.771),(31 24932.203),(32 24322.887),(33 25468.344),(34 24900.643),(35 25825.219),(36 25136.441),(37 26127.7),(38 25483.854),(39 26374.664),(40 25679.666),(41 26417.465),(42 25554.213),(43 26361.166),(44 25437.13),(45 26100.06),(46 25189.27),(47 25837.732),(48 24801.082),(49 25512.678),(50 24632.75),(51 25382.21),(52 24576.84),(53 25478.17),(54 24805.293),(55 25705.814),(56 25052.97),(57 25852.34),(58 25067.443),(59 25931.918),(60 25258.186),(61 26003.332),(62 25184.803),(63 25896.846),(64 25079.238),(65 25847.646),(66 24991.45),(67 25842.225),(68 25215.197),(69 26157.193),(70 25358.402),(71 26165.719),(72 25427.883),(73 26122.984),(74 25290.695),(75 26055.824),(76 25243.691),(77 26022.553),(78 25212.605),(79 25992.912),
(1 3334.9788),(2 5629.0483),(3 8918.239),(4 10378.312),(5 12965.19),(6 13661.084),(7 15535.747),(8 15820.211),(9 17465.61),(10 17693.1),(11 19288.17),(12 19194.041),(13 20365.895),(14 20033.416),(15 21101.482),(16 20563.713),(17 21423.975),(18 20873.613),(19 21757.984),(20 21166.121),(21 22166.758),(22 21717.633),(23 22722.113),(24 22268.564),(25 23209.818),(26 22810.623),(27 23929.6),(28 23446.07),(29 24568.008),(30 24230.871),(31 25219.832),(32 24680.94),(33 25731.018),(34 25260.203),(35 26157.367),(36 25770.947),(37 26702.162),(38 26149.703),(39 27080.07),(40 26518.984),(41 27459.62),(42 26795.748),(43 27483.832),(44 26536.629),(45 27189.99),(46 26328.986),(47 27012.08),(48 26176.291),(49 26915.543),(50 26132.814),(51 26973.314),(52 26297.178),(53 27172.639),(54 26331.645),(55 27123.504),(56 26362.834),(57 27154.057),(58 26197.912),(59 26934.44),(60 26278.146),(61 26962.613),(62 26042.783),(63 26785.646),(64 26026.908),(65 26737.1),(66 26042.781),(67 26785.555),(68 26031.871),(69 26920.355),(70 26194.139),(71 27112.318),(72 26298.285),(73 26981.31),(74 26292.566),(75 27245.74),(76 26570.48),(77 27305.014),(78 26561.287),(79 27414.275),
(1 3332.1184),(2 5625.898),(3 8811.622),(4 10201.332),(5 12760.759),(6 13397.078),(7 15242.449),(8 15356.781),(9 16787.543),(10 16953.807),(11 18517.307),(12 18464.768),(13 19716.46),(14 19429.045),(15 20519.305),(16 20075.225),(17 20986.225),(18 20539.727),(19 21490.697),(20 21013.633),(21 22110.822),(22 21701.988),(23 22731.986),(24 22362.023),(25 23348.945),(26 23099.68),(27 24166.271),(28 23639.455),(29 24660.232),(30 24186.354),(31 25255.281),(32 24660.12),(33 25753.908),(34 25293.54),(35 26181.719),(36 25715.117),(37 26677.588),(38 26278.99),(39 27263.844),(40 26743.557),(41 27481.258),(42 26727.355),(43 27376.514),(44 26591.89),(45 27227.002),(46 26310.012),(47 26921.629),(48 26072.385),(49 26765.873),(50 25830.953),(51 26516.043),(52 25857.998),(53 26583.047),(54 25701.809),(55 26353.47),(56 25710.89),(57 26487.318),(58 25673.36),(59 26403.09),(60 25720.988),(61 26438.256),(62 25644.6),(63 26549.234),(64 25874.75),(65 26587.498),(66 25888.775),(67 26627.133),(68 25949.426),(69 26762.121),(70 25963.947),(71 26668.762),(72 25939.852),(73 26645.752),(74 25862.943),(75 26660.719),(76 26045.795),(77 26909.475),(78 26253.867),(79 27122.352),
(1 3223.8162),(2 5102.3696),(3 7880.8745),(4 9029.798),(5 11461.33),(6 11962.818),(7 13678.8),(8 13654.148),(9 15141.309),(10 15183.765),(11 16588.824),(12 16349.385),(13 17532.36),(14 17265.643),(15 18272.36),(16 17626.922),(17 18492.168),(18 18008.84),(19 18871.146),(20 18313.125),(21 19353.148),(22 18853.902),(23 19834.76),(24 19376.854),(25 20365.021),(26 20019.766),(27 21018.36),(28 20555.71),(29 21582.912),(30 21055.123),(31 21933.266),(32 21506.639),(33 22473.004),(34 21929.674),(35 22692.98),(36 22189.701),(37 22985.08),(38 22440.936),(39 23375.285),(40 22794.555),(41 23560.15),(42 22870.973),(43 23674.355),(44 22908.033),(45 23553.482),(46 22638.572),(47 23275.186),(48 22514.93),(49 23171.703),(50 22375.031),(51 23097.275),(52 22441.45),(53 23177.906),(54 22472.135),(55 23048.814),(56 22426.19),(57 23079.22),(58 22336.482),(59 22939.955),(60 22106.416),(61 22853.441),(62 22057.266),(63 22632.26),(64 21912.791),(65 22677.914),(66 22060.395),(67 22670.793),(68 21962.41),(69 22673.443),(70 21963.643),(71 22903.914),(72 22253.518),(73 23083.084),(74 22285.342),(75 23045.172),(76 22346.018),(77 23040.316),(78 22349.402),(79 23162.924),
(1 3191.895),(2 5122.7705),(3 8055.29),(4 9206.744),(5 11517.318),(6 12038.278),(7 13794.464),(8 13906.219),(9 15443.873),(10 15531.168),(11 16936.158),(12 16765.803),(13 17958.023),(14 17707.76),(15 18711.422),(16 18180.277),(17 19174.53),(18 18795.305),(19 19819.746),(20 19339.58),(21 20336.531),(22 19758.652),(23 20671.06),(24 20259.262),(25 21161.955),(26 20836.225),(27 21905.719),(28 21442.178),(29 22417.742),(30 21921.225),(31 22759.652),(32 22204.516),(33 23114.031),(34 22567.943),(35 23260.14),(36 22660.125),(37 23350.857),(38 22763.494),(39 23571.592),(40 22996.893),(41 23712.28),(42 23046.076),(43 23643.342),(44 22890.268),(45 23361.76),(46 22576.793),(47 23070.71),(48 22275.453),(49 22927.795),(50 22160.758),(51 22920.537),(52 22163.166),(53 22822.596),(54 22120.785),(55 22778.941),(56 21977.938),(57 22655.045),(58 21963.914),(59 22622.416),(60 21906.717),(61 22616.031),(62 21970.207),(63 22745.578),(64 22092.395),(65 22700.602),(66 22041.4),(67 22669.885),(68 21885.73),(69 22366.994),(70 21691.396),(71 22407.676),(72 21728.502),(73 22269.836),(74 21588.682),(75 22300.871),(76 21633.1),(77 22433.123),(78 21867.102),(79 22643.08),
(1 3143.5098),(2 5060.256),(3 8038.1),(4 9298.286),(5 11770.914),(6 12261.641),(7 14055.84),(8 14119.614),(9 15637.068),(10 15679.039),(11 17177.832),(12 16899.947),(13 18103.445),(14 17693.521),(15 18578.527),(16 17970.848),(17 18950.668),(18 18327.158),(19 19281.57),(20 18748.113),(21 19839.732),(22 19337.705),(23 20384.479),(24 19919.406),(25 20956.914),(26 20533.14),(27 21523.354),(28 20868.334),(29 21795.299),(30 21189.352),(31 22109.813),(32 21489.82),(33 22543.592),(34 22064.541),(35 23029.98),(36 22611.559),(37 23521.432),(38 22800.045),(39 23790.943),(40 23129.23),(41 23915.547),(42 23257.672),(43 24019.71),(44 23244.414),(45 23870.777),(46 23105.508),(47 23790.205),(48 22840.742),(49 23548.86),(50 22616.115),(51 23235.988),(52 22414.58),(53 23120.217),(54 22341.086),(55 23008.15),(56 22261.598),(57 22970.127),(58 22127.51),(59 22858.115),(60 22148.027),(61 22893.992),(62 22117.865),(63 22895.873),(64 22326.5),(65 23018.285),(66 22218.604),(67 22919.809),(68 22159.684),(69 22778.342),(70 21931.637),(71 22658.365),(72 21919.697),(73 22730.953),(74 22168.54),(75 22939.746),(76 22191.088),(77 22981.941),(78 22310.512),(79 23119.088),
(1 3059.3562),(2 4938.4297),(3 7879.5923),(4 9193.637),(5 11686.564),(6 12385.904),(7 14341.036),(8 14664.594),(9 16199.786),(10 16373.12),(11 17791.436),(12 17687.842),(13 18981.146),(14 18723.895),(15 19640.14),(16 19134.49),(17 20162.928),(18 19753.201),(19 20722.68),(20 20280.568),(21 21369.787),(22 20886.777),(23 21958),(24 21545.611),(25 22636.967),(26 22249.39),(27 23421.93),(28 22896.717),(29 23774.107),(30 23179.273),(31 24006.428),(32 23402.38),(33 24366.889),(34 23788.275),(35 24654.482),(36 24133.547),(37 24983.424),(38 24404.006),(39 25291.236),(40 24608.318),(41 25333.299),(42 24697.09),(43 25504.55),(44 24776.678),(45 25461.115),(46 24644.158),(47 25272.838),(48 24432.313),(49 25157.947),(50 24286.387),(51 24974.25),(52 24245.047),(53 24997.984),(54 24338.84),(55 25036.02),(56 24279.771),(57 24980.707),(58 24150.299),(59 24810.416),(60 24172.744),(61 25097.715),(62 24371.176),(63 25100.857),(64 24458.953),(65 25126.426),(66 24381.773),(67 25021.611),(68 24261.604),(69 24869.885),(70 24083.783),(71 24748.275),(72 23952.416),(73 24690.707),(74 24061.285),(75 24856.266),(76 24148.117),(77 24957.125),(78 24296.21),(79 25184.42),
(1 3144.9507),(2 5107.2065),(3 8104.0366),(4 9345.647),(5 11779.366),(6 12335.707),(7 14208.772),(8 14318.539),(9 15685.852),(10 15624.8),(11 17042.328),(12 16867.277),(13 18038.293),(14 17738.633),(15 18738.092),(16 18240.45),(17 19272.86),(18 18891.006),(19 19909.04),(20 19458.623),(21 20576.531),(22 20064.42),(23 21036.781),(24 20587.377),(25 21474.02),(26 20966.627),(27 21838.863),(28 21341.67),(29 22205.285),(30 21626.836),(31 22389.586),(32 21743.406),(33 22628.578),(34 22054.885),(35 22913.693),(36 22315.6),(37 23108.736),(38 22377.252),(39 23290.482),(40 22720.902),(41 23468.475),(42 22733.441),(43 23538.082),(44 22926.38),(45 23697.975),(46 23005.68),(47 23656.934),(48 22734.76),(49 23515.012),(50 22712.236),(51 23284.309),(52 22596.098),(53 23415.588),(54 22659.508),(55 23402.406),(56 22618.684),(57 23410.383),(58 22561.467),(59 23289.87),(60 22646.291),(61 23488.729),(62 22766.592),(63 23677.16),(64 22927.398),(65 23621.344),(66 22879.508),(67 23535.713),(68 22732.303),(69 23496.791),(70 22727.768),(71 23318.91),(72 22504.178),(73 23319.373),(74 22642.824),(75 23594.469),(76 22977.867),(77 23827.988),(78 23272.178),(79 24226.586),
(1 3020.2275),(2 4760.4067),(3 7547.9243),(4 8706.649),(5 10960.094),(6 11385.099),(7 12994.021),(8 13066.705),(9 14457.96),(10 14427.5205),(11 15785.735),(12 15573.717),(13 16742.63),(14 16403.066),(15 17363.602),(16 16826.7),(17 17773.35),(18 17290.482),(19 18176.512),(20 17677.127),(21 18648.93),(22 18085.523),(23 19032.15),(24 18519.623),(25 19490.455),(26 19056.848),(27 20172.938),(28 19797.068),(29 20771.693),(30 20276.018),(31 21153.611),(32 20648.9),(33 21605.652),(34 21153.238),(35 21922.941),(36 21463.71),(37 22339.238),(38 21801.953),(39 22594.203),(40 21974.156),(41 22809.27),(42 22071.158),(43 22799.88),(44 22110.678),(45 22691.4),(46 21848.518),(47 22397.375),(48 21644.262),(49 22271.277),(50 21395.879),(51 21968.867),(52 21213.367),(53 21729.201),(54 20982.908),(55 21555.79),(56 20892.428),(57 21631.4),(58 20940.074),(59 21621.217),(60 20883.264),(61 21549.096),(62 20888.99),(63 21717.832),(64 20994.855),(65 21568.7),(66 20858.295),(67 21595.332),(68 20971.969),(69 21686.963),(70 20962.75),(71 21754.31),(72 21056.607),(73 21713.725),(74 20946.332),(75 21637.943),(76 21026.15),(77 21690.334),(78 21074.965),(79 21726.662),
(1 2942.2566),(2 4705.998),(3 7336.4487),(4 8422.854),(5 10601.5625),(6 11047.846),(7 12577.547),(8 12643.5),(9 13896.815),(10 13899.124),(11 15063.699),(12 14798.194),(13 15827.459),(14 15452.95),(15 16307.004),(16 15807.727),(17 16753.152),(18 16382.954),(19 17324.139),(20 16950.47),(21 17839.996),(22 17327.008),(23 18116.848),(24 17672.025),(25 18621.385),(26 18236.832),(27 19404.992),(28 18958.21),(29 19924.895),(30 19460.51),(31 20301.973),(32 19805.912),(33 20561.273),(34 19981.168),(35 20800.973),(36 20280.494),(37 21044.04),(38 20460.902),(39 21287.49),(40 20607.229),(41 21292.58),(42 20570.049),(43 21184.037),(44 20555.262),(45 21223.762),(46 20405.154),(47 20911.164),(48 20152.086),(49 20802.973),(50 19997.852),(51 20622.41),(52 19804.191),(53 20319.502),(54 19548.895),(55 20056.678),(56 19521.664),(57 20255.592),(58 19522.07),(59 20237.861),(60 19617.328),(61 20316.025),(62 19640.232),(63 20302.684),(64 19615.121),(65 20281.725),(66 19630.725),(67 20219.898),(68 19573.414),(69 20246.576),(70 19660.982),(71 20325.643),(72 19609.215),(73 20298.451),(74 19705.885),(75 20361.236),(76 19651.63),(77 20313.773),(78 19741.643),(79 20428.424),
(1 2837.856),(2 4421.409),(3 6967.5337),(4 7888.2993),(5 9968.446),(6 10265.352),(7 11733.434),(8 11608.728),(9 12861.881),(10 12789.164),(11 14001.267),(12 13843.99),(13 14976.517),(14 14599.396),(15 15481.287),(16 15091.2),(17 15972.69),(18 15559.341),(19 16491.457),(20 16094.513),(21 17103.729),(22 16657.23),(23 17524.85),(24 16972.51),(25 17897.924),(26 17524.902),(27 18573.045),(28 18141.988),(29 19155.781),(30 18769.846),(31 19626.586),(32 19065.621),(33 19992.012),(34 19314.467),(35 20121.309),(36 19593.324),(37 20333.016),(38 19724.307),(39 20557.69),(40 20006.475),(41 20653.139),(42 19967.797),(43 20565.969),(44 19773.607),(45 20370.156),(46 19623.213),(47 20245.951),(48 19590.1),(49 20306.152),(50 19525.156),(51 20196.191),(52 19456.018),(53 20170.877),(54 19409.691),(55 20101.883),(56 19424.723),(57 19955.086),(58 19174.484),(59 19969.574),(60 19236.012),(61 19873.607),(62 19172.523),(63 19875.598),(64 18998.127),(65 19782.492),(66 19038.611),(67 19741.482),(68 19074.414),(69 19817.58),(70 19016.273),(71 19753.543),(72 19121.09),(73 19891.008),(74 19272.084),(75 20022.89),(76 19161.66),(77 19918.537),(78 19121.383),(79 19935.387),
(1 2819.3835),(2 4403.882),(3 6919.7256),(4 7737.193),(5 9693.683),(6 9937.445),(7 11305.831),(8 11148.209),(9 12359.386),(10 12285.975),(11 13508.672),(12 13263.255),(13 14308.785),(14 13967.04),(15 14976.352),(16 14499.746),(17 15372.494),(18 14929.807),(19 15781.43),(20 15350.942),(21 16268.404),(22 15809.185),(23 16660.006),(24 16207.939),(25 17278.053),(26 16931.217),(27 17966.14),(28 17517.912),(29 18551.156),(30 18135.797),(31 18980.281),(32 18549.873),(33 19439.742),(34 19013.281),(35 19840.129),(36 19281.744),(37 20029.7),(38 19520.074),(39 20400.15),(40 19915.914),(41 20712.887),(42 20193.533),(43 20821.654),(44 20170.063),(45 20690.813),(46 19870.324),(47 20431.764),(48 19760.26),(49 20296.092),(50 19539.412),(51 20227.084),(52 19574.941),(53 20188.182),(54 19619.416),(55 20208.32),(56 19641.246),(57 20322.938),(58 19573.084),(59 20153.78),(60 19499.37),(61 20118.207),(62 19422.086),(63 19964.031),(64 19220.85),(65 19853.402),(66 19145.26),(67 19804.344),(68 19159.217),(69 19834.719),(70 19112.35),(71 19644.455),(72 19076.938),(73 19624.922),(74 18916.23),(75 19485.258),(76 18840.85),(77 19569.709),(78 18962.24),(79 19682.398),
(1 2742.2434),(2 4207.2935),(3 6740.2646),(4 7565.042),(5 9604.5),(6 9898.444),(7 11381.508),(8 11202.802),(9 12375.878),(10 12326.202),(11 13617.338),(12 13311.605),(13 14417.889),(14 14017.308),(15 14943.547),(16 14435.35),(17 15388.705),(18 14891.35),(19 15834.541),(20 15375.972),(21 16388.354),(22 15925.072),(23 16835.05),(24 16336.796),(25 17316.49),(26 16872.625),(27 17814.104),(28 17264.643),(29 18288.865),(30 17792.732),(31 18592.355),(32 17948.342),(33 18833.932),(34 18242.01),(35 18956.492),(36 18390.604),(37 19220.168),(38 18612.328),(39 19413.18),(40 18734.52),(41 19370.518),(42 18668.066),(43 19321.172),(44 18591.982),(45 19173.854),(46 18374.162),(47 19037.395),(48 18269.943),(49 18845.715),(50 18096.988),(51 18795.207),(52 18058.432),(53 18733.457),(54 18076.404),(55 18758.023),(56 17981.842),(57 18603.043),(58 17835.61),(59 18429.143),(60 17685.969),(61 18353.723),(62 17683.172),(63 18447.824),(64 17702.59),(65 18300.225),(66 17605.113),(67 18298.162),(68 17606.623),(69 18256.033),(70 17553.092),(71 18208.248),(72 17548.674),(73 18237.826),(74 17621.807),(75 18288.164),(76 17536.1),(77 18169.836),(78 17586.66),(79 18412.29),
(1 2705.4163),(2 4200.866),(3 6636.198),(4 7496.6733),(5 9489.928),(6 9855.043),(7 11321.46),(8 11246.573),(9 12495.749),(10 12409.612),(11 13628.266),(12 13368.451),(13 14414.26),(14 14141.735),(15 15096.803),(16 14711.042),(17 15634.745),(18 15182.24),(19 16048.79),(20 15551.353),(21 16481.996),(22 15958.175),(23 16856.22),(24 16457.81),(25 17461.854),(26 17145.14),(27 18183.47),(28 17819.502),(29 18863.5),(30 18419.91),(31 19299.068),(32 18798.904),(33 19733.932),(34 19121.65),(35 19862.695),(36 19321.814),(37 20116.402),(38 19450.033),(39 20264.672),(40 19686.81),(41 20364.314),(42 19697.484),(43 20320.482),(44 19491.703),(45 20019.424),(46 19270.285),(47 19900.324),(48 19180.72),(49 19865.227),(50 19183.328),(51 19895.344),(52 19217.443),(53 19926.99),(54 19270.889),(55 19866.926),(56 19175.633),(57 19890.639),(58 19051.31),(59 19679.36),(60 18954.244),(61 19530.578),(62 18731.775),(63 19284.604),(64 18526.764),(65 19153.113),(66 18428.617),(67 19056.707),(68 18343.627),(69 18932.201),(70 18183.25),(71 18858.797),(72 18166.836),(73 18753),(74 18063.7),(75 18821.295),(76 18146.959),(77 18816.443),(78 18264.188),(79 19014.217),
(1 2674.5398),(2 4206.2983),(3 6654.036),(4 7505.5264),(5 9436.674),(6 9797.975),(7 11314.175),(8 11337.428),(9 12587.822),(10 12461.949),(11 13638.866),(12 13387.35),(13 14383.259),(14 14033.445),(15 15005.571),(16 14561.413),(17 15508.4375),(18 15009.765),(19 15962.296),(20 15387.161),(21 16336.033),(22 15783.447),(23 16658.572),(24 16126.409),(25 17093.71),(26 16651.213),(27 17668.926),(28 17226.08),(29 18121.092),(30 17586.357),(31 18537.01),(32 17941.738),(33 18884.473),(34 18308.21),(35 19202.344),(36 18566.74),(37 19422.373),(38 18789.72),(39 19609.664),(40 18896.875),(41 19610.768),(42 18852.686),(43 19578.98),(44 18705.074),(45 19465.148),(46 18680.643),(47 19389.715),(48 18620.666),(49 19301.563),(50 18523.389),(51 19218.4),(52 18373.547),(53 19080.76),(54 18293.328),(55 18988.73),(56 18248.688),(57 18954.174),(58 18128.443),(59 18871.902),(60 18018.324),(61 18668.432),(62 17816.395),(63 18501.568),(64 17788.137),(65 18545.033),(66 17758.775),(67 18455.951),(68 17709.375),(69 18390.852),(70 17786.234),(71 18543.367),(72 17811.51),(73 18480.533),(74 17800.072),(75 18583.012),(76 17865.01),(77 18626.205),(78 17954.576),(79 18706.26),
(1 2627.6746),(2 4001.399),(3 6337.4707),(4 7111.7266),(5 8957.811),(6 9142.433),(7 10571.426),(8 10410.346),(9 11632.043),(10 11485.1),(11 12643.911),(12 12343.55),(13 13403.129),(14 13052.646),(15 14104.828),(16 13718.398),(17 14760.129),(18 14356.058),(19 15287.054),(20 14769.015),(21 15664.183),(22 15215.71),(23 16113.473),(24 15620.725),(25 16417.209),(26 15918.71),(27 16828.738),(28 16252.369),(29 17148.668),(30 16620.445),(31 17501.484),(32 16940.908),(33 17677.318),(34 17081.559),(35 17920.264),(36 17343.664),(37 18168.447),(38 17538.375),(39 18444.855),(40 17850.217),(41 18729.416),(42 18078.295),(43 18819.805),(44 18055.002),(45 18612.963),(46 17779.867),(47 18363.072),(48 17516.87),(49 18238.236),(50 17536.254),(51 18338.164),(52 17607.69),(53 18377.639),(54 17661.814),(55 18393.014),(56 17661.68),(57 18359.531),(58 17561.795),(59 18207.69),(60 17340.266),(61 18028.9),(62 17199.998),(63 17798.527),(64 17008.744),(65 17697.713),(66 16846.816),(67 17482.863),(68 16771.129),(69 17463.12),(70 16744.992),(71 17523.705),(72 16787.68),(73 17496.059),(74 16745.543),(75 17518.129),(76 16709.848),(77 17365.438),(78 16590.66),(79 17269.78),
(1 2541.1665),(2 3860.2703),(3 6132.698),(4 6929.9673),(5 8788.923),(6 9083.102),(7 10546.899),(8 10532.008),(9 11692.638),(10 11620.801),(11 12762.335),(12 12582.65),(13 13598.654),(14 13227.045),(15 14022.9795),(16 13614.513),(17 14415.203),(18 14019.336),(19 14829.008),(20 14424.046),(21 15244.161),(22 14871.337),(23 15739.764),(24 15488.335),(25 16273.688),(26 16003.959),(27 16916.867),(28 16603.186),(29 17430.396),(30 17065.498),(31 17845.582),(32 17427.916),(33 18176.209),(34 17764.932),(35 18517.918),(36 18047.148),(37 18627.879),(38 18083.543),(39 18760.844),(40 18241.986),(41 18880.348),(42 18326.412),(43 18950.984),(44 18205.846),(45 18757.307),(46 18056.213),(47 18644.398),(48 18023.82),(49 18595.979),(50 17910.326),(51 18477.563),(52 17851.283),(53 18437.598),(54 17790.162),(55 18430.06),(56 17794.967),(57 18357.229),(58 17658.467),(59 18243.775),(60 17610.852),(61 18238.482),(62 17624.656),(63 18228.81),(64 17624.75),(65 18211.357),(66 17541.346),(67 18125.98),(68 17516.797),(69 18178.197),(70 17470.2),(71 18144.74),(72 17364.383),(73 17977.75),(74 17364.78),(75 18052.771),(76 17383.424),(77 17963.49),(78 17302.857),(79 17865.043),
(1 2470.9238),(2 3622.0986),(3 5744.926),(4 6380.8066),(5 8123.313),(6 8233.528),(7 9495.9795),(8 9370.782),(9 10523.173),(10 10357.904),(11 11442.643),(12 11133.765),(13 12125.649),(14 11706.665),(15 12578.032),(16 12127.167),(17 12937.962),(18 12466.399),(19 13309.093),(20 12890.828),(21 13807.049),(22 13313.175),(23 14132.904),(24 13744.697),(25 14569.42),(26 14115.956),(27 14990.633),(28 14533.066),(29 15316.605),(30 14781.508),(31 15560.403),(32 15061.99),(33 15773.151),(34 15325.175),(35 16035.065),(36 15535.5205),(37 16277.885),(38 15755.248),(39 16546.135),(40 15951.347),(41 16538.691),(42 15922.794),(43 16543.273),(44 15859.477),(45 16419.219),(46 15734.206),(47 16293.916),(48 15672.825),(49 16297.573),(50 15713.231),(51 16421.219),(52 15850.889),(53 16453.234),(54 15816.628),(55 16344.555),(56 15673.573),(57 16217.509),(58 15466.46),(59 15962.41),(60 15360.962),(61 15949.998),(62 15336.939),(63 15911.662),(64 15230.807),(65 15635.1045),(66 14967.44),(67 15529.754),(68 14804.694),(69 15382.441),(70 14723.034),(71 15288.488),(72 14654.463),(73 15278.469),(74 14715.87),(75 15399.057),(76 14758.449),(77 15353.311),(78 14716.015),(79 15301.768),
(1 2429.4878),(2 3622.3262),(3 5764.8037),(4 6395.956),(5 8142.508),(6 8334.579),(7 9660.168),(8 9496.466),(9 10572.057),(10 10395.378),(11 11472.318),(12 11168.241),(13 12041.623),(14 11607.61),(15 12449.808),(16 11953.863),(17 12672.031),(18 12309.058),(19 13172.182),(20 12762.708),(21 13640.932),(22 13199.982),(23 13985.74),(24 13513.676),(25 14322.182),(26 13956.188),(27 14856.519),(28 14409.428),(29 15310.314),(30 14864.103),(31 15794.448),(32 15321.444),(33 16028.458),(34 15564.26),(35 16366.101),(36 15868.976),(37 16607.412),(38 16135.457),(39 16886.883),(40 16304.746),(41 16918.248),(42 16309.941),(43 16871.98),(44 16172.422),(45 16678.037),(46 15952.047),(47 16509.326),(48 15833.478),(49 16341.396),(50 15640.275),(51 16307.388),(52 15605.011),(53 16187.377),(54 15568.9795),(55 16147.74),(56 15468.609),(57 15965.872),(58 15277.664),(59 15865.758),(60 15263.805),(61 15946.334),(62 15305.668),(63 15953.526),(64 15317.668),(65 15827.875),(66 15143.182),(67 15774.372),(68 15102.607),(69 15775.792),(70 15147.709),(71 15729.262),(72 15095.502),(73 15695.17),(74 14982.069),(75 15646.247),(76 15092.5625),(77 15686.796),(78 15064.313),(79 15632.114),
(1 2371.1328),(2 3483.8076),(3 5541.902),(4 5984.976),(5 7588.351),(6 7614.8765),(7 8885.4),(8 8635.947),(9 9711.869),(10 9473.239),(11 10508.941),(12 10184.897),(13 11052.057),(14 10573.106),(15 11374.597),(16 10872.932),(17 11639.42),(18 11236.861),(19 12101.926),(20 11613.942),(21 12479.535),(22 12051.496),(23 12885.103),(24 12402.336),(25 13152.375),(26 12755.441),(27 13677.76),(28 13283.779),(29 14083.574),(30 13591.262),(31 14394.488),(32 13833.114),(33 14657.687),(34 14276.046),(35 15098.996),(36 14503.168),(37 15224.716),(38 14690.265),(39 15517.394),(40 14988.317),(41 15674.202),(42 15114.773),(43 15763.56),(44 15015.674),(45 15591.012),(46 14939.547),(47 15509.714),(48 14805.688),(49 15346.807),(50 14641.982),(51 15364.471),(52 14693.265),(53 15349.64),(54 14701.662),(55 15285.193),(56 14579.146),(57 15176.58),(58 14470.852),(59 15055.495),(60 14394.7705),(61 15017.329),(62 14234.426),(63 14822.953),(64 14029.626),(65 14617.185),(66 13873.322),(67 14496.568),(68 13863.754),(69 14503.668),(70 13808.203),(71 14469.068),(72 13747.111),(73 14367.536),(74 13713.03),(75 14442.66),(76 13761.058),(77 14437.878),(78 13736.048),(79 14426.319),
(1 2412.6523),(2 3517.9258),(3 5696.8975),(4 6312.3003),(5 8040.1484),(6 8133.749),(7 9474.377),(8 9287.099),(9 10441.666),(10 10210.85),(11 11291.925),(12 10917.916),(13 11841.767),(14 11362.502),(15 12219.613),(16 11749.88),(17 12624.348),(18 12229.028),(19 13123.647),(20 12591.558),(21 13410.829),(22 12884.224),(23 13668.297),(24 13097.248),(25 13936.625),(26 13511.841),(27 14428.904),(28 13938.661),(29 14847.573),(30 14379.354),(31 15194.855),(32 14663.646),(33 15474.245),(34 14985.757),(35 15826.078),(36 15227.423),(37 15967.95),(38 15436.987),(39 16293.821),(40 15705.132),(41 16510.836),(42 15936.868),(43 16583.39),(44 15926.016),(45 16545.58),(46 15889.164),(47 16556.922),(48 15809.364),(49 16400.51),(50 15644.446),(51 16311.172),(52 15532.099),(53 16202.414),(54 15489.143),(55 16140.614),(56 15488.784),(57 16132.694),(58 15344.964),(59 15933.493),(60 15138.107),(61 15764.75),(62 15011.862),(63 15625.827),(64 14854.235),(65 15498.97),(66 14790.406),(67 15447.513),(68 14665.613),(69 15272.485),(70 14491.821),(71 15123.754),(72 14356.613),(73 15107.612),(74 14387.49),(75 15141.946),(76 14511.944),(77 15159.595),(78 14442.493),(79 15160.336),
(1 2382.8115),(2 3567.188),(3 5645.08),(4 6218.08),(5 7869.2603),(6 8046.9697),(7 9396.9375),(8 9266.655),(9 10368.391),(10 10189.726),(11 11284.087),(12 11004.535),(13 11902.689),(14 11516.534),(15 12370.855),(16 11948.149),(17 12708.245),(18 12313.958),(19 13153.142),(20 12726.998),(21 13576.981),(22 13177.981),(23 14010.867),(24 13707.79),(25 14607.701),(26 14242.076),(27 15135.018),(28 14765.704),(29 15524.872),(30 15173.715),(31 15861.614),(32 15285.955),(33 16092.913),(34 15673.069),(35 16388.717),(36 15918.67),(37 16593.836),(38 16062.45),(39 16703.379),(40 16143.505),(41 16782.879),(42 16246.474),(43 16908.145),(44 16202.201),(45 16776.729),(46 16070.104),(47 16701.11),(48 16045.845),(49 16613.457),(50 15944.861),(51 16538.21),(52 15832.986),(53 16391.125),(54 15659.412),(55 16253.816),(56 15598.749),(57 16105.478),(58 15440.188),(59 16023.488),(60 15342.9375),(61 15929.837),(62 15217.715),(63 15795.353),(64 15157.265),(65 15709.009),(66 14978.837),(67 15523.78),(68 14873.642),(69 15470.872),(70 14717.433),(71 15231.254),(72 14583.457),(73 15206.917),(74 14573.439),(75 15221.498),(76 14653.906),(77 15175.435),(78 14505.758),(79 15140.939),
(1 2320.5894),(2 3397.7356),(3 5365.829),(4 5874.1475),(5 7436.037),(6 7539.415),(7 8823.541),(8 8597.261),(9 9670.783),(10 9476.273),(11 10509.01),(12 10176.684),(13 11008.157),(14 10590.837),(15 11478.625),(16 11081.657),(17 11911.742),(18 11546.579),(19 12399.279),(20 11988.172),(21 12826.898),(22 12451.827),(23 13286.548),(24 12870.782),(25 13666.902),(26 13261.111),(27 14092.17),(28 13679.419),(29 14390.522),(30 13962.571),(31 14638.59),(32 14164.843),(33 14942.42),(34 14518.922),(35 15298.825),(36 14830.078),(37 15459.766),(38 14857.56),(39 15552.532),(40 15016.456),(41 15637.207),(42 15112.682),(43 15658.182),(44 15023.266),(45 15522.088),(46 14842.481),(47 15367.825),(48 14734.048),(49 15279.497),(50 14648.894),(51 15234.749),(52 14530.362),(53 15146.417),(54 14535.857),(55 15113.822),(56 14512.293),(57 15026.944),(58 14394.839),(59 14926.171),(60 14210.177),(61 14785.304),(62 14120.3955),(63 14771.168),(64 14150.22),(65 14775.466),(66 14173.885),(67 14791.708),(68 14108.846),(69 14724.1),(70 14088.215),(71 14695.561),(72 14099.154),(73 14660.903),(74 14021.262),(75 14710.266),(76 14122.04),(77 14704.055),(78 14105.55),(79 14673.734),
(1 2286.778),(2 3349.8206),(3 5300.6777),(4 5774.2646),(5 7287.016),(6 7304.932),(7 8507.403),(8 8290.24),(9 9293.708),(10 9000.056),(11 9961.23),(12 9560.189),(13 10371.319),(14 9893.6875),(15 10793.74),(16 10403.33),(17 11170.984),(18 10774.495),(19 11547.864),(20 11028.632),(21 11807.102),(22 11366.249),(23 12133.535),(24 11692.123),(25 12535.314),(26 12170.636),(27 13045.823),(28 12628.354),(29 13441.74),(30 12990.592),(31 13745.958),(32 13237.401),(33 14049.721),(34 13614.779),(35 14398.753),(36 13922.423),(37 14639.997),(38 14081.868),(39 14770.861),(40 14179.99),(41 14740.18),(42 14210),(43 14792.903),(44 14121.152),(45 14719.373),(46 14003.468),(47 14515.671),(48 13871.348),(49 14430.17),(50 13760.24),(51 14390.478),(52 13745.856),(53 14377.83),(54 13701.249),(55 14304.452),(56 13697.128),(57 14250.205),(58 13541.656),(59 14064.407),(60 13378.154),(61 13887.685),(62 13162.152),(63 13769.396),(64 13066.272),(65 13636.6455),(66 12967.067),(67 13595.256),(68 12942.306),(69 13534.078),(70 12898.082),(71 13514.331),(72 12954.603),(73 13515.706),(74 12883.753),(75 13529.441),(76 12955.255),(77 13557.398),(78 12896.971),(79 13489.64),
(1 2276.9795),(2 3302.487),(3 5267.7144),(4 5679.3765),(5 7236.3345),(6 7347.0176),(7 8622.002),(8 8374.69),(9 9430.415),(10 9157.113),(11 10151.145),(12 9769.277),(13 10610.548),(14 10189.317),(15 10970.255),(16 10507.614),(17 11274.776),(18 10867.231),(19 11727.873),(20 11270.593),(21 12177.846),(22 11748.614),(23 12546.16),(24 12097.282),(25 12877.911),(26 12476.899),(27 13313.567),(28 12824.429),(29 13635.585),(30 13177.053),(31 13889.459),(32 13455.635),(33 14221.727),(34 13793.773),(35 14550.024),(36 14087.227),(37 14729.42),(38 14230.188),(39 14981.152),(40 14548.302),(41 15227.636),(42 14625.6045),(43 15187.439),(44 14491.224),(45 15037.757),(46 14377.778),(47 14853.958),(48 14146.434),(49 14642.359),(50 13912.41),(51 14498.636),(52 13861.161),(53 14392.323),(54 13672.939),(55 14182.665),(56 13511.517),(57 14015.738),(58 13334.981),(59 13847.625),(60 13172.255),(61 13691.882),(62 13034.108),(63 13593.11),(64 12940.512),(65 13514.082),(66 12865.905),(67 13460.775),(68 12851.483),(69 13525.627),(70 12981.576),(71 13569.699),(72 12938.356),(73 13570.194),(74 12960.043),(75 13594.902),(76 12919.498),(77 13504.645),(78 12892.114),(79 13430.699),
(1 2215.864),(2 3172.0706),(3 5022.91),(4 5414.724),(5 6932.33),(6 7012.759),(7 8205.551),(8 8032.5767),(9 9024.572),(10 8723.317),(11 9667.987),(12 9353.04),(13 10175.689),(14 9789.962),(15 10632.14),(16 10236.149),(17 11036.555),(18 10617.979),(19 11380.295),(20 11016.906),(21 11801.019),(22 11361.6),(23 12134.946),(24 11723.638),(25 12504.401),(26 12077.526),(27 12914.771),(28 12352.162),(29 13127.815),(30 12650.414),(31 13386.036),(32 12915.747),(33 13651.113),(34 13199.271),(35 13898.093),(36 13451.361),(37 14081.705),(38 13574.713),(39 14214.328),(40 13675.371),(41 14230.768),(42 13629.235),(43 14188.736),(44 13521.389),(45 14057.046),(46 13395.758),(47 13894.635),(48 13198.273),(49 13668.991),(50 12990.257),(51 13499.909),(52 12897.904),(53 13448.948),(54 12823.62),(55 13347.017),(56 12808.559),(57 13317.034),(58 12726.194),(59 13276.8545),(60 12684.354),(61 13219.156),(62 12621.44),(63 13166.296),(64 12548.639),(65 13109.197),(66 12499.9795),(67 13037.101),(68 12467.293),(69 13021.732),(70 12371.202),(71 12941.817),(72 12344.533),(73 12850.735),(74 12226.897),(75 12842.748),(76 12159.219),(77 12735.765),(78 12083.338),(79 12677.068),
(1 2175.8347),(2 3115.9595),(3 4956.2974),(4 5304.737),(5 6780.964),(6 6764.0313),(7 7869.3945),(8 7589.651),(9 8576.843),(10 8269.755),(11 9216.789),(12 8855.46),(13 9685.84),(14 9311.756),(15 10189.015),(16 9760.401),(17 10574.521),(18 10154.775),(19 10979.873),(20 10546.003),(21 11354.173),(22 10870.255),(23 11689.645),(24 11211.194),(25 12064.784),(26 11633.965),(27 12481.722),(28 11884.859),(29 12729.073),(30 12263.531),(31 13120.148),(32 12595.54),(33 13362.998),(34 12852.121),(35 13560.493),(36 12995.721),(37 13671.514),(38 13176.195),(39 13910.739),(40 13326.434),(41 14033.268),(42 13467.806),(43 14074.244),(44 13369.462),(45 13873.383),(46 13146.62),(47 13608.843),(48 12854.064),(49 13378.93),(50 12658.13),(51 13251.641),(52 12532.9375),(53 13121.051),(54 12444.969),(55 13078.591),(56 12483.52),(57 13048.449),(58 12413.534),(59 13047.261),(60 12384.836),(61 12956.707),(62 12274.39),(63 12918.029),(64 12225.751),(65 12792.79),(66 12148.954),(67 12802.992),(68 12181.385),(69 12780.763),(70 12208.737),(71 12818.376),(72 12166.351),(73 12755.087),(74 12144.521),(75 12692.087),(76 12038.928),(77 12648.9375),(78 12073.945),(79 12725.424),
(1 2187.7864),(2 3082.596),(3 4916.1245),(4 5267.962),(5 6779.165),(6 6806.768),(7 7978.5874),(8 7702.773),(9 8708.667),(10 8427.392),(11 9405.817),(12 9032.319),(13 9831.9375),(14 9448.747),(15 10246.51),(16 9732.581),(17 10512.089),(18 10106.155),(19 10967.694),(20 10512.007),(21 11358.003),(22 10900.211),(23 11713.987),(24 11223.559),(25 11971.615),(26 11505.444),(27 12346.8),(28 11872.811),(29 12710.2705),(30 12235.596),(31 12972.053),(32 12418.168),(33 13224.954),(34 12726.557),(35 13494.595),(36 12913.661),(37 13626.451),(38 13027.764),(39 13745.361),(40 13092.5205),(41 13771.34),(42 13152.523),(43 13758.251),(44 13024.144),(45 13609.65),(46 12934.724),(47 13475.911),(48 12781.63),(49 13332.883),(50 12645.755),(51 13318.364),(52 12628.73),(53 13226.861),(54 12586.267),(55 13202.411),(56 12543.923),(57 13165.143),(58 12460.604),(59 13081.803),(60 12394.754),(61 13011.383),(62 12303.298),(63 12922.74),(64 12269.738),(65 12876.164),(66 12129.234),(67 12744.31),(68 12103.248),(69 12711.227),(70 12036.008),(71 12645.907),(72 11900.504),(73 12493.461),(74 11768.561),(75 12452.324),(76 11751.883),(77 12372.515),(78 11677.223),(79 12326.439),
(1 2139.1304),(2 3039.9023),(3 4871.7847),(4 5303.7144),(5 6871.978),(6 6983.493),(7 8250.268),(8 8041.921),(9 9046.797),(10 8775.931),(11 9727.465),(12 9405.936),(13 10255.702),(14 9852.363),(15 10651.392),(16 10190.072),(17 10939.141),(18 10516.652),(19 11266.379),(20 10872.988),(21 11647.857),(22 11199.425),(23 11990.424),(24 11556.68),(25 12343.124),(26 11915.451),(27 12773.847),(28 12364.36),(29 13202.123),(30 12775.828),(31 13588.881),(32 13084.702),(33 13867.235),(34 13447.24),(35 14227.77),(36 13572.372),(37 14243.187),(38 13644.977),(39 14382.832),(40 13781.838),(41 14500.182),(42 13879.741),(43 14550.973),(44 13934.64),(45 14582.012),(46 13894.915),(47 14486.039),(48 13846.529),(49 14506.5625),(50 13841.123),(51 14495.067),(52 13780.897),(53 14400.798),(54 13754.571),(55 14294.321),(56 13531.85),(57 14101.308),(58 13379.63),(59 13963.046),(60 13212.021),(61 13809.299),(62 13064.281),(63 13687.573),(64 13010.561),(65 13620.898),(66 12908.911),(67 13518.853),(68 12823.149),(69 13344.606),(70 12608.228),(71 13263.849),(72 12602.361),(73 13187.585),(74 12415.775),(75 13080.291),(76 12337.175),(77 13047.321),(78 12405.2705),(79 13067.33),
(1 2121.057),(2 2964.5825),(3 4736.175),(4 5064.201),(5 6504.883),(6 6441.993),(7 7581.645),(8 7296.4277),(9 8278.625),(10 8001.601),(11 8961.134),(12 8623.737),(13 9457.719),(14 9025.889),(15 9765.194),(16 9259.036),(17 9983.353),(18 9563.173),(19 10416.406),(20 10030.034),(21 10795.488),(22 10309.765),(23 11080.612),(24 10616.195),(25 11344.099),(26 10912.006),(27 11731.883),(28 11262.853),(29 12032.365),(30 11549.482),(31 12284.683),(32 11766.191),(33 12535.585),(34 12058.815),(35 12821.415),(36 12305.606),(37 12996.454),(38 12449.764),(39 13253.251),(40 12667.29),(41 13377.098),(42 12800.311),(43 13465.215),(44 12860.305),(45 13505.927),(46 12847.008),(47 13408.049),(48 12801.337),(49 13422.445),(50 12741.642),(51 13389.811),(52 12767.491),(53 13360.382),(54 12746.199),(55 13384.333),(56 12748.748),(57 13333.874),(58 12639.491),(59 13238.721),(60 12569.51),(61 13103.124),(62 12376.428),(63 12870.288),(64 12266.327),(65 12854.76),(66 12180.044),(67 12704.529),(68 11979.006),(69 12444.548),(70 11826.9795),(71 12362.432),(72 11712.051),(73 12298.513),(74 11624.993),(75 12269.772),(76 11642.109),(77 12242.566),(78 11556.657),(79 12158.656),
(1 2111.0427),(2 2936.4019),(3 4666.145),(4 4983.9727),(5 6368.1226),(6 6290.825),(7 7331.0728),(8 7024.522),(9 8018.196),(10 7742.3286),(11 8624.53),(12 8279.538),(13 9074.797),(14 8626.652),(15 9385.878),(16 8896.621),(17 9637.807),(18 9189.119),(19 10032.294),(20 9653.917),(21 10441.246),(22 10017.048),(23 10745.675),(24 10296.588),(25 10999.817),(26 10627.05),(27 11419.119),(28 10879.943),(29 11615.838),(30 11182.528),(31 11917.684),(32 11436.261),(33 12229.975),(34 11792.462),(35 12548.805),(36 12128.86),(37 12873.782),(38 12406.597),(39 13168.272),(40 12669.128),(41 13277.866),(42 12672.273),(43 13244.176),(44 12697.671),(45 13239.287),(46 12596.973),(47 13127.34),(48 12497.544),(49 13015.951),(50 12312.822),(51 12876.209),(52 12210.594),(53 12805.972),(54 12207.089),(55 12742.292),(56 12143.244),(57 12615.417),(58 11949.356),(59 12466.038),(60 11778.386),(61 12288.02),(62 11587.616),(63 12068.934),(64 11424.437),(65 11988.292),(66 11354.322),(67 11894.893),(68 11276.387),(69 11828.15),(70 11220.452),(71 11803.038),(72 11249.126),(73 11812.863),(74 11213.736),(75 11826.829),(76 11242.049),(77 11757.93),(78 11126.5205),(79 11725.753),
(1 2045.3291),(2 2860.7026),(3 4532.5083),(4 4856.693),(5 6218.0527),(6 6139.006),(7 7153.631),(8 6839.646),(9 7739.946),(10 7447.6753),(11 8334.622),(12 7985.0146),(13 8736.753),(14 8268.849),(15 8974.974),(16 8452.854),(17 9166.482),(18 8748.709),(19 9524.342),(20 9069.364),(21 9765.637),(22 9366.304),(23 10147.27),(24 9645.817),(25 10412.017),(26 10008.304),(27 10736.176),(28 10233.618),(29 11037.227),(30 10553.046),(31 11231.581),(32 10663.877),(33 11395.13),(34 10922.643),(35 11669.632),(36 11164.324),(37 11822.296),(38 11264.301),(39 12039.702),(40 11485.614),(41 12152.862),(42 11618.721),(43 12202.341),(44 11609.849),(45 12132.476),(46 11417.812),(47 11951.916),(48 11295.259),(49 11921.396),(50 11271.637),(51 11853.42),(52 11152.059),(53 11695.757),(54 11080.286),(55 11652.48),(56 10978.595),(57 11531.723),(58 10861.233),(59 11446.324),(60 10838.859),(61 11345.559),(62 10677.196),(63 11299.585),(64 10686.101),(65 11279.166),(66 10677.671),(67 11348.081),(68 10671.493),(69 11270.646),(70 10604.762),(71 11204.863),(72 10508.502),(73 11019.853),(74 10387.349),(75 10980.811),(76 10342.107),(77 10821.786),(78 10202.264),(79 10784.437),
(1 2064.157),(2 2884.2546),(3 4563.5674),(4 4860.5654),(5 6181.021),(6 6058.242),(7 7030.065),(8 6715.8716),(9 7633.6997),(10 7372.723),(11 8301.107),(12 7937.7305),(13 8684.293),(14 8269.411),(15 9058.911),(16 8634.84),(17 9405.135),(18 8967.614),(19 9775.456),(20 9362.634),(21 10146.074),(22 9720.839),(23 10448.632),(24 9957.829),(25 10722.479),(26 10333.185),(27 11126.647),(28 10649.137),(29 11333.885),(30 10895.546),(31 11579.92),(32 11057.421),(33 11784.092),(34 11339.087),(35 12064.332),(36 11555.484),(37 12199.529),(38 11649.292),(39 12347.187),(40 11776.529),(41 12396.839),(42 11848.654),(43 12483.57),(44 11851.942),(45 12411.789),(46 11826.032),(47 12380.345),(48 11726.591),(49 12305.026),(50 11723.237),(51 12281.153),(52 11664.004),(53 12205.873),(54 11536.43),(55 12032.191),(56 11369.576),(57 11861.613),(58 11169.327),(59 11723.589),(60 11070.193),(61 11643.405),(62 11066.123),(63 11651.521),(64 11034.356),(65 11644.631),(66 11016.04),(67 11693.026),(68 11105.375),(69 11659.222),(70 10998.702),(71 11535.009),(72 10833.696),(73 11338.159),(74 10723.119),(75 11374.776),(76 10758.819),(77 11337.441),(78 10736.237),(79 11343.083),
(1 1985.3411),(2 2737.6426),(3 4327.907),(4 4584.691),(5 5854.732),(6 5777.751),(7 6791.2524),(8 6522.293),(9 7428.6143),(10 7159.4033),(11 8063.689),(12 7758.789),(13 8440.269),(14 8015.5674),(15 8759.442),(16 8328.492),(17 9054.701),(18 8686.576),(19 9365.14),(20 8955.929),(21 9737.793),(22 9323.709),(23 10009.383),(24 9578.732),(25 10277.565),(26 9859.825),(27 10622.813),(28 10221.733),(29 10942.764),(30 10513.926),(31 11180.761),(32 10722.076),(33 11395.906),(34 10955.173),(35 11576.28),(36 11125.944),(37 11719.201),(38 11268.79),(39 11875.675),(40 11389.374),(41 12038.757),(42 11461.969),(43 12049.505),(44 11496.667),(45 12042.761),(46 11459.066),(47 11945.97),(48 11292.327),(49 11837.837),(50 11212.901),(51 11723.752),(52 11163.597),(53 11710.956),(54 11144.358),(55 11660.138),(56 11063.464),(57 11553.973),(58 10917.005),(59 11459.231),(60 10803.616),(61 11334.152),(62 10736.004),(63 11306.132),(64 10703.462),(65 11279.341),(66 10666.532),(67 11284.614),(68 10733.565),(69 11261.473),(70 10612.922),(71 11165.146),(72 10507.668),(73 11069.634),(74 10450.361),(75 11045.087),(76 10397.824),(77 10930.794),(78 10327.53),(79 10948.067),
(1 1959.2056),(2 2654.9915),(3 4278.7544),(4 4502.6025),(5 5755.8955),(6 5639.903),(7 6574.008),(8 6215.2383),(9 7051.3555),(10 6709.257),(11 7575.841),(12 7191.396),(13 7936.8286),(14 7540.76),(15 8258.355),(16 7790.223),(17 8465.122),(18 8026.8335),(19 8726.086),(20 8237.882),(21 8946.31),(22 8494.379),(23 9180.334),(24 8690.328),(25 9347.005),(26 8900.656),(27 9636.928),(28 9236.377),(29 9926.684),(30 9503.273),(31 10186.733),(32 9699.848),(33 10363.834),(34 9825.166),(35 10465.786),(36 9969.401),(37 10607.089),(38 10163.865),(39 10829.251),(40 10268.406),(41 10885.883),(42 10312.883),(43 10882.682),(44 10258.59),(45 10767.838),(46 10153.479),(47 10622.877),(48 9963.351),(49 10486.844),(50 9913.501),(51 10494.716),(52 9932.82),(53 10370.693),(54 9775.51),(55 10303.979),(56 9725.087),(57 10261.799),(58 9652.186),(59 10218.017),(60 9612.676),(61 10125.176),(62 9480.456),(63 10044.224),(64 9457.767),(65 10020.198),(66 9400.685),(67 9913.582),(68 9362.663),(69 9897.06),(70 9291.593),(71 9867.98),(72 9287.681),(73 9806.367),(74 9183.041),(75 9764.426),(76 9241.683),(77 9808.351),(78 9238.184),(79 9826.437),
(1 1942.4862),(2 2667.6394),(3 4257.4917),(4 4499.5405),(5 5768.5977),(6 5655.6206),(7 6573.1084),(8 6228.6787),(9 7049.764),(10 6709.626),(11 7570.9243),(12 7135.6167),(13 7814.1807),(14 7378.4673),(15 8077.6143),(16 7586.083),(17 8276.261),(18 7872.406),(19 8598.319),(20 8104.1133),(21 8784.69),(22 8302.391),(23 9049.374),(24 8562.396),(25 9267.402),(26 8791.817),(27 9540.354),(28 9076.229),(29 9750.582),(30 9212.726),(31 9903.737),(32 9431.884),(33 10120.45),(34 9656.175),(35 10328.541),(36 9867.13),(37 10547.421),(38 10029.12),(39 10663.769),(40 10128.13),(41 10741.576),(42 10201.395),(43 10736.107),(44 10137.547),(45 10636.819),(46 10002.932),(47 10586.886),(48 9958.049),(49 10444),(50 9786.512),(51 10307.686),(52 9737.631),(53 10263.099),(54 9686.542),(55 10222.843),(56 9665.606),(57 10240.932),(58 9601.885),(59 10125.582),(60 9522.493),(61 10097.682),(62 9526.486),(63 10055.419),(64 9448.882),(65 10023.354),(66 9377.654),(67 9930.829),(68 9368.272),(69 9936.98),(70 9376.443),(71 9924.588),(72 9290.431),(73 9847.759),(74 9257.636),(75 9877.105),(76 9380.01),(77 9921.297),(78 9332.301),(79 9892.682),
(1 1871.9653),(2 2513.831),(3 4059.4973),(4 4238.6187),(5 5431.0596),(6 5268.8975),(7 6193.424),(8 5874.055),(9 6698.6333),(10 6343.67),(11 7172.836),(12 6795.3286),(13 7485.934),(14 7056.952),(15 7775.647),(16 7319.911),(17 7995.613),(18 7555.6064),(19 8263.612),(20 7797.897),(21 8506.474),(22 8058.599),(23 8733.416),(24 8244.841),(25 8953.374),(26 8538.201),(27 9241.83),(28 8782.64),(29 9435.796),(30 8958.892),(31 9625.652),(32 9123.876),(33 9850.33),(34 9375.261),(35 10030.645),(36 9482.405),(37 10120.181),(38 9619.374),(39 10275.667),(40 9737.752),(41 10267.4375),(42 9708.33),(43 10232.475),(44 9654.584),(45 10196.999),(46 9599.617),(47 10130.683),(48 9508.239),(49 10098.486),(50 9441.135),(51 9969.073),(52 9330.534),(53 9907.64),(54 9298.678),(55 9852.562),(56 9253.422),(57 9798.488),(58 9082.989),(59 9602.915),(60 8985.131),(61 9622.907),(62 9044.989),(63 9678.292),(64 9067.609),(65 9631.654),(66 9059.29),(67 9664.534),(68 9113.479),(69 9671.919),(70 9054.24),(71 9612.896),(72 9010.503),(73 9555.104),(74 8905.323),(75 9473.306),(76 8852.507),(77 9383.477),(78 8787.298),(79 9326.885),
(1 1882.2339),(2 2491.9573),(3 4023.3438),(4 4202.092),(5 5386.1826),(6 5222.014),(7 6133.588),(8 5732.8276),(9 6527.283),(10 6179.0425),(11 7018.854),(12 6623.7173),(13 7294.592),(14 6862.1963),(15 7589.3936),(16 7115.156),(17 7761.2954),(18 7323.344),(19 8049.7783),(20 7597.4355),(21 8348.013),(22 7962.4814),(23 8693.365),(24 8218.147),(25 8934.355),(26 8434.17),(27 9178.79),(28 8683.93),(29 9343.596),(30 8897.58),(31 9550.782),(32 9031.62),(33 9756.864),(34 9257.578),(35 9902.855),(36 9390.454),(37 10052.174),(38 9568.638),(39 10273.239),(40 9756.94),(41 10381.8125),(42 9799.941),(43 10339.058),(44 9719.483),(45 10312.519),(46 9708.182),(47 10262.121),(48 9606.778),(49 10161.664),(50 9539.624),(51 10111.099),(52 9410.178),(53 10022.659),(54 9393.003),(55 9937.981),(56 9289.602),(57 9835.26),(58 9121.079),(59 9664.326),(60 9022.615),(61 9600.63),(62 8915.312),(63 9463.482),(64 8826.245),(65 9389.657),(66 8781.221),(67 9347.459),(68 8756.952),(69 9332.558),(70 8757.728),(71 9315.289),(72 8699.838),(73 9306.125),(74 8659.292),(75 9246.156),(76 8611.332),(77 9201.792),(78 8569.44),(79 9174.96),
(1 1842.6913),(2 2384.6606),(3 3865.553),(4 3986.8513),(5 5139.2686),(6 4981.014),(7 5890.1675),(8 5545.1094),(9 6333.56),(10 6042.3174),(11 6885.426),(12 6486.9253),(13 7201.0063),(14 6801.61),(15 7476.4937),(16 6967.6377),(17 7609.624),(18 7166.12),(19 7880.079),(20 7479.9756),(21 8199.896),(22 7781.195),(23 8471.485),(24 8073.3906),(25 8808.442),(26 8382.711),(27 9138.524),(28 8693.574),(29 9437.57),(30 8958.982),(31 9608.022),(32 9132.982),(33 9801.727),(34 9296.3125),(35 9933.8),(36 9489.081),(37 10103.764),(38 9653.511),(39 10312.844),(40 9819.954),(41 10392.9795),(42 9840.322),(43 10347.689),(44 9816.051),(45 10341.299),(46 9734.281),(47 10250.2705),(48 9653.128),(49 10147.807),(50 9531.966),(51 9993.411),(52 9382.1875),(53 9913.466),(54 9353.653),(55 9873.71),(56 9267.756),(57 9745.219),(58 9108.066),(59 9604.713),(60 8978.37),(61 9508.834),(62 8878.484),(63 9444.502),(64 8885.311),(65 9402.986),(66 8782.105),(67 9317.441),(68 8728.187),(69 9286.815),(70 8737.11),(71 9294.839),(72 8788.897),(73 9347.455),(74 8746.439),(75 9318.0205),(76 8750.869),(77 9296.96),(78 8693.991),(79 9234.103),
(1 1846.5715),(2 2446.433),(3 3955.6345),(4 4102.1006),(5 5252.689),(6 5082.889),(7 5983.881),(8 5646.544),(9 6434.4507),(10 6101.256),(11 6877.264),(12 6461.444),(13 7149.9526),(14 6724.7466),(15 7429.961),(16 6961.409),(17 7638.9297),(18 7228.308),(19 7938.0366),(20 7487.7173),(21 8185.761),(22 7753.6743),(23 8402.563),(24 7955.862),(25 8665.27),(26 8313.137),(27 9056.603),(28 8597.91),(29 9312.723),(30 8840.545),(31 9475.754),(32 8996.832),(33 9684.38),(34 9258.679),(35 9912.399),(36 9456.203),(37 10063.798),(38 9557.334),(39 10169.843),(40 9656.298),(41 10199.904),(42 9671.421),(43 10126.63),(44 9539.841),(45 10068.283),(46 9498.313),(47 9955.81),(48 9327.187),(49 9795.163),(50 9196.213),(51 9670.78),(52 9048.292),(53 9558.018),(54 8989.709),(55 9530.104),(56 8943.997),(57 9458.782),(58 8844.953),(59 9363.833),(60 8741.877),(61 9279.39),(62 8704.752),(63 9270.287),(64 8707.708),(65 9230.179),(66 8656.295),(67 9189.985),(68 8662.651),(69 9264.348),(70 8701.866),(71 9219.586),(72 8656.739),(73 9142.564),(74 8601.324),(75 9168.93),(76 8557.98),(77 9049.099),(78 8468.563),(79 8989.637),
(1 1779.995),(2 2309.3738),(3 3749.7031),(4 3878.5208),(5 4942.3027),(6 4751.5596),(7 5559.5234),(8 5173.169),(9 5898.888),(10 5570.2217),(11 6324.9014),(12 5932.7944),(13 6621.84),(14 6210.482),(15 6882.2153),(16 6426.632),(17 7057.573),(18 6651.051),(19 7300.2383),(20 6850.1475),(21 7500.9824),(22 7089.108),(23 7749.2275),(24 7334.349),(25 8011.8994),(26 7608.294),(27 8273.972),(28 7830.2656),(29 8466.673),(30 7988.825),(31 8652.609),(32 8208.188),(33 8829.797),(34 8426.092),(35 9103.868),(36 8645.017),(37 9242.61),(38 8714.2705),(39 9295.854),(40 8730.665),(41 9292.481),(42 8773.891),(43 9261.43),(44 8667.992),(45 9168.785),(46 8592.447),(47 9065.146),(48 8478.142),(49 8980.066),(50 8377.533),(51 8963.3125),(52 8338.8545),(53 8861.39),(54 8251.703),(55 8705.82),(56 8064.1216),(57 8556.017),(58 7906.5024),(59 8448.15),(60 7897.767),(61 8407.2),(62 7814.6323),(63 8399.286),(64 7788.8516),(65 8297.391),(66 7723.428),(67 8281.262),(68 7738.413),(69 8282.679),(70 7708.298),(71 8228.847),(72 7648.3633),(73 8174.481),(74 7605.386),(75 8158.8945),(76 7615.872),(77 8123.7354),(78 7524.056),(79 8058.8247),
(1 1800.3401),(2 2335.0986),(3 3825.0044),(4 3955.5496),(5 5123.5166),(6 4939.0835),(7 5828.229),(8 5454.0405),(9 6252.5347),(10 5876.816),(11 6631.1396),(12 6185.57),(13 6856.068),(14 6435.5864),(15 7097.8223),(16 6579.5728),(17 7243.5127),(18 6798.8477),(19 7546.383),(20 7133.9824),(21 7850.396),(22 7393.061),(23 8076.0264),(24 7617.035),(25 8342.847),(26 7891.351),(27 8630.885),(28 8180.115),(29 8888.182),(30 8390.743),(31 9041.027),(32 8567.327),(33 9249.761),(34 8757.5),(35 9430.427),(36 8909.043),(37 9550.679),(38 8973.377),(39 9573.738),(40 9042.288),(41 9636.985),(42 9054.774),(43 9588.699),(44 8939.3955),(45 9458.4795),(46 8835.418),(47 9342.774),(48 8746.627),(49 9304.216),(50 8716.566),(51 9298.513),(52 8724.556),(53 9280.577),(54 8684.839),(55 9201.368),(56 8578.61),(57 9135.674),(58 8429.243),(59 8960.971),(60 8293.939),(61 8802.208),(62 8172.8086),(63 8751.44),(64 8168.0728),(65 8782.833),(66 8238.191),(67 8782.243),(68 8209.114),(69 8788.641),(70 8221.3955),(71 8842.038),(72 8229.012),(73 8798.908),(74 8246.888),(75 8838.727),(76 8240.44),(77 8833.461),(78 8250.582),(79 8859.501),
(1 1787.5911),(2 2289.4026),(3 3785.2764),(4 3935.625),(5 5093.7637),(6 4899.0513),(7 5787.7183),(8 5412.999),(9 6132.388),(10 5707.214),(11 6426.6787),(12 5951.5977),(13 6616.988),(14 6212.23),(15 6882.896),(16 6410.107),(17 7038.5405),(18 6576.3804),(19 7262.516),(20 6828.7085),(21 7511.508),(22 7068.3584),(23 7724.4927),(24 7283.78),(25 7975.678),(26 7563.6133),(27 8298.482),(28 7848.3784),(29 8517.743),(30 8102.412),(31 8779.692),(32 8318.763),(33 8948.303),(34 8509.331),(35 9146.69),(36 8621.033),(37 9203.294),(38 8670.958),(39 9234.354),(40 8701.566),(41 9270.639),(42 8687.928),(43 9233.622),(44 8633.325),(45 9198.402),(46 8650.505),(47 9180.958),(48 8654.641),(49 9208.239),(50 8645.848),(51 9203.9795),(52 8629.518),(53 9147.195),(54 8593.62),(55 9144.425),(56 8574.604),(57 9161.449),(58 8530.121),(59 9044.67),(60 8430.393),(61 8970.327),(62 8373.65),(63 8948.734),(64 8332.062),(65 8900.621),(66 8312.785),(67 8877.513),(68 8309.362),(69 8891.033),(70 8328.349),(71 8936.225),(72 8380.823),(73 8918.126),(74 8323.774),(75 8881.294),(76 8300.028),(77 8871.888),(78 8274.506),(79 8862.69),
(1 1706.3658),(2 2245.2852),(3 3666.3608),(4 3848.4187),(5 4940.922),(6 4775.8364),(7 5548.4126),(8 5223.5127),(9 5931.117),(10 5623.4727),(11 6309.0435),(12 5927.2256),(13 6551.1963),(14 6152.8906),(15 6814.154),(16 6380.3164),(17 6960.0835),(18 6610.411),(19 7266.037),(20 6889.6387),(21 7516.409),(22 7139.2363),(23 7769.5815),(24 7357.3374),(25 7981.335),(26 7594.6807),(27 8242.078),(28 7810.726),(29 8355.655),(30 7986.1597),(31 8613.987),(32 8214.73),(33 8803.599),(34 8376.897),(35 8983.983),(36 8469.824),(37 9000.307),(38 8539.404),(39 9079.867),(40 8575.888),(41 9115.742),(42 8632.793),(43 9108.974),(44 8600.493),(45 9099.665),(46 8578.868),(47 9038.568),(48 8547.681),(49 8995.334),(50 8457.059),(51 8961.482),(52 8408.783),(53 8853.423),(54 8299.56),(55 8755.638),(56 8222.19),(57 8687.938),(58 8079.7573),(59 8563.518),(60 7995.3843),(61 8458.436),(62 7943.9478),(63 8442.115),(64 7910.7285),(65 8393.519),(66 7883.941),(67 8397.255),(68 7890.794),(69 8405.212),(70 7883.417),(71 8418.065),(72 7925.573),(73 8425.444),(74 7885.6147),(75 8414.416),(76 7859.15),(77 8290.24),(78 7756.2446),(79 8269.822),
(1 1724.4043),(2 2278.9019),(3 3742.8232),(4 3887.3926),(5 4981.074),(6 4782.4688),(7 5610.3193),(8 5255.303),(9 5983.3936),(10 5643.235),(11 6357.0503),(12 5959.137),(13 6650.3896),(14 6258.6304),(15 6942.651),(16 6452.5806),(17 7055.667),(18 6600.942),(19 7258.2124),(20 6814.473),(21 7511.01),(22 7126.2295),(23 7838.4546),(24 7425.539),(25 8110.667),(26 7744.5884),(27 8450.421),(28 8042.6396),(29 8707.342),(30 8187.97),(31 8840.23),(32 8353.939),(33 8992.158),(34 8521.893),(35 9194.234),(36 8698.9375),(37 9343.584),(38 8889.263),(39 9477.393),(40 8980.266),(41 9589.19),(42 9040.893),(43 9582.452),(44 9024.954),(45 9514.4),(46 8926.608),(47 9356.9),(48 8740.364),(49 9190.694),(50 8585.706),(51 9087.883),(52 8465.046),(53 8981.1455),(54 8387.567),(55 8888.673),(56 8333.949),(57 8824.43),(58 8248.701),(59 8775.994),(60 8242.967),(61 8734.064),(62 8182.4194),(63 8708.598),(64 8145.796),(65 8625.559),(66 8073.2456),(67 8577.386),(68 8060.9204),(69 8564.13),(70 8004.956),(71 8542.094),(72 7988.1235),(73 8518.22),(74 7967.329),(75 8546.172),(76 8059.499),(77 8501.478),(78 7963.5967),(79 8445.152),
(1 1675.2156),(2 2161.4912),(3 3500.958),(4 3591.7905),(5 4619.9976),(6 4435.228),(7 5230.5366),(8 4884.7417),(9 5562.4023),(10 5211.0107),(11 5878.386),(12 5443.8955),(13 6115.7773),(14 5690.3755),(15 6349.8257),(16 5916.169),(17 6542.029),(18 6076.0015),(19 6727.2705),(20 6267.999),(21 6915.199),(22 6538.591),(23 7184.0513),(24 6757.2295),(25 7430.4063),(26 7071.7275),(27 7705.9404),(28 7308.921),(29 7949.3),(30 7511.427),(31 8091.1255),(32 7599.3203),(33 8224.302),(34 7792.7974),(35 8418.808),(36 7918.976),(37 8484.342),(38 7976.456),(39 8529.712),(40 7983.4087),(41 8490.003),(42 7968.2266),(43 8455.406),(44 7907.3896),(45 8429.815),(46 7835.949),(47 8285.204),(48 7670.1714),(49 8160.204),(50 7566.416),(51 8052.8926),(52 7400.4087),(53 7942.6147),(54 7392.293),(55 7945.6646),(56 7400.0205),(57 7940.4976),(58 7401.1274),(59 7906.478),(60 7330.528),(61 7843.916),(62 7266.5845),(63 7793.518),(64 7217.979),(65 7759.3193),(66 7259.6563),(67 7799.019),(68 7337.3574),(69 7874.669),(70 7366.6523),(71 7920.7925),(72 7391.036),(73 7961.2),(74 7427.262),(75 8025.388),(76 7496.837),(77 7994.695),(78 7463.709),(79 8027.0273),
(1 1714.2792),(2 2194.3625),(3 3604.314),(4 3675.6064),(5 4718.3364),(6 4512.263),(7 5333.5713),(8 4953.6733),(9 5690.96),(10 5313.956),(11 6036.3936),(12 5578.4917),(13 6251.8506),(14 5836.763),(15 6506.0664),(16 6062.37),(17 6700.5513),(18 6283.696),(19 6957.623),(20 6561.5254),(21 7272.023),(22 6914.141),(23 7613.5996),(24 7242.242),(25 7943.5664),(26 7570.259),(27 8258.985),(28 7798.7397),(29 8461.541),(30 8040.6465),(31 8661.458),(32 8187.991),(33 8868.939),(34 8397.164),(35 8973.15),(36 8465.149),(37 9056.891),(38 8616.063),(39 9269.276),(40 8721.775),(41 9260.272),(42 8723.927),(43 9244.631),(44 8658.134),(45 9129.1),(46 8487.149),(47 8953.207),(48 8347.877),(49 8906.076),(50 8337.319),(51 8886.538),(52 8216.284),(53 8760.842),(54 8204.302),(55 8790.124),(56 8186.1577),(57 8675.956),(58 8010.3643),(59 8518.51),(60 7841.659),(61 8360.45),(62 7748.1143),(63 8302.161),(64 7697.2734),(65 8239.179),(66 7674.622),(67 8227.481),(68 7677.073),(69 8228.601),(70 7623.347),(71 8184.131),(72 7637.5205),(73 8221.857),(74 7642.751),(75 8289.376),(76 7786.195),(77 8337.72),(78 7772.6025),(79 8371.663),
(1 1652.2053),(2 2071.7244),(3 3386.578),(4 3468.1785),(5 4463.976),(6 4239.8984),(7 5016.43),(8 4664.391),(9 5316.8203),(10 4926.8257),(11 5585.0806),(12 5177.6934),(13 5850.476),(14 5431.3926),(15 6080.503),(16 5657.2676),(17 6285.1),(18 5815.621),(19 6426.071),(20 6026.2456),(21 6673.4727),(22 6301.9087),(23 6937.1465),(24 6543.564),(25 7194.29),(26 6828.7046),(27 7519.806),(28 7105.448),(29 7723.5576),(30 7319.4307),(31 7975.9683),(32 7551.4136),(33 8118.9375),(34 7688.1206),(35 8244.626),(36 7751.3237),(37 8291.823),(38 7814.3315),(39 8364.156),(40 7854.4575),(41 8383.466),(42 7914.3335),(43 8400.123),(44 7885.38),(45 8377.596),(46 7812.008),(47 8254.075),(48 7687.4116),(49 8111.3525),(50 7563.407),(51 8063.949),(52 7496.641),(53 7935.785),(54 7402.943),(55 7886.825),(56 7368.3716),(57 7835.545),(58 7244.9263),(59 7752.0327),(60 7222.1245),(61 7730.086),(62 7210.9204),(63 7765.3037),(64 7232.8867),(65 7720.593),(66 7232.1763),(67 7761.6064),(68 7263.3037),(69 7784.101),(70 7264.5054),(71 7757.0454),(72 7221.779),(73 7663.325),(74 7139.861),(75 7697.795),(76 7183.9536),(77 7681.114),(78 7178.5645),(79 7702.602),
(1 1622.4319),(2 2071.482),(3 3402.527),(4 3450.2473),(5 4453.631),(6 4206.3447),(7 4954.874),(8 4549.238),(9 5202.2617),(10 4829.484),(11 5478.8926),(12 5035.591),(13 5676.8643),(14 5229.5527),(15 5880.7114),(16 5421.096),(17 6006.935),(18 5552.997),(19 6188.624),(20 5776.224),(21 6448.39),(22 6099.58),(23 6697.7905),(24 6335.414),(25 6990.5156),(26 6622.363),(27 7230.762),(28 6782.2554),(29 7387.043),(30 6957.1934),(31 7580.664),(32 7164.115),(33 7754.5874),(34 7347.0796),(35 7894.021),(36 7448.9004),(37 7999.279),(38 7510.4014),(39 8024.1514),(40 7530.1045),(41 8028.7456),(42 7543.56),(43 8027.4517),(44 7520.8955),(45 8007.4023),(46 7489.807),(47 7972.9546),(48 7490.207),(49 7979.287),(50 7401.1865),(51 7847.5483),(52 7261.8447),(53 7677.3223),(54 7138.8013),(55 7592.943),(56 7097.427),(57 7517.0845),(58 6982.718),(59 7465.0957),(60 6935.565),(61 7411.024),(62 6916.2),(63 7390.5815),(64 6876.9805),(65 7367.2637),(66 6867.1177),(67 7394.1816),(68 6917.256),(69 7415.8335),(70 6908.286),(71 7390.46),(72 6868.068),(73 7313.892),(74 6787.2046),(75 7284.4155),(76 6828.0723),(77 7310.6636),(78 6820.2583),(79 7365.2607),
(1 1592.5721),(2 2000.6858),(3 3269.6887),(4 3301.4644),(5 4274.006),(6 4033.9749),(7 4802.876),(8 4403.676),(9 5073.5103),(10 4696.6616),(11 5373.4424),(12 4900.572),(13 5496.46),(14 5027.756),(15 5634.9795),(16 5165.4517),(17 5778.0093),(18 5316.0103),(19 5966.534),(20 5532.159),(21 6213.0366),(22 5814.114),(23 6478.5327),(24 6087.694),(25 6774.4575),(26 6372.549),(27 7095.895),(28 6627.1025),(29 7292.9634),(30 6817.2715),(31 7421.691),(32 6973.6064),(33 7574.114),(34 7101.0913),(35 7697.4854),(36 7207.012),(37 7781.76),(38 7275.862),(39 7848.5493),(40 7318.869),(41 7858.2715),(42 7364.019),(43 7819.344),(44 7266.997),(45 7757.8555),(46 7195.4),(47 7637.123),(48 7080.903),(49 7538.314),(50 6988.3657),(51 7469.702),(52 6904.134),(53 7354.2104),(54 6777.992),(55 7224.929),(56 6672.317),(57 7124.3193),(58 6559.182),(59 7065.149),(60 6513.564),(61 7023.3193),(62 6445.687),(63 6974.9375),(64 6438.518),(65 6936.117),(66 6430.4414),(67 6972.0835),(68 6431.9834),(69 6903.9604),(70 6365.4463),(71 6851.896),(72 6317.045),(73 6805.302),(74 6308.441),(75 6854.611),(76 6333.9844),(77 6788.982),(78 6278.5215),(79 6750.1475),
(1 1568.2725),(2 1949.8265),(3 3206.2166),(4 3193.0361),(5 4161.534),(6 3897.698),(7 4644.357),(8 4264.2114),(9 4961.607),(10 4612.3247),(11 5337.414),(12 4925.612),(13 5529.6265),(14 5104.2354),(15 5748.122),(16 5267.2183),(17 5872.5977),(18 5423.592),(19 6066.5337),(20 5631.315),(21 6295.658),(22 5848.6655),(23 6523.623),(24 6098.8906),(25 6732.6055),(26 6300.098),(27 6995.8486),(28 6567.2456),(29 7221.411),(30 6758.609),(31 7393.4316),(32 6934.361),(33 7468.254),(34 6983.585),(35 7548.4287),(36 7031.74),(37 7582.215),(38 7055.859),(39 7621.257),(40 7067.87),(41 7590.716),(42 7036.5303),(43 7574.3594),(44 7037.795),(45 7564.994),(46 6991.336),(47 7500.056),(48 6906.7295),(49 7419.5093),(50 6801.28),(51 7308.22),(52 6705.9272),(53 7173.506),(54 6566.1187),(55 7056.2173),(56 6501.6943),(57 7002.172),(58 6429.126),(59 6964.7925),(60 6407.249),(61 6926.762),(62 6342.678),(63 6863.664),(64 6329.083),(65 6841.922),(66 6297.082),(67 6826.3076),(68 6271.521),(69 6804.247),(70 6334.008),(71 6881.358),(72 6345),(73 6837.2935),(74 6279.7744),(75 6818.478),(76 6304.0576),(77 6810.5557),(78 6244.759),(79 6704.2227),
(1 1551.4194),(2 1990.7498),(3 3217.04),(4 3259.0996),(5 4214.796),(6 3980.5823),(7 4684.927),(8 4311.1226),(9 4949.3135),(10 4604.824),(11 5266.0024),(12 4834.9214),(13 5419.6436),(14 5004.4937),(15 5630.609),(16 5170.2285),(17 5758.272),(18 5338.0874),(19 5937.592),(20 5535.4253),(21 6174.138),(22 5803.7827),(23 6413.0293),(24 6029.0522),(25 6633.8545),(26 6237.81),(27 6857.224),(28 6491.3994),(29 7096.7866),(30 6664.92),(31 7237.959),(32 6772.3477),(33 7316.9067),(34 6883.6846),(35 7496.0557),(36 7037.538),(37 7574.0684),(38 7107.683),(39 7644.609),(40 7152.1133),(41 7666.586),(42 7142.753),(43 7623.5635),(44 7081.7017),(45 7557.3135),(46 6985.5103),(47 7437.7734),(48 6909.8237),(49 7362.282),(50 6795.7803),(51 7244.481),(52 6721.256),(53 7181.2485),(54 6644.8867),(55 7150.653),(56 6581.153),(57 7031.163),(58 6524.5684),(59 6999.358),(60 6457.425),(61 6947.499),(62 6385.007),(63 6881.859),(64 6345.048),(65 6763.121),(66 6253.9087),(67 6783.1235),(68 6290.364),(69 6818.358),(70 6271.925),(71 6773.1304),(72 6248.626),(73 6723.4087),(74 6194.94),(75 6756.481),(76 6243.013),(77 6717.8374),(78 6190.0054),(79 6668.878),
(1 1540.786),(2 1885.1617),(3 3113.7646),(4 3138.122),(5 4084.6038),(6 3853.286),(7 4616.853),(8 4248.456),(9 4939.039),(10 4582.4536),(11 5256.059),(12 4797.3267),(13 5396.5547),(14 4984.6846),(15 5577.1655),(16 5133.5303),(17 5744.761),(18 5283.3804),(19 5899.4497),(20 5449.3633),(21 6099.272),(22 5670.975),(23 6292.5815),(24 5923.3276),(25 6540.4717),(26 6103.33),(27 6745.7627),(28 6306.535),(29 6907.735),(30 6467.0894),(31 7035.821),(32 6555.021),(33 7117.0103),(34 6639.329),(35 7144.48),(36 6659.482),(37 7149.564),(38 6678.908),(39 7213.179),(40 6694.6963),(41 7216.0293),(42 6717.323),(43 7207.086),(44 6672.0396),(45 7182.7905),(46 6618.13),(47 7072.8955),(48 6541.751),(49 7005.6636),(50 6446.6978),(51 6962.0464),(52 6380.9644),(53 6862.4976),(54 6319.8276),(55 6832.9897),(56 6283.722),(57 6804.651),(58 6255.268),(59 6768.156),(60 6223.285),(61 6750.7793),(62 6196.1143),(63 6724.6357),(64 6175.754),(65 6673.562),(66 6143.143),(67 6668.8574),(68 6155.3716),(69 6692.4014),(70 6195.8154),(71 6740.219),(72 6201.026),(73 6693.4395),(74 6190.758),(75 6713.8247),(76 6163.3696),(77 6659.823),(78 6079.823),(79 6609.778),
(1 1496.9069),(2 1833.0908),(3 3045.8909),(4 3060.0852),(5 3958.6655),(6 3685.6843),(7 4367.2144),(8 3992.232),(9 4615.075),(10 4225.154),(11 4845.4575),(12 4397.923),(13 4940.684),(14 4530.8687),(15 5086.536),(16 4610.107),(17 5165.9136),(18 4718.2617),(19 5284.5454),(20 4842.6567),(21 5479.6055),(22 5031.8916),(23 5615.284),(24 5226.3984),(25 5839.8013),(26 5398.6875),(27 6040.2534),(28 5588.9917),(29 6175.5474),(30 5747.186),(31 6305.244),(32 5849.1704),(33 6427.3945),(34 5981.656),(35 6540.3354),(36 6041.1953),(37 6567.7397),(38 6095.0996),(39 6630.6343),(40 6142.3906),(41 6653.863),(42 6159.4175),(43 6669.011),(44 6198.6196),(45 6721.7075),(46 6211.545),(47 6717.7524),(48 6175.3467),(49 6644.6753),(50 6093.325),(51 6565.46),(52 6051.801),(53 6535.113),(54 6006.3667),(55 6520.5967),(56 6008.3423),(57 6546.1475),(58 5958.2476),(59 6488.34),(60 5954.933),(61 6433.613),(62 5859.808),(63 6312.604),(64 5760.671),(65 6260.54),(66 5722.6196),(67 6206.9854),(68 5744.804),(69 6278.76),(70 5782.4204),(71 6285.1133),(72 5748.2153),(73 6233.1396),(74 5730.86),(75 6243.5146),(76 5734.819),(77 6236.908),(78 5717.7456),(79 6242.842),
(1 1469.5216),(2 1762.0924),(3 2931.0427),(4 2918.322),(5 3780.63),(6 3499.5117),(7 4155.512),(8 3795.0103),(9 4419.1846),(10 4058.0938),(11 4675.4946),(12 4266.4688),(13 4826.49),(14 4430.515),(15 4993.436),(16 4528.7456),(17 5056.017),(18 4635.0454),(19 5214.129),(20 4815.745),(21 5395.276),(22 4960.8237),(23 5525.0625),(24 5138.078),(25 5706.0835),(26 5330.6313),(27 5964.518),(28 5547.3857),(29 6146.2944),(30 5731.1226),(31 6323.126),(32 5894.8945),(33 6456.247),(34 6011.2505),(35 6567.0273),(36 6123.27),(37 6654.0347),(38 6151.3125),(39 6688.6704),(40 6201.7124),(41 6689.0127),(42 6194.1084),(43 6655.4507),(44 6173.885),(45 6670.1123),(46 6134.905),(47 6616.286),(48 6054.603),(49 6484.649),(50 5924.3955),(51 6387.0547),(52 5845.742),(53 6324.1577),(54 5822.543),(55 6324.9204),(56 5840.6514),(57 6333.7646),(58 5768.647),(59 6287.6157),(60 5762.65),(61 6225.9316),(62 5687.0483),(63 6168.4614),(64 5616.652),(65 6075.6685),(66 5551.9575),(67 6091.1484),(68 5614.8438),(69 6095.9497),(70 5569.739),(71 6064.207),(72 5545.511),(73 6060.997),(74 5562.0566),(75 6043.0835),(76 5506.5293),(77 6003.3516),(78 5479.202),(79 5991.9536),
(1 1490.7891),(2 1772.2386),(3 2937.7068),(4 2898.5857),(5 3818.2234),(6 3547.1807),(7 4262.122),(8 3878.4536),(9 4572.783),(10 4208.506),(11 4854.524),(12 4387.803),(13 4933.737),(14 4484.951),(15 5107.164),(16 4647.7593),(17 5232.955),(18 4814.519),(19 5417.115),(20 5003.3496),(21 5599.3965),(22 5167.3345),(23 5741.335),(24 5346.651),(25 5915.3364),(26 5496.1606),(27 6117.017),(28 5693.311),(29 6290.0737),(30 5853.1875),(31 6402.397),(32 5954.272),(33 6471.317),(34 6022.7803),(35 6542.894),(36 6069.2993),(37 6595.957),(38 6109.3984),(39 6618.411),(40 6109.829),(41 6622.2886),(42 6153.868),(43 6582.49),(44 6065.31),(45 6521.057),(46 6003.272),(47 6474.185),(48 5953.8086),(49 6422.3),(50 5885.0435),(51 6343.244),(52 5803.7837),(53 6264.1714),(54 5723.5605),(55 6211.3447),(56 5702.7607),(57 6169.44),(58 5623.731),(59 6105.0693),(60 5596.899),(61 6105.2837),(62 5557.673),(63 6055.7104),(64 5536.6704),(65 6039.111),(66 5531.185),(67 6071.7314),(68 5584.694),(69 6109.9463),(70 5587.335),(71 6118.674),(72 5575.4575),(73 6064.805),(74 5565.6885),(75 6085.6416),(76 5586.868),(77 6086.3496),(78 5542.091),(79 6063.24),
(1 1411.9174),(2 1704.8251),(3 2788.737),(4 2758.5222),(5 3620.212),(6 3402.834),(7 4104.343),(8 3780.212),(9 4408.9414),(10 4067.303),(11 4677.9595),(12 4287.8037),(13 4809.548),(14 4391.7046),(15 4937.0186),(16 4506.417),(17 5040.424),(18 4612.6284),(19 5163.6816),(20 4771.452),(21 5358.0303),(22 4961.0186),(23 5535.426),(24 5150.7173),(25 5692.2715),(26 5292.2905),(27 5858.7944),(28 5445.3945),(29 5984.844),(30 5543.86),(31 6063.9004),(32 5651.5693),(33 6181.3726),(34 5747.63),(35 6267.0684),(36 5827.946),(37 6319.6025),(38 5853.733),(39 6368.583),(40 5906.9087),(41 6367.6714),(42 5888.35),(43 6335.1396),(44 5836.0576),(45 6271.3154),(46 5751.699),(47 6181.9375),(48 5740.3975),(49 6178.147),(50 5697.282),(51 6160.5347),(52 5661.1353),(53 6136.641),(54 5649.483),(55 6093.9927),(56 5621.352),(57 6061.7314),(58 5568.661),(59 6019.8916),(60 5487.402),(61 5943.389),(62 5439.8057),(63 5892.8867),(64 5411.754),(65 5894.3174),(66 5412.063),(67 5906.0723),(68 5454.5225),(69 5937.3467),(70 5465.7344),(71 5922.2417),(72 5436.7876),(73 5888.35),(74 5410.3623),(75 5908.5063),(76 5421.0405),(77 5846.2393),(78 5348.7607),(79 5791.7344),
(1 1434.4562),(2 1730.5507),(3 2825.3933),(4 2776.1494),(5 3628.3774),(6 3336.0354),(7 4000.5854),(8 3626.4106),(9 4200.889),(10 3826.075),(11 4448.148),(12 4015.897),(13 4529.4937),(14 4100.9834),(15 4647.428),(16 4195.7065),(17 4744.437),(18 4279.4526),(19 4837.6284),(20 4440.7725),(21 5032.135),(22 4625.0093),(23 5175.7134),(24 4756.3594),(25 5290.675),(26 4899.487),(27 5456.2437),(28 5012.183),(29 5588.951),(30 5159.152),(31 5708.031),(32 5280.931),(33 5813.7783),(34 5389.2627),(35 5940.206),(36 5491.289),(37 6002.431),(38 5522.446),(39 6026.256),(40 5556.0015),(41 6032.1187),(42 5564.521),(43 6026.436),(44 5548.987),(45 5968.6255),(46 5496.4917),(47 5947.44),(48 5497.2275),(49 5997.4585),(50 5522.284),(51 6021.9067),(52 5513.8066),(53 5991.47),(54 5489.411),(55 5935.0757),(56 5425.245),(57 5882.614),(58 5345.7217),(59 5787.249),(60 5251.465),(61 5719.2324),(62 5213.7715),(63 5668.173),(64 5124.9106),(65 5618.011),(66 5135.0693),(67 5627.219),(68 5132.6606),(69 5627.1406),(70 5143.336),(71 5620.917),(72 5126.492),(73 5608.5757),(74 5149.766),(75 5639.905),(76 5136.4556),(77 5623.667),(78 5107.951),(79 5623.9434),
(1 1388.3673),(2 1623.6696),(3 2674.9673),(4 2632.3147),(5 3453.2837),(6 3185.7778),(7 3854.9875),(8 3471.7039),(9 4088.8376),(10 3726.683),(11 4346.3145),(12 3922.4758),(13 4473.8223),(14 4048.6294),(15 4615.006),(16 4167.229),(17 4737.125),(18 4300.145),(19 4877.0005),(20 4455.4863),(21 5040.6284),(22 4607.8647),(23 5157.834),(24 4737.962),(25 5312.35),(26 4919.8247),(27 5503.19),(28 5029.033),(29 5623.4883),(30 5168.8833),(31 5724.5303),(32 5258.813),(33 5867.835),(34 5410.32),(35 5982.177),(36 5461.322),(37 5976.8203),(38 5469.942),(39 6004.5664),(40 5473.464),(41 5985.6675),(42 5471.4717),(43 5958.4795),(44 5456.5625),(45 5943.665),(46 5392.601),(47 5880.476),(48 5398.6763),(49 5932.493),(50 5420.244),(51 5900.464),(52 5359.5264),(53 5861.999),(54 5333.96),(55 5845.5107),(56 5289.8525),(57 5763.765),(58 5206.019),(59 5712.5703),(60 5190.6377),(61 5697.9224),(62 5170.6606),(63 5658.925),(64 5125.03),(65 5644.9756),(66 5085.707),(67 5622.302),(68 5102.868),(69 5633.5103),(70 5091.3057),(71 5593.2646),(72 5042.043),(73 5532.282),(74 4976.782),(75 5473.4375),(76 4926.1406),(77 5427.2363),(78 4899.7666),(79 5446.1016),
(1 1375.0453),(2 1619.3125),(3 2726.4026),(4 2699.7332),(5 3523.6494),(6 3269.798),(7 3916.032),(8 3535.7837),(9 4133.3584),(10 3773.581),(11 4370.6724),(12 3945.8413),(13 4499.5986),(14 4076.5542),(15 4602.9727),(16 4136.8486),(17 4669.462),(18 4231.7188),(19 4818.264),(20 4426.972),(21 4989.4346),(22 4561.962),(23 5117.864),(24 4721.1675),(25 5308.292),(26 4903.079),(27 5468.792),(28 5063.612),(29 5626.124),(30 5198.3125),(31 5722.0674),(32 5300.5073),(33 5863.059),(34 5415.8193),(35 5924.826),(36 5467.9185),(37 5960.967),(38 5482.4727),(39 6004.347),(40 5543.9575),(41 6001.0645),(42 5499.3037),(43 5973.229),(44 5460.2896),(45 5896.1665),(46 5346.615),(47 5806.2417),(48 5270.7656),(49 5751.6045),(50 5238.955),(51 5751.3794),(52 5224.5664),(53 5724.852),(54 5211.5493),(55 5690.6606),(56 5156.7266),(57 5654.916),(58 5084.5244),(59 5571.472),(60 5043.881),(61 5541.0645),(62 5037.375),(63 5528.788),(64 5035.2383),(65 5526.448),(66 5010.968),(67 5513.8726),(68 5028.508),(69 5551.331),(70 5023.7837),(71 5529.9297),(72 5005.4614),(73 5517.143),(74 5011.177),(75 5541.1597),(76 5052.6763),(77 5570.759),(78 5065.0977),(79 5586.9385),
(1 1352.7976),(2 1565.0382),(3 2614.0862),(4 2526.4695),(5 3332.251),(6 3040.258),(7 3667.2827),(8 3298.737),(9 3872.3208),(10 3474.8247),(11 4047.3335),(12 3621.3853),(13 4165.7656),(14 3746.1543),(15 4265.827),(16 3841.9978),(17 4347.951),(18 3952.2603),(19 4499.7),(20 4132.9263),(21 4698.0566),(22 4350.4653),(23 4875.869),(24 4495.5537),(25 5007.6406),(26 4639.2217),(27 5199.419),(28 4779.719),(29 5315.9585),(30 4895.142),(31 5416.955),(32 4995.9224),(33 5494.362),(34 5087.854),(35 5551.2275),(36 5131.819),(37 5587.176),(38 5171.299),(39 5657.665),(40 5204.4785),(41 5673.1533),(42 5176.263),(43 5618.4487),(44 5147.3184),(45 5561.757),(46 5063.992),(47 5493.6245),(48 4985.8706),(49 5448.996),(50 4986.9565),(51 5456.9316),(52 4972.8096),(53 5438.213),(54 4937.9844),(55 5357.7505),(56 4883.8184),(57 5313.0894),(58 4808.65),(59 5278.1113),(60 4773.1343),(61 5233.8247),(62 4741.704),(63 5217.662),(64 4741.4077),(65 5224.8667),(66 4773.5977),(67 5262.0044),(68 4824.325),(69 5254.306),(70 4774.646),(71 5213.0967),(72 4736.839),(73 5193.3076),(74 4718.049),(75 5210.611),(76 4732.3164),(77 5206.8877),(78 4731.7134),(79 5208.968),
(1 1355.0433),(2 1569.2628),(3 2603.6033),(4 2512.7207),(5 3327.4744),(6 3018.824),(7 3638.935),(8 3255.9187),(9 3861.735),(10 3460.21),(11 4050.6265),(12 3630.4304),(13 4166.1523),(14 3723.799),(15 4291.2153),(16 3863.0674),(17 4379.24),(18 3989.7095),(19 4530.6704),(20 4150.539),(21 4732.921),(22 4338.7),(23 4867.308),(24 4469.0923),(25 5012.512),(26 4615.059),(27 5152.6226),(28 4736.9717),(29 5289.062),(30 4884.515),(31 5395.6387),(32 4988.9727),(33 5479.5366),(34 5050.438),(35 5543.393),(36 5100.823),(37 5564.8506),(38 5118.2607),(39 5588.097),(40 5138.9785),(41 5602.044),(42 5135.372),(43 5568.0854),(44 5090.4126),(45 5499.273),(46 4998.4736),(47 5428.6694),(48 4946.557),(49 5376.425),(50 4889.9707),(51 5332.8667),(52 4863.999),(53 5309.877),(54 4828.2983),(55 5239.4136),(56 4732.3936),(57 5165.1343),(58 4704.394),(59 5179.9604),(60 4715.1533),(61 5172.3022),(62 4716.976),(63 5144.7915),(64 4710.697),(65 5177.5903),(66 4714.329),(67 5182.5254),(68 4748.2935),(69 5213.3677),(70 4733.942),(71 5197.02),(72 4746.553),(73 5185.8354),(74 4740.764),(75 5199.7793),(76 4730.686),(77 5192.45),(78 4713.0854),(79 5160.356),
(1 1349.9368),(2 1568.6617),(3 2620.7957),(4 2559.7898),(5 3344.425),(6 3024.4055),(7 3643.4812),(8 3255.2476),(9 3829.884),(10 3459.2888),(11 4067.3662),(12 3669.1953),(13 4230.2183),(14 3806.2087),(15 4339.8735),(16 3897.2297),(17 4406.495),(18 3962.2312),(19 4523.6216),(20 4081.4734),(21 4641.9775),(22 4250.1274),(23 4784.6367),(24 4372.212),(25 4909.0273),(26 4534.5625),(27 5076.9106),(28 4652.465),(29 5181.857),(30 4777.7344),(31 5318.8804),(32 4890.45),(33 5378.961),(34 4908.8076),(35 5388.874),(36 4966.139),(37 5432.844),(38 4992.7793),(39 5492.932),(40 5018.538),(41 5497.906),(42 5001.794),(43 5462.9106),(44 4983.715),(45 5426.122),(46 4938.5737),(47 5388.838),(48 4912.4194),(49 5355.354),(50 4862.8706),(51 5335.434),(52 4835.4307),(53 5292.0513),(54 4818.777),(55 5262.351),(56 4784.269),(57 5227.2563),(58 4731.922),(59 5217.2026),(60 4726.6436),(61 5199.8438),(62 4715.5874),(63 5166.252),(64 4689.507),(65 5188.5195),(66 4735.915),(67 5193.3857),(68 4747.3696),(69 5205.1865),(70 4736.9795),(71 5196.9053),(72 4714.867),(73 5171.102),(74 4729.949),(75 5247.409),(76 4771.112),(77 5232.653),(78 4759.777),(79 5236.104),
(1 1309.1277),(2 1470.0989),(3 2496.596),(4 2379.815),(5 3144.3198),(6 2836.4514),(7 3450.372),(8 3042.2102),(9 3614.545),(10 3204.5015),(11 3775.7554),(12 3336.3354),(13 3876.9478),(14 3447.8228),(15 3982.7053),(16 3537.3423),(17 4061.6135),(18 3618.3142),(19 4163.5186),(20 3726.0164),(21 4289.0337),(22 3859.6848),(23 4422.908),(24 3981.434),(25 4568.2793),(26 4165.195),(27 4691.8145),(28 4252.6274),(29 4812.529),(30 4382.1514),(31 4918.1563),(32 4456.175),(33 4972.494),(34 4507.792),(35 5012.6934),(36 4558.759),(37 5042.855),(38 4580.3345),(39 5118.3647),(40 4657.8535),(41 5169.252),(42 4669.584),(43 5143.5283),(44 4648.2827),(45 5089.079),(46 4553.415),(47 5014.4063),(48 4503.5977),(49 4995.392),(50 4502.4414),(51 5004.3345),(52 4505.12),(53 4999.5063),(54 4502.229),(55 4981.461),(56 4491.777),(57 4941.28),(58 4444.112),(59 4911.3057),(60 4374.6616),(61 4845.267),(62 4318.856),(63 4821.1025),(64 4327.4136),(65 4813.062),(66 4328.123),(67 4818.658),(68 4342.0513),(69 4829.054),(70 4335.7466),(71 4834.129),(72 4331.978),(73 4816.424),(74 4314.0347),(75 4834.617),(76 4357.7256),(77 4831.245),(78 4342.2295),(79 4836.3994),
(1 1289.375),(2 1487.6628),(3 2486.734),(4 2402.627),(5 3140.4595),(6 2856.4885),(7 3457.0034),(8 3066.1487),(9 3572.28),(10 3186.1343),(11 3699.5786),(12 3308.8347),(13 3791.1118),(14 3362.1921),(15 3861.2087),(16 3441.6428),(17 3946.3037),(18 3543.3857),(19 4059.53),(20 3684.271),(21 4248.7217),(22 3867.5278),(23 4385.269),(24 4025.7544),(25 4541.7793),(26 4160.5566),(27 4682.705),(28 4269.9277),(29 4776.342),(30 4391.2705),(31 4883.018),(32 4475.548),(33 4983.187),(34 4564.69),(35 5073.905),(36 4643.334),(37 5122.393),(38 4658.2134),(39 5126.097),(40 4639.146),(41 5094.4536),(42 4656.116),(43 5052.4136),(44 4591.7974),(45 5023.673),(46 4547.5757),(47 4971.2646),(48 4477.3784),(49 4903.1465),(50 4430.301),(51 4897.743),(52 4434.445),(53 4894.872),(54 4421.8267),(55 4865.4727),(56 4414.5103),(57 4844.5073),(58 4369.4116),(59 4779.7495),(60 4303.3887),(61 4708.2363),(62 4205.1772),(63 4632.9644),(64 4183.4546),(65 4645.587),(66 4223.5625),(67 4713.982),(68 4262.617),(69 4745.268),(70 4324.962),(71 4784.2197),(72 4321.2837),(73 4769.752),(74 4335.0474),(75 4812.969),(76 4363.6353),(77 4796.996),(78 4352.4326),(79 4805.93),
(1 1290.2733),(2 1426.1133),(3 2387.117),(4 2258.2727),(5 2976.4456),(6 2641.5151),(7 3210.113),(8 2797.6833),(9 3346.921),(10 2961.4995),(11 3497.3518),(12 3088.4424),(13 3585.4937),(14 3140.422),(15 3656.4104),(16 3227.6758),(17 3750.0103),(18 3334.9333),(19 3868.8826),(20 3488.1914),(21 4045.781),(22 3655.7546),(23 4164.097),(24 3764.4412),(25 4288.572),(26 3885.2888),(27 4425.745),(28 4000.7458),(29 4525.744),(30 4095.2224),(31 4595.671),(32 4184.196),(33 4681.6294),(34 4276.573),(35 4761.674),(36 4309.6787),(37 4802.043),(38 4363.555),(39 4820.3604),(40 4364.9375),(41 4802.308),(42 4318.938),(43 4740.907),(44 4301.2407),(45 4739.735),(46 4292.299),(47 4729.463),(48 4248.1714),(49 4683.611),(50 4199.0176),(51 4650.3916),(52 4170.727),(53 4595.7075),(54 4123.131),(55 4582.969),(56 4113.106),(57 4566.8716),(58 4046.3032),(59 4483.401),(60 3985.6392),(61 4423.4995),(62 3942.926),(63 4415.1333),(64 3948.565),(65 4409.6353),(66 3924.4893),(67 4392.091),(68 3931.199),(69 4405.681),(70 3932.7053),(71 4400.7734),(72 3932.503),(73 4402.809),(74 3936.0525),(75 4432.2964),(76 3988.5164),(77 4455.35),(78 3988.8086),(79 4459.9775),
(1 1270.0695),(2 1438.1415),(3 2404.7014),(4 2271.1648),(5 2967.5789),(6 2637.3098),(7 3184.291),(8 2791.2153),(9 3333.6702),(10 2939.671),(11 3486.116),(12 3099.5881),(13 3610.6526),(14 3169.3564),(15 3678.861),(16 3230.3115),(17 3707.5881),(18 3308.083),(19 3817.6401),(20 3409.641),(21 3959.9639),(22 3570.3992),(23 4106.772),(24 3705.0225),(25 4217.2036),(26 3821.3567),(27 4359.055),(28 3934.767),(29 4476.4263),(30 4049.4185),(31 4559.077),(32 4130.618),(33 4641.742),(34 4207.2876),(35 4693.771),(36 4238.0576),(37 4732.392),(38 4284.2104),(39 4779.4585),(40 4331.438),(41 4807.2305),(42 4325.5557),(43 4772.739),(44 4297.789),(45 4747.5376),(46 4269.1763),(47 4707.493),(48 4226.0645),(49 4697.2603),(50 4240.663),(51 4724.678),(52 4243.951),(53 4699.378),(54 4243.72),(55 4717.7607),(56 4250.2354),(57 4702.856),(58 4193.665),(59 4617.643),(60 4134.9565),(61 4548.3325),(62 4068.4983),(63 4538.8413),(64 4065.083),(65 4517.4473),(66 4041.3135),(67 4478.433),(68 4046.326),(69 4513.0264),(70 4080.6248),(71 4527.6494),(72 4071.0374),(73 4508.0923),(74 4038.2756),(75 4507.8213),(76 4053.4822),(77 4508.018),(78 4053.7483),(79 4500.31),
(1 1237.6322),(2 1352.8457),(3 2292.9714),(4 2132.412),(5 2843.4612),(6 2521.71),(7 3113.9207),(8 2743.3179),(9 3306.7896),(10 2914.1758),(11 3460.0461),(12 3057.0476),(13 3582.1614),(14 3182.5383),(15 3702.2095),(16 3295.2761),(17 3784.8425),(18 3375.964),(19 3891.867),(20 3474.2876),(21 4011.7383),(22 3604.481),(23 4135.6196),(24 3729.9705),(25 4251.652),(26 3851.731),(27 4432.6406),(28 4019.7332),(29 4549.9844),(30 4112.879),(31 4633.5547),(32 4183.2676),(33 4717.5146),(34 4273.854),(35 4764.104),(36 4304.803),(37 4778.832),(38 4316.266),(39 4800.205),(40 4319.1445),(41 4757.11),(42 4293.2305),(43 4752.997),(44 4255.7544),(45 4722.2856),(46 4246.0107),(47 4714.314),(48 4220.1255),(49 4699.0903),(50 4211.3984),(51 4664.717),(52 4143.1167),(53 4618.619),(54 4131.5186),(55 4608.662),(56 4118.0938),(57 4557.445),(58 4019.6514),(59 4501.9146),(60 3989.7603),(61 4486.5913),(62 3970.0105),(63 4451.939),(64 3960.4668),(65 4461.121),(66 3955.6985),(67 4427.303),(68 3945.6216),(69 4436.8164),(70 3953.9028),(71 4439.451),(72 3957.3916),(73 4418.868),(74 3889.2844),(75 4404.213),(76 3905.113),(77 4389.683),(78 3879.8079),(79 4362.377),
(1 1199.2551),(2 1313.7777),(3 2199.8071),(4 2055.15),(5 2750.1787),(6 2452.1943),(7 3020.4692),(8 2677.4253),(9 3216.082),(10 2854.568),(11 3356.555),(12 2977.8179),(13 3488.1848),(14 3105.4775),(15 3626.8276),(16 3204.8528),(17 3711.9878),(18 3324.536),(19 3824.017),(20 3427.978),(21 3937.7922),(22 3543.3923),(23 4059.4429),(24 3683.5474),(25 4203.25),(26 3824.2275),(27 4323.393),(28 3928.9133),(29 4452.7417),(30 4046.87),(31 4529.585),(32 4105.33),(33 4590.959),(34 4167.437),(35 4599.8823),(36 4187.5454),(37 4647.889),(38 4189.87),(39 4667.783),(40 4198.661),(41 4612.829),(42 4121.4434),(43 4550.445),(44 4079.6892),(45 4508.058),(46 4027.3398),(47 4447.5967),(48 3984.323),(49 4406.6733),(50 3936.3818),(51 4357.7227),(52 3876.6418),(53 4318.772),(54 3836.5967),(55 4286.473),(56 3842.739),(57 4272.6963),(58 3801.584),(59 4263.747),(60 3779.3513),(61 4228.8325),(62 3731.7507),(63 4150.7417),(64 3682.3157),(65 4171.3687),(66 3705.8208),(67 4175.8174),(68 3734.9668),(69 4222.204),(70 3736.0454),(71 4197.4766),(72 3722.5845),(73 4193.4976),(74 3719.9116),(75 4194.1763),(76 3712.1042),(77 4187.1523),(78 3693.5188),(79 4170.162),
(1 1172.4462),(2 1289.3702),(3 2134.5715),(4 1998.9911),(5 2660.5127),(6 2385.4294),(7 2903.496),(8 2553.2695),(9 3035.3193),(10 2681.0095),(11 3166.226),(12 2790.363),(13 3262.4194),(14 2878.8345),(15 3353.3037),(16 2961.8608),(17 3407.2983),(18 3037.2942),(19 3508.5815),(20 3137.0295),(21 3608.75),(22 3255.312),(23 3714.8696),(24 3362.0117),(25 3838.0596),(26 3490.261),(27 3944.463),(28 3584.3674),(29 4061.684),(30 3687.052),(31 4131.242),(32 3754.422),(33 4197.771),(34 3832.0876),(35 4236.151),(36 3851.2656),(37 4285.667),(38 3904.7832),(39 4311.6997),(40 3884.8247),(41 4319.2607),(42 3877.898),(43 4292.9136),(44 3874.4011),(45 4268.009),(46 3837.088),(47 4225.3223),(48 3782.5198),(49 4166.9663),(50 3734.577),(51 4145.489),(52 3735.3362),(53 4122.7383),(54 3735.0056),(55 4123.205),(56 3772.9343),(57 4183.5117),(58 3753.1768),(59 4154.7744),(60 3724.341),(61 4104.2095),(62 3706.585),(63 4102.987),(64 3687.1416),(65 4085.251),(66 3677.3435),(67 4078.4546),(68 3674.9697),(69 4098.342),(70 3690.8508),(71 4086.5308),(72 3663.7332),(73 4086.76),(74 3671.6155),(75 4090.6094),(76 3658.0427),(77 4059.8062),(78 3649.4436),(79 4051.917),
(1 1209.1064),(2 1319.7166),(3 2245.6582),(4 2074.1704),(5 2774.8308),(6 2445.8208),(7 3012.0483),(8 2596.5593),(9 3104.9138),(10 2692.2642),(11 3225.3315),(12 2800.01),(13 3279.5425),(14 2854.7378),(15 3356.5693),(16 2935.073),(17 3433.2275),(18 3006.9944),(19 3519.6082),(20 3124.805),(21 3622.0442),(22 3213.9023),(23 3725.6892),(24 3299.4893),(25 3802.0945),(26 3408.8835),(27 3937.5232),(28 3509.9602),(29 4024.3672),(30 3614.985),(31 4117.6597),(32 3692.1108),(33 4166.223),(34 3734.9983),(35 4197.8447),(36 3759.6252),(37 4243.484),(38 3803.7905),(39 4277.6484),(40 3795.6077),(41 4249.7983),(42 3804.2747),(43 4221.5083),(44 3773.3088),(45 4195.465),(46 3719.0474),(47 4131.9326),(48 3656.274),(49 4088.3867),(50 3623.985),(51 4090.511),(52 3627.3875),(53 4070.2786),(54 3606.9707),(55 4079.7988),(56 3631.6838),(57 4066.6682),(58 3587.7788),(59 4026.6963),(60 3551.313),(61 4007.6453),(62 3534.1497),(63 3985.8635),(64 3524.6023),(65 3985.2112),(66 3518.8906),(67 3984.33),(68 3526.7446),(69 4008.376),(70 3580.7336),(71 4023.5813),(72 3566.0852),(73 4030.651),(74 3589.3757),(75 4054.6965),(76 3590.3547),(77 4036.8525),(78 3575.9846),(79 4037.4712),
(1 1173.8668),(2 1264.9823),(3 2164.2036),(4 1982.5469),(5 2672.6),(6 2353.156),(7 2908.5847),(8 2514.4595),(9 3039.9487),(10 2644.2456),(11 3164.6804),(12 2738.5117),(13 3224.9739),(14 2816.7559),(15 3341.5186),(16 2927.1458),(17 3440.4268),(18 3016.6677),(19 3557.067),(20 3137.2097),(21 3666.7964),(22 3268.121),(23 3770.8945),(24 3347.5964),(25 3885.2576),(26 3501.6394),(27 4040.5774),(28 3621.3413),(29 4153.7495),(30 3742.1445),(31 4236.644),(32 3785.8884),(33 4276.618),(34 3875.2332),(35 4359.9497),(36 3938.761),(37 4430.087),(38 3980.3103),(39 4452.727),(40 3965.187),(41 4414.3486),(42 3946.4075),(43 4362.6245),(44 3877.2288),(45 4327.019),(46 3837.772),(47 4274.968),(48 3793.1848),(49 4212.1777),(50 3733.7239),(51 4183.072),(52 3694.0176),(53 4132.6104),(54 3653.9111),(55 4091.8748),(56 3618.776),(57 4089.074),(58 3597.0867),(59 4029.7905),(60 3554.8374),(61 4005.6042),(62 3532.7485),(63 3990.5464),(64 3553.7065),(65 4037.4883),(66 3575.7385),(67 4026.1116),(68 3569.6863),(69 4029.5537),(70 3560.0762),(71 4012.03),(72 3556.2947),(73 4014.9456),(74 3572.8286),(75 4024.6956),(76 3561.394),(77 4016.0715),(78 3538.2246),(79 4019.661),
(1 1162.6077),(2 1227.9856),(3 2067.4434),(4 1873.6217),(5 2530.555),(6 2205.6775),(7 2758.7407),(8 2373.7844),(9 2900.4993),(10 2507.394),(11 3009.6191),(12 2624.9573),(13 3103.6482),(14 2725.5237),(15 3247.1223),(16 2841.0247),(17 3361.8945),(18 2960.6042),(19 3458.8281),(20 3058.6738),(21 3565.877),(22 3189.0095),(23 3688.0522),(24 3310.4204),(25 3829.7156),(26 3460.2969),(27 3975.224),(28 3557.2354),(29 4063.517),(30 3637.3281),(31 4124.726),(32 3717.566),(33 4201.515),(34 3778.8123),(35 4256.9536),(36 3810.762),(37 4255.222),(38 3817.7207),(39 4254.2505),(40 3797.6406),(41 4220.324),(42 3771.1372),(43 4204.3667),(44 3759.9985),(45 4222.854),(46 3758.9297),(47 4175.4224),(48 3711.1873),(49 4121.061),(50 3644.5793),(51 4061.1738),(52 3562.737),(53 3974.6174),(54 3489.423),(55 3905.933),(56 3456.6003),(57 3893.5576),(58 3410.4792),(59 3850.4587),(60 3352.536),(61 3799.54),(62 3331.8228),(63 3797.9856),(64 3345.1523),(65 3803.2551),(66 3342.6208),(67 3789.0137),(68 3344.6877),(69 3816.058),(70 3357.6729),(71 3779.3328),(72 3313.8145),(73 3767.3076),(74 3324.782),(75 3780.706),(76 3316.9883),(77 3767.694),(78 3300.8982),(79 3768.3538),
(1 1150.3691),(2 1247.7228),(3 2081.222),(4 1903.098),(5 2542.9116),(6 2219.4565),(7 2741.6497),(8 2351.8823),(9 2838.588),(10 2434.5098),(11 2913.6462),(12 2513.9011),(13 2965.3918),(14 2556.9785),(15 3035.3535),(16 2640.7231),(17 3101.3457),(18 2732.1584),(19 3205.684),(20 2794.8245),(21 3272.186),(22 2900.5977),(23 3376.2856),(24 3014.2004),(25 3497.946),(26 3135.303),(27 3607.622),(28 3230.7852),(29 3717.9583),(30 3314.0613),(31 3761.6812),(32 3387.6084),(33 3827.4448),(34 3435.2178),(35 3879.9016),(36 3480.8572),(37 3912.0222),(38 3492.538),(39 3931.92),(40 3503.0857),(41 3918.7078),(42 3479.7305),(43 3890.8635),(44 3464.6985),(45 3890.0715),(46 3466.948),(47 3858.509),(48 3386.6812),(49 3812.0193),(50 3354.6409),(51 3734.271),(52 3277.7163),(53 3721.391),(54 3269.3818),(55 3677.8132),(56 3258.7588),(57 3662.4824),(58 3191.3875),(59 3594.2898),(60 3158.1729),(61 3607.104),(62 3168.1),(63 3610.5242),(64 3180.0117),(65 3587.139),(66 3147.271),(67 3582.3428),(68 3140.6062),(69 3579.8564),(70 3153.9158),(71 3582.1162),(72 3172.0405),(73 3605.073),(74 3181.4316),(75 3593.0254),(76 3169.4258),(77 3616.2688),(78 3181.452),(79 3634.2095),
(1 1109.8058),(2 1177.3151),(3 1989.9971),(4 1821.1503),(5 2440.1267),(6 2135.5613),(7 2640.2222),(8 2285.3777),(9 2785.8582),(10 2432.4705),(11 2891.163),(12 2524.8718),(13 2987.7417),(14 2587.0588),(15 3044.0042),(16 2661.5068),(17 3128.0017),(18 2773.3147),(19 3246.497),(20 2872.0452),(21 3342.4517),(22 2980.9297),(23 3447.5698),(24 3095.3474),(25 3556.458),(26 3215.4854),(27 3672.141),(28 3302.3235),(29 3734.4983),(30 3366.4841),(31 3794.1157),(32 3430.1887),(33 3871.4963),(34 3468.2952),(35 3888.5813),(36 3506.754),(37 3927.0833),(38 3533.1843),(39 3956.6558),(40 3545.7632),(41 3941.27),(42 3511.834),(43 3869.8938),(44 3436.8608),(45 3813.628),(46 3398.4736),(47 3781.355),(48 3352.1252),(49 3725.6135),(50 3294.334),(51 3678.2803),(52 3248.1667),(53 3655.9504),(54 3219.5474),(55 3628.9482),(56 3220.8293),(57 3606.6042),(58 3152.0356),(59 3549.3438),(60 3120.498),(61 3515.813),(62 3084.6323),(63 3487.9973),(64 3086.3877),(65 3484.7144),(66 3080.37),(67 3489.5125),(68 3084.2522),(69 3506.8662),(70 3093.0994),(71 3507.2605),(72 3099.4307),(73 3526.1462),(74 3115.1592),(75 3521.4177),(76 3084.7908),(77 3501.5767),(78 3081.8877),(79 3506.274),
(1 1129.5868),(2 1201.9541),(3 2035.9513),(4 1844.9878),(5 2491.2),(6 2179.5574),(7 2677.0144),(8 2310.252),(9 2823.1372),(10 2448.2378),(11 2928.7075),(12 2536.436),(13 3018.933),(14 2658.121),(15 3163.5542),(16 2758.8342),(17 3252.4114),(18 2875.9043),(19 3379.2197),(20 2991.7185),(21 3488.614),(22 3100.0166),(23 3586.7136),(24 3187.2131),(25 3689.9668),(26 3294.2852),(27 3787.8975),(28 3378.1443),(29 3861.37),(30 3471.7407),(31 3940.6511),(32 3525.0093),(33 3993.3381),(34 3591.2214),(35 4039.4658),(36 3613.3127),(37 4058.3008),(38 3627.7556),(39 4063.8606),(40 3628.5732),(41 4068.7952),(42 3612.6802),(43 4014.9802),(44 3563.82),(45 3992.7097),(46 3556.0806),(47 3966.873),(48 3532.7886),(49 3954.314),(50 3496.2327),(51 3907.9292),(52 3449.0764),(53 3856.4348),(54 3398.135),(55 3814.7542),(56 3370.6675),(57 3794.0974),(58 3329.4092),(59 3752.9792),(60 3315.9924),(61 3745.3115),(62 3309.13),(63 3743.4185),(64 3317.7017),(65 3739.279),(66 3310.5134),(67 3754.5322),(68 3327.0908),(69 3760.2773),(70 3327.73),(71 3741.736),(72 3312.901),(73 3729.3145),(74 3274.693),(75 3721.8975),(76 3276.066),(77 3694.7458),(78 3250.919),(79 3697.4424),
(1 1109.6477),(2 1177.9121),(3 1988.8243),(4 1785.339),(5 2419.445),(6 2089.192),(7 2631.0693),(8 2253.2415),(9 2763.1487),(10 2371.4373),(11 2854.701),(12 2452.027),(13 2927.631),(14 2528.2693),(15 2992.961),(16 2576.0737),(17 3061.017),(18 2665.028),(19 3159.36),(20 2774.0737),(21 3269.9053),(22 2866.846),(23 3358.085),(24 2981.7783),(25 3461.6987),(26 3079.1455),(27 3572.6187),(28 3177.1445),(29 3654.8496),(30 3244.4033),(31 3711.6753),(32 3304.7769),(33 3777.7385),(34 3368.4734),(35 3830.4802),(36 3420.0334),(37 3878.6514),(38 3457.1543),(39 3912.843),(40 3472.267),(41 3906.8936),(42 3461.2498),(43 3888.0347),(44 3432.756),(45 3838.1018),(46 3387.3987),(47 3815.0417),(48 3380.7356),(49 3779.2534),(50 3310.4849),(51 3739.1348),(52 3287.0745),(53 3736.81),(54 3290.097),(55 3700.3298),(56 3270.6277),(57 3674.3535),(58 3201.1917),(59 3610.5356),(60 3166.5232),(61 3593.685),(62 3136.6177),(63 3569.4932),(64 3136.7395),(65 3585.0144),(66 3143.5222),(67 3561.712),(68 3130.0327),(69 3559.4846),(70 3152.2502),(71 3586.4575),(72 3127.0361),(73 3563.365),(74 3109.6726),(75 3561.9734),(76 3146.307),(77 3583.5435),(78 3146.3513),(79 3600.7998),
(1 1067.3583),(2 1110.5098),(3 1895.132),(4 1695.2142),(5 2288.827),(6 1968.7703),(7 2471.23),(8 2095.8584),(9 2563.7915),(10 2177.0674),(11 2636.447),(12 2273.5852),(13 2741.4324),(14 2369.4277),(15 2828.2974),(16 2437.2092),(17 2893.5588),(18 2522.6958),(19 3002.341),(20 2615.141),(21 3098.2559),(22 2723.8208),(23 3189.5525),(24 2807.749),(25 3255.5493),(26 2890.799),(27 3331.4458),(28 2953.9949),(29 3407.9968),(30 3047.161),(31 3505.1355),(32 3135.898),(33 3577.391),(34 3195.243),(35 3621.1396),(36 3219.551),(37 3625.074),(38 3215.0059),(39 3624.72),(40 3215.4214),(41 3631.5754),(42 3186.9343),(43 3575.1511),(44 3169.8306),(45 3571.2178),(46 3135.482),(47 3533.18),(48 3112.377),(49 3502.541),(50 3081.6113),(51 3490.639),(52 3074.0947),(53 3452.343),(54 3017.9604),(55 3416.8564),(56 3007.466),(57 3393.7295),(58 2948.9038),(59 3336.959),(60 2914.816),(61 3350.7344),(62 2907.7478),(63 3312.0398),(64 2894.9905),(65 3322.3826),(66 2909.9265),(67 3343.3398),(68 2938.816),(69 3363.894),(70 2937.8088),(71 3360.2266),(72 2932.6912),(73 3336.2568),(74 2927.9119),(75 3366.562),(76 2951.73),(77 3344.9634),(78 2927.9468),(79 3341.1086),
(1 1085.4805),(2 1100.9932),(3 1905.6674),(4 1697.6),(5 2306.6257),(6 1971.933),(7 2497.2878),(8 2116.2756),(9 2615.7598),(10 2248.2852),(11 2740.0952),(12 2362.9272),(13 2833.5872),(14 2440.2542),(15 2928.4521),(16 2500.3684),(17 2999.7607),(18 2631.3093),(19 3121.2913),(20 2739.859),(21 3247.1843),(22 2870.8562),(23 3366.2036),(24 2978.5327),(25 3476.391),(26 3096.0588),(27 3577.7703),(28 3198.3843),(29 3704.3936),(30 3305.6235),(31 3777.452),(32 3358.9883),(33 3819.5254),(34 3424.1548),(35 3879.005),(36 3454.8918),(37 3911.2761),(38 3474.2896),(39 3896.7717),(40 3460.2244),(41 3873.8337),(42 3402.1692),(43 3794.1543),(44 3371.637),(45 3782.1572),(46 3329.8105),(47 3744.4373),(48 3309.6848),(49 3700.4155),(50 3252.913),(51 3677.5234),(52 3224.6855),(53 3634.794),(54 3159.0042),(55 3563.7827),(56 3124.2231),(57 3544.683),(58 3080.9324),(59 3489.608),(60 3057.2908),(61 3486.9375),(62 3045.2666),(63 3473.943),(64 3028.9382),(65 3446.9963),(66 2998.914),(67 3433.6396),(68 2997.6301),(69 3424.07),(70 3005.0886),(71 3429.4128),(72 2992.9275),(73 3410.7734),(74 2987.745),(75 3432.5337),(76 3008.4326),(77 3427.1113),(78 2989.8474),(79 3399.6003),
(1 1036.0668),(2 1062.6654),(3 1827.9584),(4 1651.1323),(5 2234.5684),(6 1917.8362),(7 2407.1345),(8 2036.7389),(9 2499.121),(10 2164.8513),(11 2639.409),(12 2287.0142),(13 2741.3218),(14 2357.6968),(15 2819.6062),(16 2433.5308),(17 2900.9526),(18 2547.2156),(19 3016.8628),(20 2648.85),(21 3124.307),(22 2758.0532),(23 3224.5542),(24 2852.438),(25 3305.116),(26 2921.2546),(27 3389.123),(28 3001.0237),(29 3467.1917),(30 3087.454),(31 3527.8523),(32 3138.4736),(33 3583.9119),(34 3201.7593),(35 3636.9243),(36 3206.7292),(37 3644.402),(38 3217.0322),(39 3623.3162),(40 3191.1729),(41 3600.471),(42 3159.1199),(43 3547.9224),(44 3115.939),(45 3543.7937),(46 3087.1873),(47 3504.9812),(48 3075.1973),(49 3486.271),(50 3042.6013),(51 3448.8362),(52 3010.6597),(53 3414.8828),(54 2965.614),(55 3386.5068),(56 2944.0237),(57 3346.862),(58 2891.79),(59 3292.216),(60 2855.67),(61 3275.5483),(62 2832.2563),(63 3230.71),(64 2795.32),(65 3225.5117),(66 2800.935),(67 3229.454),(68 2807.3462),(69 3221.913),(70 2805.7498),(71 3230.6812),(72 2810.409),(73 3224.999),(74 2809.3481),(75 3243.48),(76 2838.4753),(77 3246.701),(78 2856.367),(79 3267.7249),
(1 1040.009),(2 1040.6293),(3 1808.0171),(4 1586.9805),(5 2158.4866),(6 1808.0757),(7 2302.345),(8 1927.0945),(9 2406.8005),(10 2034.2356),(11 2500.7112),(12 2138.3787),(13 2619.284),(14 2245.2883),(15 2704.769),(16 2322.278),(17 2769.0652),(18 2407.1978),(19 2884.956),(20 2500.0715),(21 2986.8584),(22 2615.494),(23 3088.4106),(24 2713.171),(25 3185.1484),(26 2813.7742),(27 3286.9495),(28 2891.665),(29 3378.9092),(30 2973.4775),(31 3417.9836),(32 3019.5247),(33 3489.7324),(34 3080.2996),(35 3535.791),(36 3105.4404),(37 3564.2317),(38 3136.6646),(39 3566.334),(40 3112.5664),(41 3539.2305),(42 3096.8506),(43 3513.5483),(44 3053.9746),(45 3482.7761),(46 3026.1301),(47 3458.0044),(48 3005.1636),(49 3419.9336),(50 2981.6965),(51 3400.7874),(52 2949.9473),(53 3370.446),(54 2904.5813),(55 3335.0796),(56 2872.3564),(57 3280.3804),(58 2820.4255),(59 3232.512),(60 2781.4868),(61 3209.9766),(62 2760.1484),(63 3199.189),(64 2763.8298),(65 3214.8337),(66 2799.4363),(67 3245.6165),(68 2823.4216),(69 3268.7737),(70 2847.2185),(71 3286.2188),(72 2846.393),(73 3288.1086),(74 2826.5618),(75 3293.7065),(76 2867.034),(77 3319.4502),(78 2899.4238),(79 3318.583),
(1 1002.12103),(2 1012.7957),(3 1747.179),(4 1551.3772),(5 2098.362),(6 1799.8982),(7 2281.0186),(8 1924.1879),(9 2383.892),(10 2019.8053),(11 2456.0283),(12 2100.295),(13 2535.8784),(14 2184.944),(15 2617.0994),(16 2258.4077),(17 2687.6824),(18 2331.9275),(19 2787.1335),(20 2411.9436),(21 2849.4873),(22 2496.512),(23 2929.752),(24 2592.7617),(25 3033.5396),(26 2671.9255),(27 3103.8354),(28 2730.138),(29 3158.8054),(30 2790.7834),(31 3198.9507),(32 2819.7927),(33 3221.6074),(34 2845.4434),(35 3250.7039),(36 2870.546),(37 3281.7844),(38 2902.4114),(39 3304.196),(40 2925.5864),(41 3320.0242),(42 2925.1257),(43 3305.8289),(44 2901.5063),(45 3291.8296),(46 2874.6626),(47 3264.065),(48 2849.9736),(49 3256.8552),(50 2849.4182),(51 3256.335),(52 2829.6377),(53 3223.2607),(54 2806.8862),(55 3200.2234),(56 2773.3748),(57 3168.1536),(58 2727.626),(59 3102.668),(60 2691.5781),(61 3096.1677),(62 2672.4968),(63 3067.725),(64 2668.8865),(65 3107.5886),(66 2696.804),(67 3114.4927),(68 2715.3174),(69 3134.4043),(70 2737.772),(71 3139.0088),(72 2739.478),(73 3133.3848),(74 2739.8547),(75 3170.267),(76 2754.8674),(77 3160.6199),(78 2739.8518),(79 3136.206),
(1 1012.46674),(2 1024.6117),(3 1753.2534),(4 1547.8896),(5 2106.8618),(6 1782.0967),(7 2264.1018),(8 1888.6415),(9 2359.4397),(10 1980.3987),(11 2422.583),(12 2041.8684),(13 2464.4097),(14 2079.325),(15 2524.9736),(16 2135.9004),(17 2563.7063),(18 2177.972),(19 2615.2434),(20 2264.97),(21 2698.1746),(22 2334.9863),(23 2755.1892),(24 2422.976),(25 2855.342),(26 2510.992),(27 2956.1536),(28 2579.9817),(29 3000.6514),(30 2637.4897),(31 3060.3225),(32 2688.6099),(33 3110.62),(34 2756.2437),(35 3156.2336),(36 2779.1858),(37 3188.494),(38 2809.638),(39 3223.914),(40 2821.1272),(41 3201.5918),(42 2806.4568),(43 3188.8982),(44 2769.1338),(45 3144.402),(46 2742.494),(47 3142.1025),(48 2741.3367),(49 3131.8174),(50 2717.5508),(51 3114.5562),(52 2688.218),(53 3074.712),(54 2661.0835),(55 3052.5054),(56 2653.5334),(57 3049.5828),(58 2645.8083),(59 3031.5938),(60 2644.2214),(61 3049.1272),(62 2627.9888),(63 3039.8464),(64 2653.7175),(65 3065.0132),(66 2674.8545),(67 3069.9236),(68 2657.6594),(69 3080.9973),(70 2684.3772),(71 3088.3481),(72 2688.6467),(73 3079.3145),(74 2697.415),(75 3107.129),(76 2715.2307),(77 3123.5974),(78 2710.675),(79 3102.5808),
(1 992.8862),(2 977.7527),(3 1697.331),(4 1478.895),(5 2035.655),(6 1727.5472),(7 2194.4666),(8 1799.0757),(9 2255.2744),(10 1885.9092),(11 2342.8684),(12 1958.7024),(13 2409.5132),(14 2030.9703),(15 2479.1755),(16 2090.2568),(17 2526.4353),(18 2157.014),(19 2582.3845),(20 2192.9558),(21 2626.662),(22 2263.5461),(23 2690.7268),(24 2320.9063),(25 2743.783),(26 2389.9502),(27 2825.3071),(28 2434.3003),(29 2831.9873),(30 2434.5432),(31 2858.561),(32 2478.0088),(33 2905.394),(34 2519.5564),(35 2933.1404),(36 2535.3179),(37 2963.9802),(38 2584.0237),(39 2990.6975),(40 2608.0017),(41 3003.9888),(42 2594.8652),(43 2976.1313),(44 2563.8875),(45 2956.3481),(46 2544.2512),(47 2935.836),(48 2534.0313),(49 2934.8337),(50 2517.1104),(51 2925.4238),(52 2517.752),(53 2906.4058),(54 2491.8408),(55 2894.2617),(56 2485.6313),(57 2866.5273),(58 2463.5984),(59 2846.6772),(60 2440.4524),(61 2840.7034),(62 2425.36),(63 2828.2917),(64 2429.4336),(65 2846.8005),(66 2459.9001),(67 2873.2737),(68 2465.911),(69 2885.0283),(70 2466.0964),(71 2861.5889),(72 2445.4988),(73 2848.2727),(74 2441.5754),(75 2857.5662),(76 2486.9639),(77 2910.6091),(78 2491.0835),(79 2904.3672),
(1 984.83777),(2 954.1054),(3 1666.1501),(4 1445.5009),(5 1994.1328),(6 1675.9607),(7 2151.033),(8 1784.5807),(9 2240.0872),(10 1887.8591),(11 2337.5364),(12 1961.7457),(13 2406.0767),(14 2014.5876),(15 2451.7153),(16 2064.417),(17 2501.735),(18 2120.9614),(19 2534.0547),(20 2163.1482),(21 2609.462),(22 2223.6858),(23 2649.2195),(24 2305.8743),(25 2746.917),(26 2393.464),(27 2836.8906),(28 2460.9739),(29 2866.8604),(30 2474.8726),(31 2906.7031),(32 2528.4722),(33 2920.2966),(34 2533.2363),(35 2960.2715),(36 2568.2795),(37 2978.0623),(38 2596.084),(39 2975.8582),(40 2607.7542),(41 3017.3916),(42 2597.9504),(43 2976.9983),(44 2555.0034),(45 2947.4402),(46 2521.3564),(47 2917.3823),(48 2516.2434),(49 2918.4482),(50 2507.99),(51 2912.3281),(52 2480.6072),(53 2868.2034),(54 2457.179),(55 2853.5198),(56 2431.5024),(57 2802.4329),(58 2379.5603),(59 2768.071),(60 2345.4978),(61 2749.3647),(62 2340.683),(63 2756.4202),(64 2362.173),(65 2771.3108),(66 2370.5447),(67 2787.505),(68 2385.835),(69 2806.3257),(70 2383.2178),(71 2795.7585),(72 2378.0493),(73 2801.0396),(74 2389.2434),(75 2807.1563),(76 2405.0264),(77 2819.627),(78 2407.37),(79 2814.3013),
(1 984.5475),(2 956.4152),(3 1676.12),(4 1447.551),(5 2003.124),(6 1672.9371),(7 2140.6216),(8 1763.2616),(9 2217.2039),(10 1865.3125),(11 2320.092),(12 1952.9696),(13 2400.9067),(14 2022.2566),(15 2459.8123),(16 2087.8394),(17 2542.9365),(18 2173.4287),(19 2628.1697),(20 2250.2217),(21 2682.6497),(22 2306.3926),(23 2748.2102),(24 2379.8237),(25 2835.9358),(26 2461.3035),(27 2890.367),(28 2512.1653),(29 2947.51),(30 2548.961),(31 2984.6685),(32 2588.7053),(33 3014.5),(34 2611.684),(35 3025.0166),(36 2635.041),(37 3061.4282),(38 2651.4326),(39 3080.508),(40 2667.0159),(41 3059.2473),(42 2636.6147),(43 3015.3704),(44 2592.9116),(45 2981.2424),(46 2562.4707),(47 2966.8342),(48 2547.3638),(49 2966.5872),(50 2527.0198),(51 2930.0596),(52 2484.0024),(53 2879.2249),(54 2457.5793),(55 2877.383),(56 2453.5208),(57 2849.4868),(58 2415.3213),(59 2837.8455),(60 2414.03),(61 2826.1895),(62 2394.0786),(63 2798.0696),(64 2374.0493),(65 2793.8577),(66 2376.7559),(67 2804.8596),(68 2381.7913),(69 2808.6982),(70 2398.6736),(71 2830.4468),(72 2412.8691),(73 2823.3152),(74 2406.424),(75 2821.3508),(76 2417.9373),(77 2830.0247),(78 2414.9119),(79 2830.1672),
(1 923.8443),(2 928.2514),(3 1580.4207),(4 1379.0115),(5 1885.7252),(6 1590.6335),(7 2025.8687),(8 1702.9404),(9 2132.9045),(10 1819.1624),(11 2234.9082),(12 1900.4326),(13 2303.7646),(14 1976.6267),(15 2390.679),(16 2035.2681),(17 2438.3499),(18 2099.1958),(19 2513.3772),(20 2182.5386),(21 2586.1758),(22 2245.2432),(23 2643.7153),(24 2308.443),(25 2720.4917),(26 2378.974),(27 2764.113),(28 2423.6624),(29 2819.7676),(30 2471.5544),(31 2867.8474),(32 2529.6975),(33 2887.6365),(34 2538.0122),(35 2892.5962),(36 2528.742),(37 2927.374),(38 2573.9016),(39 2942.789),(40 2591.1514),(41 2942.883),(42 2571.4238),(43 2900.419),(44 2528.5193),(45 2887.4824),(46 2514.6558),(47 2865.9893),(48 2503.9348),(49 2872.3115),(50 2499.5667),(51 2866.2532),(52 2478.1975),(53 2841.9966),(54 2474.1277),(55 2819.3193),(56 2459.2207),(57 2801.4753),(58 2403.817),(59 2754.8662),(60 2388.6956),(61 2745.688),(62 2379.6174),(63 2739.6968),(64 2371.4573),(65 2756.0469),(66 2378.864),(67 2751.5515),(68 2398.6824),(69 2760.6528),(70 2398.6758),(71 2773.3992),(72 2419.3074),(73 2776.6892),(74 2422.6563),(75 2785.3867),(76 2423.6377),(77 2779.3728),(78 2388.8677),(79 2755.7537),
(1 937.51044),(2 901.42725),(3 1596.2883),(4 1370.3116),(5 1904.3354),(6 1596.8918),(7 2052.02),(8 1692.9679),(9 2140.5417),(10 1792.6875),(11 2230.0002),(12 1873.9664),(13 2291.9128),(14 1935.2048),(15 2373.2097),(16 1985.408),(17 2403.3738),(18 2045.2284),(19 2469.5833),(20 2112.2803),(21 2546.1558),(22 2187.069),(23 2613.073),(24 2256.9539),(25 2666.0278),(26 2327.7434),(27 2739.1304),(28 2358.054),(29 2775.344),(30 2408.5068),(31 2833.258),(32 2461.9487),(33 2881.487),(34 2504.3032),(35 2908.5146),(36 2539.0688),(37 2941.4368),(38 2556.4177),(39 2950.146),(40 2552.0823),(41 2939.2253),(42 2551.6501),(43 2909.3),(44 2498.737),(45 2883.3147),(46 2486.9246),(47 2863.9648),(48 2488.1162),(49 2873.0313),(50 2477.2),(51 2858.399),(52 2460.3235),(53 2837.7708),(54 2442.157),(55 2810.3528),(56 2411.3154),(57 2769.847),(58 2361.146),(59 2716.4978),(60 2329.151),(61 2710.3066),(62 2345.042),(63 2746.0017),(64 2371.1587),(65 2770.7693),(66 2409.8123),(67 2798.906),(68 2419.8992),(69 2803.9229),(70 2416.3184),(71 2784.8909),(72 2393.3982),(73 2777.1824),(74 2400.4358),(75 2789.3948),(76 2419.3416),(77 2800.226),(78 2399.3772),(79 2775.6733),
(1 940.0208),(2 895.3069),(3 1581.0985),(4 1355.8938),(5 1904.8744),(6 1577.5594),(7 2041.215),(8 1681.452),(9 2148.2449),(10 1800.6719),(11 2273.625),(12 1915.2306),(13 2344.1177),(14 1975.1656),(15 2406.1484),(16 2037.7455),(17 2484.0269),(18 2115.875),(19 2561.96),(20 2208.6863),(21 2647.623),(22 2281.0952),(23 2716.107),(24 2356.6306),(25 2778.5513),(26 2424.3923),(27 2862.202),(28 2492.149),(29 2924.6704),(30 2533.4119),(31 2957.03),(32 2575.8848),(33 2995.773),(34 2613.609),(35 3032.8003),(36 2628.032),(37 3046.5505),(38 2633.5164),(39 3030.65),(40 2638.2715),(41 3039.971),(42 2615.769),(43 2996.984),(44 2561.2822),(45 2941.936),(46 2525.8203),(47 2925.987),(48 2512.0725),(49 2912.042),(50 2479.693),(51 2890.9993),(52 2478.7275),(53 2872.979),(54 2463.6519),(55 2867.7266),(56 2445.7798),(57 2825.2285),(58 2397.9495),(59 2800.2424),(60 2378.8767),(61 2776.296),(62 2367.454),(63 2777.9788),(64 2379.644),(65 2792.9614),(66 2391.0916),(67 2801.6296),(68 2411.2576),(69 2808.7927),(70 2401.8892),(71 2794.44),(72 2394.6265),(73 2800.9177),(74 2399.9116),(75 2809.2168),(76 2404.4016),(77 2811.371),(78 2398.8682),(79 2806.247),
(1 902.3706),(2 846.15765),(3 1473.8717),(4 1252.5774),(5 1765.7676),(6 1455.6514),(7 1897.021),(8 1541.1371),(9 1985.785),(10 1645.0646),(11 2083.561),(12 1736.4114),(13 2160.7092),(14 1795.0878),(15 2215.1416),(16 1853.507),(17 2262.9592),(18 1910.3175),(19 2338.7124),(20 2004.1427),(21 2418.548),(22 2047.4758),(23 2473.1978),(24 2122.8628),(25 2542.3042),(26 2198.397),(27 2613.8345),(28 2251.3254),(29 2638.8398),(30 2265.4006),(31 2660.3225),(32 2296.1187),(33 2690.242),(34 2326.626),(35 2718.918),(36 2336.7659),(37 2728.7861),(38 2348.5596),(39 2742.3708),(40 2356.0776),(41 2741.42),(42 2339.9893),(43 2715.7898),(44 2309.537),(45 2682.9011),(46 2299.5396),(47 2683.6436),(48 2295.2542),(49 2676.6882),(50 2270.5918),(51 2660.1477),(52 2266.9675),(53 2662.601),(54 2249.9363),(55 2632.2327),(56 2225.8005),(57 2607.2),(58 2196.1814),(59 2577.2354),(60 2169.6),(61 2549.1787),(62 2144.6975),(63 2539.935),(64 2149.6418),(65 2557.758),(66 2173.4075),(67 2562.9104),(68 2183.6191),(69 2590.1204),(70 2199.0774),(71 2580.8264),(72 2198.1492),(73 2588.4497),(74 2201.3647),(75 2602.062),(76 2189.0908),(77 2577.626),(78 2182.3123),(79 2565.619),
(1 910.70917),(2 845.85895),(3 1476.9457),(4 1234.04),(5 1740.5234),(6 1427.5708),(7 1872.2809),(8 1528.6691),(9 1960.4908),(10 1613.2445),(11 2036.2179),(12 1675.1178),(13 2082.6836),(14 1717.2032),(15 2137.1738),(16 1760.1038),(17 2163.3035),(18 1802.5088),(19 2235.1948),(20 1882.4043),(21 2301.6035),(22 1936.2137),(23 2345.598),(24 1980.844),(25 2393.126),(26 2048.3142),(27 2452.5393),(28 2099.1838),(29 2499.598),(30 2133.1018),(31 2544.1345),(32 2168.4011),(33 2576.0894),(34 2190.1624),(35 2576.9653),(36 2182.9631),(37 2575.6792),(38 2195.2695),(39 2592.3066),(40 2196.8281),(41 2575.1658),(42 2181.9998),(43 2585.1682),(44 2190.5037),(45 2563.9058),(46 2176.3604),(47 2573.3782),(48 2174.8252),(49 2549.6912),(50 2146.771),(51 2533.1655),(52 2140.0557),(53 2542.764),(54 2141.179),(55 2537.4448),(56 2145.7146),(57 2536.2002),(58 2129.0012),(59 2510.5256),(60 2111.381),(61 2497.9795),(62 2107.321),(63 2504.9163),(64 2114.6052),(65 2497.6792),(66 2108.858),(67 2497.6326),(68 2119.3264),(69 2517.8281),(70 2129.5034),(71 2536.9646),(72 2159.6152),(73 2559.2195),(74 2173.689),(75 2574.3083),(76 2166.089),(77 2549.385),(78 2145.0696),(79 2553.03),
(1 897.4567),(2 862.1631),(3 1494.5593),(4 1271.9014),(5 1773.1669),(6 1462.1138),(7 1884.6113),(8 1545.8873),(9 1958.3253),(10 1624.7975),(11 2049.5208),(12 1693.7609),(13 2083.8599),(14 1722.2544),(15 2139.7458),(16 1781.2917),(17 2175.049),(18 1831.6383),(19 2252.28),(20 1912.9539),(21 2327.6597),(22 1982.8417),(23 2376.633),(24 2032.1044),(25 2427.4756),(26 2077.3252),(27 2467.079),(28 2102.8945),(29 2509.035),(30 2161.2712),(31 2541.6724),(32 2194.529),(33 2569.8499),(34 2222.3652),(35 2594.0325),(36 2215.4644),(37 2589.5696),(38 2214.87),(39 2601.133),(40 2221.3389),(41 2587.2385),(42 2191.3997),(43 2560.0789),(44 2179.4197),(45 2543.3271),(46 2179.5474),(47 2548.8088),(48 2181.6382),(49 2554.876),(50 2153.2185),(51 2521.4514),(52 2140.7458),(53 2503.9001),(54 2118.073),(55 2474.9026),(56 2109.6912),(57 2463.419),(58 2086.9207),(59 2444.8787),(60 2064.641),(61 2440.4526),(62 2080.517),(63 2454.351),(64 2092.7283),(65 2472.0725),(66 2105.7556),(67 2462.5562),(68 2088.1985),(69 2465.1416),(70 2103.9548),(71 2478.5925),(72 2097.708),(73 2465.861),(74 2113.1497),(75 2478.0483),(76 2110.0396),(77 2489.7144),(78 2112.1416),(79 2488.9294),
(1 875.6326),(2 811.7704),(3 1415.8905),(4 1164.7827),(5 1664.8313),(6 1350.3798),(7 1788.2316),(8 1433.1265),(9 1849.5852),(10 1507.8464),(11 1915.4441),(12 1547.713),(13 1961.2808),(14 1614.172),(15 2022.7036),(16 1654.353),(17 2067.8743),(18 1708.9694),(19 2139.4116),(20 1783.9304),(21 2189.3577),(22 1829.6205),(23 2245.0212),(24 1885.3517),(25 2302.7878),(26 1940.4268),(27 2365.5159),(28 1997.3142),(29 2402.2869),(30 2035.9001),(31 2445.8914),(32 2073.3538),(33 2472.4016),(34 2097.1646),(35 2474.1616),(36 2090.9092),(37 2481.7131),(38 2097.7075),(39 2475.5952),(40 2090.4434),(41 2465.8145),(42 2080.743),(43 2470.541),(44 2090.8271),(45 2479.6814),(46 2106.6953),(47 2483.878),(48 2091.784),(49 2464.706),(50 2064.7268),(51 2432.2449),(52 2038.7764),(53 2422.6663),(54 2027.5449),(55 2403.97),(56 2015.9996),(57 2404.5447),(58 1988.9387),(59 2357.6265),(60 1979.8324),(61 2366.5195),(62 1995.9219),(63 2372.2644),(64 2000.3842),(65 2389.1453),(66 2012.041),(67 2383.6992),(68 2004.8795),(69 2380.3843),(70 2002.1024),(71 2376.1558),(72 2021.4214),(73 2389.5623),(74 2029.5591),(75 2399.818),(76 2040.8145),(77 2415.9387),(78 2039.8652),(79 2409.5603),
(1 858.49084),(2 795.38184),(3 1393.6171),(4 1155.4315),(5 1643.3378),(6 1342.0359),(7 1769.2828),(8 1422.4783),(9 1836.7203),(10 1500.1427),(11 1896.7947),(12 1538.8524),(13 1919.0901),(14 1563.9703),(15 1969.6666),(16 1621.6672),(17 2038.72),(18 1692.8585),(19 2096.6682),(20 1743.6815),(21 2151.3052),(22 1784.6954),(23 2192.2134),(24 1843.4757),(25 2247.6958),(26 1890.6865),(27 2312.1973),(28 1950.5851),(29 2365.3452),(30 1978.7266),(31 2373.794),(32 2003.3014),(33 2396.1543),(34 2042.6351),(35 2434.543),(36 2066.766),(37 2458.293),(38 2075.877),(39 2471.673),(40 2083.6672),(41 2466.8472),(42 2072.4167),(43 2444.8818),(44 2058.372),(45 2448.4102),(46 2054.0486),(47 2438.8533),(48 2042.7036),(49 2428.4866),(50 2048.5544),(51 2422.2964),(52 2040.8274),(53 2432.2356),(54 2026.7352),(55 2401.9822),(56 2018.4734),(57 2387.0469),(58 1989.0758),(59 2358.3665),(60 1969.2274),(61 2361.592),(62 1968.5984),(63 2362.0662),(64 1972.7556),(65 2351.436),(66 1982.453),(67 2358.5408),(68 1980.8341),(69 2367.273),(70 1987.0278),(71 2350.8206),(72 1968.8832),(73 2347.8948),(74 1962.3479),(75 2336.8188),(76 1952.7267),(77 2339.4534),(78 1954.0166),(79 2325.9788),
(1 852.379),(2 799.57263),(3 1375.6578),(4 1160.862),(5 1626.9814),(6 1326.9116),(7 1722.6207),(8 1390.8151),(9 1774.7471),(10 1449.6907),(11 1833.1598),(12 1497.2637),(13 1857.5614),(14 1530.5602),(15 1912.6431),(16 1591.1084),(17 1975.628),(18 1639.0867),(19 2030.3715),(20 1695.484),(21 2090.4993),(22 1753.1754),(23 2138.6794),(24 1807.7424),(25 2196.6545),(26 1874.3572),(27 2255.8887),(28 1912.0197),(29 2285.5405),(30 1937.3566),(31 2305.2788),(32 1961.3347),(33 2339.7266),(34 2003.1074),(35 2362.4656),(36 2024.9064),(37 2384.4946),(38 2019.0869),(39 2383.9758),(40 2013.6989),(41 2375.6514),(42 2005.8022),(43 2358.721),(44 2010.279),(45 2363.6462),(46 2005.8354),(47 2371.7104),(48 1998.754),(49 2336.4832),(50 1965.3239),(51 2318.9988),(52 1964.7563),(53 2318.2104),(54 1946.4939),(55 2308.413),(56 1937.6621),(57 2300.7786),(58 1920.7537),(59 2281.1177),(60 1906.8154),(61 2279.1602),(62 1903.4171),(63 2284.886),(64 1916.3544),(65 2280.7947),(66 1916.6643),(67 2284.2131),(68 1923.0513),(69 2306.4854),(70 1946.2764),(71 2305.2837),(72 1932.938),(73 2301.1501),(74 1934.106),(75 2298.015),(76 1938.2167),(77 2295.625),(78 1912.5756),(79 2277.4514),
(1 862.6827),(2 811.9608),(3 1411.4363),(4 1183.3436),(5 1646.4254),(6 1331.8224),(7 1725.756),(8 1395.7357),(9 1800.0022),(10 1469.9088),(11 1868.3632),(12 1516.145),(13 1893.8984),(14 1554.4064),(15 1947.2483),(16 1602.0825),(17 1984.3959),(18 1644.9965),(19 2029.3662),(20 1687.3732),(21 2087.7683),(22 1752.9149),(23 2141.4893),(24 1807.7775),(25 2207.7214),(26 1878.5864),(27 2276.252),(28 1927.4696),(29 2306.4084),(30 1954.4629),(31 2346.4705),(32 1997.6064),(33 2381.2507),(34 2036.9716),(35 2400.2532),(36 2047.8678),(37 2396.907),(38 2045.1333),(39 2394.946),(40 2041.3407),(41 2409.9111),(42 2064.8599),(43 2407.2747),(44 2034.4678),(45 2380.4116),(46 2014.205),(47 2358.0527),(48 1986.6752),(49 2344.152),(50 1967.7249),(51 2332.5623),(52 1959.4446),(53 2322.354),(54 1958.1666),(55 2310.303),(56 1954.2589),(57 2303.8003),(58 1926.7966),(59 2279.5122),(60 1894.1226),(61 2265.2026),(62 1895.3856),(63 2274.0667),(64 1910.7333),(65 2294.8147),(66 1933.2852),(67 2291.5486),(68 1933.3558),(69 2309.746),(70 1950.4536),(71 2321.214),(72 1949.6317),(73 2311.4646),(74 1935.9463),(75 2300.5776),(76 1934.4819),(77 2298.4424),(78 1939.46),(79 2293.608),
(1 869.535),(2 812.1647),(3 1417.6848),(4 1189.6638),(5 1659.663),(6 1348.6741),(7 1756.2692),(8 1416.2871),(9 1816.3334),(10 1478.6573),(11 1875.5396),(12 1525.4845),(13 1907.9329),(14 1573.185),(15 1966.1683),(16 1609.9581),(17 1992.1205),(18 1648.8442),(19 2027.3674),(20 1696.6572),(21 2095.8215),(22 1735.8225),(23 2130.4048),(24 1771.862),(25 2171.5696),(26 1807.9996),(27 2194.6978),(28 1842.1216),(29 2247.8667),(30 1895.6909),(31 2285.5876),(32 1913.1653),(33 2301.1213),(34 1939.3687),(35 2327.7524),(36 1958.7385),(37 2330.9917),(38 1973.9344),(39 2334.6304),(40 1981.1694),(41 2359.0095),(42 1976.8259),(43 2329.888),(44 1962.1064),(45 2320.0398),(46 1953.3488),(47 2316.9067),(48 1948.9633),(49 2300.5686),(50 1922.3212),(51 2298.2727),(52 1905.2833),(53 2259.144),(54 1901.7805),(55 2262.5435),(56 1888.5598),(57 2263.2195),(58 1863.9402),(59 2232.6343),(60 1859.6754),(61 2233.8252),(62 1856.589),(63 2241.9084),(64 1862.4729),(65 2246.2437),(66 1891.7382),(67 2270.758),(68 1898.4465),(69 2282.5896),(70 1915.5095),(71 2306.6953),(72 1921.182),(73 2305.1587),(74 1944.757),(75 2324.5564),(76 1952.7318),(77 2317.7395),(78 1943.5072),(79 2313.0513),
(1 860.12463),(2 806.4221),(3 1412.0474),(4 1172.1045),(5 1637.7628),(6 1319.9613),(7 1719.6959),(8 1364.7859),(9 1761.0353),(10 1413.8475),(11 1819.8688),(12 1463.1864),(13 1846.6603),(14 1498.7286),(15 1892.4368),(16 1533.256),(17 1921.3579),(18 1595.406),(19 1982.9617),(20 1660.3483),(21 2056.1204),(22 1698.8107),(23 2102.8633),(24 1760.2466),(25 2139.9417),(26 1789.306),(27 2172.4927),(28 1825.0177),(29 2229.7598),(30 1887.2014),(31 2277.9368),(32 1933.8485),(33 2303.99),(34 1943.1151),(35 2314.3945),(36 1952.5516),(37 2334.728),(38 1972.1932),(39 2354.5134),(40 1974.9302),(41 2350.8293),(42 1971.6224),(43 2333.509),(44 1966.9392),(45 2326.878),(46 1948.7167),(47 2312.98),(48 1944.1492),(49 2308.9092),(50 1937.641),(51 2284.326),(52 1897.4967),(53 2247.0752),(54 1888.7018),(55 2240.6497),(56 1869.5094),(57 2236.5632),(58 1854.052),(59 2219.4739),(60 1836.1758),(61 2208.603),(62 1831.1265),(63 2199.0378),(64 1841.5344),(65 2217.6785),(66 1858.5774),(67 2233.647),(68 1866.3285),(69 2231.102),(70 1853.6334),(71 2242.3481),(72 1866.16),(73 2248.7952),(74 1886.2927),(75 2270.6204),(76 1880.8978),(77 2255.8599),(78 1878.2329),(79 2263.0513),
(1 825.06604),(2 745.761),(3 1313.7233),(4 1091.0306),(5 1537.4932),(6 1227.8932),(7 1623.2396),(8 1292.4475),(9 1670.3702),(10 1342.6526),(11 1728.0917),(12 1383.8466),(13 1752.5123),(14 1432.8691),(15 1806.4163),(16 1472.7836),(17 1845.3196),(18 1515.5311),(19 1898.341),(20 1570.6952),(21 1942.017),(22 1619.8868),(23 1988.2775),(24 1670.9218),(25 2044.2972),(26 1716.1066),(27 2074.671),(28 1743.6735),(29 2110.5437),(30 1776.0333),(31 2132.659),(32 1796.7606),(33 2150.0454),(34 1828.4442),(35 2179.5352),(36 1840.7789),(37 2198.2458),(38 1852.6163),(39 2181.6865),(40 1846.7726),(41 2194.1023),(42 1846.9972),(43 2182.3591),(44 1829.1288),(45 2156.565),(46 1806.9886),(47 2128.4011),(48 1791.3813),(49 2138.0518),(50 1792.1763),(51 2135.0222),(52 1776.5776),(53 2107.4478),(54 1751.508),(55 2090.658),(56 1742.2113),(57 2081.0088),(58 1716.6337),(59 2050.9998),(60 1701.1863),(61 2062.2798),(62 1709.7905),(63 2062.622),(64 1718.0222),(65 2072.3784),(66 1729.0078),(67 2109.5386),(68 1766.9749),(69 2119.5967),(70 1756.8301),(71 2109.2734),(72 1755.5063),(73 2096.549),(74 1745.1565),(75 2100.4253),(76 1762.5428),(77 2117.8635),(78 1754.7654),(79 2105.2156),
(1 814.228),(2 723.867),(3 1275.4979),(4 1022.42645),(5 1459.197),(6 1146.4764),(7 1549.9325),(8 1221.4559),(9 1620.0955),(10 1296.2222),(11 1687.4247),(12 1345.2555),(13 1725.6086),(14 1406.639),(15 1798.9513),(16 1456.1296),(17 1844.0422),(18 1500.598),(19 1883.7307),(20 1543.2195),(21 1920.6586),(22 1595.2789),(23 1970.92),(24 1645.4906),(25 2025.98),(26 1683.8866),(27 2069.1406),(28 1727.5269),(29 2108.6985),(30 1772.8427),(31 2142.3357),(32 1799.0261),(33 2171.9136),(34 1841.1627),(35 2206.3638),(36 1864.1499),(37 2213.6006),(38 1848.1096),(39 2203.3828),(40 1846.1589),(41 2203.1782),(42 1847.593),(43 2182.4614),(44 1818.4689),(45 2160.4116),(46 1794.0269),(47 2143.3882),(48 1784.7998),(49 2124.4812),(50 1765.6205),(51 2118.6936),(52 1748.3975),(53 2091.8398),(54 1733.7607),(55 2077.2505),(56 1714.9431),(57 2051.1643),(58 1683.667),(59 2025.5753),(60 1666.7903),(61 2014.7244),(62 1646.8773),(63 2001.5796),(64 1647.9967),(65 2004.2761),(66 1651.3087),(67 2012.1353),(68 1662.968),(69 2025.4813),(70 1666.9685),(71 2027.016),(72 1654.3004),(73 1992.5643),(74 1650.7412),(75 2012.1277),(76 1672.6525),(77 2015.5122),(78 1658.4032),(79 2010.2947),
(1 809.7245),(2 729.5534),(3 1280.3013),(4 1045.6276),(5 1473.2804),(6 1156.8003),(7 1540.158),(8 1201.7792),(9 1577.9528),(10 1242.038),(11 1627.3119),(12 1292.5331),(13 1661.4551),(14 1334.3524),(15 1704.476),(16 1369.3785),(17 1744.6168),(18 1420.7499),(19 1781.38),(20 1451.8419),(21 1825.872),(22 1490.7871),(23 1855.0112),(24 1530.693),(25 1896.4331),(26 1571.3064),(27 1951.2185),(28 1610.9142),(29 1979.193),(30 1657.1338),(31 2019.4008),(32 1691.6483),(33 2052.0564),(34 1721.637),(35 2070.4834),(36 1732.32),(37 2091.5413),(38 1734.0317),(39 2092.484),(40 1750.4448),(41 2097.2761),(42 1757.8445),(43 2104.0154),(44 1752.9941),(45 2101.6228),(46 1756.0267),(47 2099.3135),(48 1755.2573),(49 2105.1614),(50 1762.1396),(51 2117.8184),(52 1756.1427),(53 2095.2192),(54 1730.5109),(55 2074.075),(56 1722.9388),(57 2070.3276),(58 1709.6598),(59 2056.638),(60 1696.7666),(61 2045.181),(62 1683.9604),(63 2036.3623),(64 1677.9487),(65 2043.5474),(66 1685.8198),(67 2041.2083),(68 1696.0656),(69 2052.6726),(70 1694.1857),(71 2038.9177),(72 1679.9294),(73 2033.6066),(74 1689.6842),(75 2051.972),(76 1701.5497),(77 2056.0134),(78 1693.2136),(79 2046.5345),
(1 800.16956),(2 723.70575),(3 1280.6097),(4 1047.5632),(5 1489.9318),(6 1174.7468),(7 1564.05),(8 1226.3914),(9 1605.302),(10 1277.9741),(11 1667.9562),(12 1336.3757),(13 1707.7919),(14 1379.653),(15 1749.9785),(16 1412.378),(17 1780.8578),(18 1453.9825),(19 1831.0315),(20 1500.0973),(21 1880.886),(22 1545.0378),(23 1904.3174),(24 1560.5575),(25 1938.1152),(26 1603.6357),(27 1978.3059),(28 1641.224),(29 2015.0029),(30 1689.0209),(31 2037.4095),(32 1694.6775),(33 2049.0657),(34 1716.2659),(35 2067.0845),(36 1728.6998),(37 2088.622),(38 1737.0116),(39 2085.6416),(40 1735.4653),(41 2069.851),(42 1715.406),(43 2067.2712),(44 1703.0441),(45 2046.0251),(46 1687.1168),(47 2035.3405),(48 1682.6182),(49 2040.3087),(50 1681.4109),(51 2034.0835),(52 1678.8948),(53 2029.9982),(54 1678.0502),(55 2027.8408),(56 1669.1858),(57 2023.0952),(58 1669.1635),(59 2023.9204),(60 1659.8805),(61 2027.0575),(62 1670.434),(63 2033.1345),(64 1665.5463),(65 2026.2009),(66 1666.0503),(67 2027.1682),(68 1690.6268),(69 2057.5332),(70 1693.3807),(71 2046.7483),(72 1686.9314),(73 2052.8645),(74 1709.8181),(75 2076.5598),(76 1723.6277),(77 2079.4663),(78 1713.9678),(79 2070.5962),
(1 785.38544),(2 705.60925),(3 1265.1776),(4 1041.2665),(5 1470.6287),(6 1159.2179),(7 1539.2118),(8 1206.8173),(9 1590.1185),(10 1266.0406),(11 1653.4983),(12 1326.056),(13 1694.556),(14 1366.5846),(15 1736.15),(16 1400.5437),(17 1778.1769),(18 1452.1095),(19 1810.2782),(20 1494.0145),(21 1871.0077),(22 1535.0729),(23 1909.6707),(24 1581.9895),(25 1958.778),(26 1633.1913),(27 2002.9318),(28 1663.3306),(29 2025.8086),(30 1696.2206),(31 2067.9136),(32 1725.3575),(33 2077.99),(34 1749.5104),(35 2105.9324),(36 1767.3423),(37 2123.8394),(38 1780.5404),(39 2125.7039),(40 1773.6149),(41 2110.9038),(42 1766.974),(43 2090.3071),(44 1739.0382),(45 2083.046),(46 1729.6029),(47 2071.362),(48 1725.895),(49 2066.2354),(50 1710.3691),(51 2058.0828),(52 1690.3004),(53 2032.6238),(54 1665.5645),(55 2005.1123),(56 1669.0261),(57 2016.5363),(58 1651.768),(59 1996.6587),(60 1631.2996),(61 1982.0444),(62 1633.3759),(63 1986.8782),(64 1630.7773),(65 1982.1274),(66 1630.7855),(67 1988.3457),(68 1650.6294),(69 2006.5583),(70 1661.099),(71 2008.577),(72 1652.2848),(73 1994.0292),(74 1650.821),(75 2004.6818),(76 1653.8845),(77 1991.8364),(78 1640.0988),(79 1994.8296),
(1 779.8451),(2 689.4305),(3 1222.1146),(4 982.11633),(5 1402.6945),(6 1097.2422),(7 1479.5084),(8 1158.3958),(9 1533.3711),(10 1211.1262),(11 1581.464),(12 1256.5789),(13 1615.5684),(14 1294.5452),(15 1666.7415),(16 1333.209),(17 1699.0272),(18 1380.5259),(19 1742.8864),(20 1422.2994),(21 1796.034),(22 1457.5897),(23 1834.0613),(24 1504.1655),(25 1872.2933),(26 1533.1199),(27 1893.1139),(28 1569.8529),(29 1926.4072),(30 1593.947),(31 1942.4902),(32 1616.6868),(33 1964.3551),(34 1635.3835),(35 1973.2432),(36 1637.3063),(37 1989.7698),(38 1639.5774),(39 1993.9543),(40 1650.1637),(41 1987.9987),(42 1635.5116),(43 1969.4396),(44 1624.3003),(45 1964.1405),(46 1618.6066),(47 1957.8777),(48 1603.925),(49 1941.3264),(50 1604.947),(51 1941.2169),(52 1580.3339),(53 1913.8788),(54 1564.1001),(55 1904.4985),(56 1551.8845),(57 1901.1355),(58 1537.638),(59 1884.9788),(60 1535.0286),(61 1879.1818),(62 1529.8114),(63 1869.2599),(64 1536.701),(65 1881.4985),(66 1545.0936),(67 1880.9271),(68 1538.6365),(69 1889.3439),(70 1548.3755),(71 1879.4801),(72 1544.8003),(73 1902.1315),(74 1556.0651),(75 1908.1558),(76 1562.9554),(77 1899.5587),(78 1555.8684),(79 1904.41),
(1 767.02386),(2 656.3054),(3 1168.3059),(4 923.77576),(5 1336.4122),(6 1038.1432),(7 1416.8241),(8 1099.5906),(9 1471.7078),(10 1152.4457),(11 1524.5236),(12 1206.3762),(13 1559.7386),(14 1237.9764),(15 1602.9114),(16 1282.2999),(17 1637.3555),(18 1316.0253),(19 1680.0237),(20 1353.1802),(21 1719.2457),(22 1394.1705),(23 1759.0355),(24 1440.5829),(25 1807.194),(26 1480.3501),(27 1842.7482),(28 1507.5234),(29 1871.8535),(30 1530.4045),(31 1884.3285),(32 1554.39),(33 1910.473),(34 1583.0007),(35 1927.9274),(36 1579.0598),(37 1926.0479),(38 1585.1964),(39 1936.256),(40 1579.8502),(41 1935.895),(42 1593.3944),(43 1921.1304),(44 1575.1754),(45 1917.6649),(46 1567.0559),(47 1903.1344),(48 1548.909),(49 1870.0092),(50 1513.934),(51 1847.0121),(52 1495.7075),(53 1828.9254),(54 1467.8549),(55 1797.6038),(56 1446.4839),(57 1781.6123),(58 1422.8093),(59 1769.4254),(60 1414.7246),(61 1754.3541),(62 1405.3114),(63 1760.6863),(64 1420.6355),(65 1768.2034),(66 1422.489),(67 1773.8715),(68 1443.0745),(69 1774.7704),(70 1435.7079),(71 1773.1437),(72 1439.6239),(73 1795.3529),(74 1450.3119),(75 1810.2283),(76 1458.2125),(77 1804.0643),(78 1464.7622),(79 1820.2213),
(1 741.3812),(2 641.2431),(3 1155.3756),(4 926.7317),(5 1340.7974),(6 1048.6832),(7 1409.9034),(8 1076.434),(9 1435.6317),(10 1126.3351),(11 1483.6715),(12 1173.9473),(13 1517.5375),(14 1206.6859),(15 1565.0461),(16 1257.3264),(17 1607.5425),(18 1297.3524),(19 1633.5096),(20 1326.4137),(21 1669.0339),(22 1359.5834),(23 1697.2869),(24 1381.0059),(25 1732.7241),(26 1418.435),(27 1767.1594),(28 1439.2706),(29 1774.9558),(30 1451.2032),(31 1795.7036),(32 1482.6205),(33 1822.2169),(34 1496.2404),(35 1837.07),(36 1516.534),(37 1847.2566),(38 1515.572),(39 1852.6642),(40 1517.7339),(41 1843.0726),(42 1520.2814),(43 1822.8469),(44 1492.1248),(45 1815.3911),(46 1485.9252),(47 1807.0779),(48 1480.087),(49 1796.187),(50 1462.7378),(51 1796.7196),(52 1462.3042),(53 1786.825),(54 1448.6145),(55 1772.5668),(56 1447.3959),(57 1772.2861),(58 1426.3595),(59 1743.6696),(60 1415.2388),(61 1740.8665),(62 1405.9308),(63 1739.2644),(64 1414.0281),(65 1749.594),(66 1423.622),(67 1762.4482),(68 1439.9025),(69 1765.6777),(70 1437.7175),(71 1756.026),(72 1430.6693),(73 1775.9515),(74 1453.4293),(75 1798.1736),(76 1446.4669),(77 1793.9506),(78 1445.2839),(79 1776.8032),
(1 742.92755),(2 618.2386),(3 1123.2798),(4 889.35046),(5 1297.9481),(6 993.08105),(7 1364.0178),(8 1035.2225),(9 1418.2697),(10 1104.9863),(11 1472.3826),(12 1146.3911),(13 1502.5195),(14 1192.6334),(15 1555.0443),(16 1236.6458),(17 1589.0809),(18 1282.5021),(19 1625.7576),(20 1306.277),(21 1656.5265),(22 1337.9532),(23 1672.9934),(24 1344.273),(25 1696.3757),(26 1365.2928),(27 1711.114),(28 1379.598),(29 1730.7667),(30 1418.0553),(31 1753.3607),(32 1424.0774),(33 1761.4735),(34 1427.6238),(35 1749.4884),(36 1420.9061),(37 1753.6454),(38 1420.7424),(39 1737.7494),(40 1410.2844),(41 1743.9653),(42 1411.0367),(43 1726.3722),(44 1392.835),(45 1722.812),(46 1394.3539),(47 1713.7798),(48 1390.2031),(49 1711.7058),(50 1371.619),(51 1707.0558),(52 1371.9023),(53 1698.0089),(54 1363.4645),(55 1680.1587),(56 1349.093),(57 1679.3953),(58 1329.4235),(59 1661.8503),(60 1342.0857),(61 1669.1737),(62 1329.9246),(63 1663.9336),(64 1339.8131),(65 1672.5072),(66 1343.7471),(67 1682.1938),(68 1360.4211),(69 1692.4316),(70 1357.542),(71 1687.35),(72 1355.1221),(73 1700.4144),(74 1358.7948),(75 1702.6575),(76 1374.2031),(77 1709.1182),(78 1374.5321),(79 1709.1759),
(1 741.2708),(2 623.54926),(3 1123.6893),(4 871.19696),(5 1283.5737),(6 974.04834),(7 1346.9453),(8 1023.64606),(9 1400.8788),(10 1081.5015),(11 1448.5804),(12 1123.0153),(13 1479.538),(14 1162.9163),(15 1518.1449),(16 1181.6682),(17 1539.0466),(18 1227.3965),(19 1573.3973),(20 1250.3452),(21 1602.3419),(22 1271.032),(23 1612.0114),(24 1302.5505),(25 1652.2734),(26 1324.8712),(27 1662.3934),(28 1331.9491),(29 1682.6047),(30 1363.9463),(31 1705.1156),(32 1375.9926),(33 1714.2592),(34 1391.2432),(35 1720.1118),(36 1378.7676),(37 1710.6682),(38 1372.2343),(39 1711.4205),(40 1383.0363),(41 1710.6567),(42 1380.0328),(43 1703.8059),(44 1357.1779),(45 1685.6599),(46 1348.4822),(47 1666.0685),(48 1346.3895),(49 1663.9546),(50 1330.9802),(51 1665.109),(52 1322.8704),(53 1646.987),(54 1313.0685),(55 1647.375),(56 1315.5322),(57 1648.9105),(58 1306.0248),(59 1641.3221),(60 1300.8116),(61 1638.3032),(62 1296.237),(63 1639.6226),(64 1300.6991),(65 1641.372),(66 1307.1603),(67 1651.0889),(68 1324.8124),(69 1668.4916),(70 1337.7999),(71 1674.8666),(72 1341.9192),(73 1685.5972),(74 1350.2365),(75 1694.1887),(76 1356.0845),(77 1688.189),(78 1349.961),(79 1681.8665),
(1 720.58167),(2 612.7909),(3 1094.8705),(4 853.9122),(5 1246.2079),(6 948.3086),(7 1296.6202),(8 987.8925),(9 1345.9141),(10 1035.774),(11 1392.4686),(12 1078.4747),(13 1422.9691),(14 1109.0308),(15 1455.7909),(16 1136.1216),(17 1480.9237),(18 1171.3007),(19 1512.3503),(20 1195.4574),(21 1535.9528),(22 1223.2676),(23 1559.8789),(24 1251.0508),(25 1590.5889),(26 1275.8894),(27 1611.5654),(28 1282.0603),(29 1610.1903),(30 1287.5195),(31 1617.4917),(32 1299.5316),(33 1642.6912),(34 1320.8824),(35 1637.2706),(36 1300.5103),(37 1631.7428),(38 1295.0593),(39 1626.6383),(40 1303.9751),(41 1626.7549),(42 1303.491),(43 1620.5908),(44 1285.6571),(45 1606.125),(46 1273.4214),(47 1596.297),(48 1276.8892),(49 1594.8127),(50 1261.8392),(51 1589.3379),(52 1273.4026),(53 1598.102),(54 1271.8812),(55 1603.8387),(56 1282.1191),(57 1603.8071),(58 1271.165),(59 1592.276),(60 1266.2744),(61 1597.8184),(62 1272.0736),(63 1599.8971),(64 1271.5399),(65 1597.9006),(66 1278.7944),(67 1602.9362),(68 1286.1553),(69 1620.4497),(70 1281.0347),(71 1615.4453),(72 1285.3708),(73 1614.9863),(74 1281.0905),(75 1607.8297),(76 1276.8643),(77 1594.0631),(78 1266.9619),(79 1597.0918),
(1 716.1688),(2 595.3933),(3 1078.2556),(4 835.2602),(5 1230.6599),(6 927.3551),(7 1282.0676),(8 965.1338),(9 1326.2661),(10 1011.7371),(11 1370.1951),(12 1048.4656),(13 1413.0488),(14 1102.8109),(15 1442.5967),(16 1120.8892),(17 1470.5995),(18 1153.7903),(19 1498.164),(20 1189.0553),(21 1536.1505),(22 1222.9894),(23 1563.9042),(24 1247.9922),(25 1585.4838),(26 1255.9803),(27 1604.0153),(28 1274.778),(29 1617.5444),(30 1292.1776),(31 1621.7017),(32 1280.618),(33 1622.0901),(34 1307.6808),(35 1635.001),(36 1300.5349),(37 1631.0336),(38 1290.7279),(39 1618.6595),(40 1276.1222),(41 1604.7776),(42 1269.614),(43 1589.0925),(44 1264.7123),(45 1580.9167),(46 1246.1055),(47 1564.4368),(48 1238.8755),(49 1571.8762),(50 1243.0631),(51 1570.2449),(52 1248.5393),(53 1574.2546),(54 1259.959),(55 1591.4321),(56 1253.5968),(57 1579.9943),(58 1262.3275),(59 1581.4794),(60 1260.5803),(61 1595.969),(62 1261.8231),(63 1602.8354),(64 1266.9873),(65 1595.0647),(66 1271.1228),(67 1603.524),(68 1287.0524),(69 1609.096),(70 1271.416),(71 1610.032),(72 1288.3147),(73 1615.663),(74 1282.739),(75 1613.1567),(76 1281.8461),(77 1609.0029),(78 1277.734),(79 1615.7673),
(1 709.3447),(2 581.4914),(3 1064.7666),(4 816.9255),(5 1202.6411),(6 902.975),(7 1259.1912),(8 943.0102),(9 1299.2441),(10 983.4421),(11 1331.2313),(12 1013.1931),(13 1364.5828),(14 1056.2914),(15 1404.5522),(16 1074.9761),(17 1421.7823),(18 1105.6926),(19 1455.0654),(20 1144.7882),(21 1497.6278),(22 1171.1361),(23 1513.9219),(24 1199.7961),(25 1532.6982),(26 1223.0465),(27 1569.2109),(28 1240.6744),(29 1588.3308),(30 1273.4951),(31 1601.4635),(32 1280.3358),(33 1605.8818),(34 1277.9198),(35 1610.9291),(36 1291.0104),(37 1623.1051),(38 1296.0814),(39 1628.7893),(40 1286.9261),(41 1625.1047),(42 1286.2079),(43 1597.9832),(44 1265.8612),(45 1586.5934),(46 1247.3442),(47 1574.4861),(48 1244.1505),(49 1576.6768),(50 1244.9741),(51 1583.5077),(52 1256.9398),(53 1586.3109),(54 1247.1888),(55 1579.4539),(56 1247.5632),(57 1569.1613),(58 1239.8467),(59 1565.5774),(60 1246.2668),(61 1584.5991),(62 1248.3928),(63 1592.0707),(64 1267.0646),(65 1605.2804),(66 1289.2526),(67 1619.3738),(68 1296.2347),(69 1620.2568),(70 1297.5731),(71 1625.7413),(72 1289.3352),(73 1613.5148),(74 1277.4916),(75 1621.5054),(76 1301.5066),(77 1631.0334),(78 1297.2072),(79 1630.2551),
(1 701.838),(2 575.6636),(3 1036.48),(4 787.56335),(5 1153.6438),(6 857.1497),(7 1201.3977),(8 896.7265),(9 1243.9952),(10 936.06415),(11 1275.2836),(12 970.1984),(13 1298.5167),(14 1001.8714),(15 1325.9774),(16 1019.41394),(17 1341.5883),(18 1048.4006),(19 1377.6582),(20 1076.5862),(21 1426.2847),(22 1118.6515),(23 1447.983),(24 1143.1057),(25 1469.3756),(26 1165.7798),(27 1488.0437),(28 1178.3905),(29 1518.0919),(30 1204.6111),(31 1535.2773),(32 1221.9507),(33 1543.4973),(34 1227.245),(35 1542.8016),(36 1223.9944),(37 1532.3125),(38 1214.7382),(39 1532.6034),(40 1222.702),(41 1533.2206),(42 1212.6974),(43 1525.0212),(44 1198.1702),(45 1518.8708),(46 1196.7351),(47 1510.3604),(48 1189.8724),(49 1514.9904),(50 1187.601),(51 1507.187),(52 1184.8416),(53 1493.7274),(54 1173.1731),(55 1487.0787),(56 1168.7211),(57 1484.6635),(58 1162.7065),(59 1478.8763),(60 1166.4751),(61 1484.0121),(62 1165.8732),(63 1498.0023),(64 1181.1812),(65 1494.373),(66 1176.5109),(67 1491.055),(68 1193.3411),(69 1499.0261),(70 1185.1414),(71 1500.6146),(72 1184.6388),(73 1503.494),(74 1190.4451),(75 1506.3566),(76 1194.5581),(77 1509.0443),(78 1187.1),(79 1500.82),
(1 690.8364),(2 564.88153),(3 1023.9802),(4 777.8426),(5 1157.2968),(6 864.04083),(7 1209.577),(8 908.62146),(9 1254.6625),(10 953.2133),(11 1289.1978),(12 975.1351),(13 1308.2789),(14 1006.8652),(15 1340.9484),(16 1037.5232),(17 1363.2955),(18 1065.0424),(19 1396.2502),(20 1092.0481),(21 1421.9011),(22 1114.8402),(23 1434.4385),(24 1136.0399),(25 1468.3033),(26 1162.6473),(27 1496.7822),(28 1176.5596),(29 1511.3351),(30 1206.935),(31 1514.0278),(32 1202.0114),(33 1522.6769),(34 1217.9893),(35 1534.8866),(36 1211.5083),(37 1526.2742),(38 1218.3167),(39 1524.5184),(40 1216.1698),(41 1528.9469),(42 1207.4495),(43 1522.4845),(44 1203.0375),(45 1516.4882),(46 1199.2676),(47 1513.9193),(48 1201.4026),(49 1518.9237),(50 1195.4028),(51 1511.6112),(52 1196.2324),(53 1500.0205),(54 1192.8232),(55 1506.4313),(56 1195.6431),(57 1513.9397),(58 1185.2338),(59 1499.8013),(60 1191.9918),(61 1507.6803),(62 1192.8298),(63 1519.3661),(64 1211.4012),(65 1539.6661),(66 1224.2697),(67 1540.0754),(68 1227.6007),(69 1540.6812),(70 1226.587),(71 1546.3622),(72 1231.3306),(73 1553.0602),(74 1235.4547),(75 1558.2324),(76 1236.4711),(77 1551.8352),(78 1224.4336),(79 1552.8994),
(1 690.6819),(2 563.90576),(3 1023.182),(4 773.85297),(5 1146.0574),(6 844.73364),(7 1199.6991),(8 893.21716),(9 1242.6626),(10 941.2241),(11 1275.3829),(12 967.596),(13 1304.7307),(14 1000.4711),(15 1335.1783),(16 1019.6406),(17 1359.6824),(18 1044.2269),(19 1379.4528),(20 1065.7433),(21 1389.8057),(22 1086.7509),(23 1406.8108),(24 1103.5953),(25 1431.6407),(26 1123.3292),(27 1454.4589),(28 1128.8054),(29 1455.5195),(30 1143.546),(31 1456.6826),(32 1147.6263),(33 1470.0115),(34 1166.0782),(35 1474.5021),(36 1147.9951),(37 1467.8463),(38 1159.7172),(39 1468.6167),(40 1151.6632),(41 1453.9227),(42 1140.1125),(43 1454.9468),(44 1133.5906),(45 1449.2695),(46 1128.7666),(47 1448.095),(48 1124.1217),(49 1446.9071),(50 1120.2101),(51 1441.9114),(52 1130.9053),(53 1444.0521),(54 1130.2098),(55 1442.6641),(56 1132.0245),(57 1451.9961),(58 1126.1659),(59 1438.6201),(60 1135.0332),(61 1452.6809),(62 1130.211),(63 1456.9424),(64 1134.6863),(65 1464.7102),(66 1147.4844),(67 1469.4584),(68 1154.3997),(69 1465.8751),(70 1156.9756),(71 1468.4388),(72 1155.3413),(73 1482.6266),(74 1173.5807),(75 1500.5599),(76 1168.3821),(77 1496.527),(78 1172.398),(79 1496.0177),
(1 687.0206),(2 561.42456),(3 1028.8322),(4 783.32434),(5 1157.7906),(6 859.2375),(7 1206.0754),(8 895.347),(9 1234.6024),(10 922.28424),(11 1272.045),(12 978.58075),(13 1318.037),(14 1009.03986),(15 1344.892),(16 1024.6664),(17 1361.698),(18 1054.3792),(19 1392.3627),(20 1083.2699),(21 1419.8522),(22 1097.0604),(23 1430.9722),(24 1123.0587),(25 1452.2251),(26 1144.4601),(27 1483.7872),(28 1161.3529),(29 1496.9186),(30 1176.9801),(31 1503.1542),(32 1183.6768),(33 1502.7389),(34 1189.2175),(35 1499.7234),(36 1185.4578),(37 1505.827),(38 1191.0986),(39 1514.3109),(40 1184.4388),(41 1492.7264),(42 1176.439),(43 1490.2719),(44 1155.5631),(45 1461.8108),(46 1140.074),(47 1466.1624),(48 1145.5109),(49 1461.6216),(50 1139.2274),(51 1454.7877),(52 1129.1344),(53 1450.3872),(54 1128.1433),(55 1437.1891),(56 1122.1921),(57 1441.791),(58 1113.715),(59 1428.1919),(60 1108.0079),(61 1440.8145),(62 1115.3062),(63 1447.7148),(64 1119.3976),(65 1447.4628),(66 1126.794),(67 1447.8597),(68 1133.1748),(69 1453.8229),(70 1135.8671),(71 1453.2072),(72 1127.079),(73 1454.8429),(74 1147.557),(75 1467.6569),(76 1148.7961),(77 1470.658),(78 1145.7938),(79 1470.3176),
(1 657.0927),(2 527.9421),(3 960.508),(4 720.7881),(5 1075.4048),(6 795.04193),(7 1126.6106),(8 838.336),(9 1165.345),(10 870.04675),(11 1191.1398),(12 904.1092),(13 1212.7075),(14 924.68243),(15 1239.5898),(16 943.98114),(17 1262.9476),(18 973.40125),(19 1297.033),(20 1003.98676),(21 1324.0587),(22 1025.0579),(23 1340.991),(24 1047.5876),(25 1362.576),(26 1069.009),(27 1382.4467),(28 1077.5748),(29 1389.2701),(30 1092.5454),(31 1397.2339),(32 1095.3854),(33 1407.8064),(34 1105.8964),(35 1407.5839),(36 1109.1511),(37 1428.0677),(38 1110.4393),(39 1414.11),(40 1102.7139),(41 1413.0801),(42 1111.1008),(43 1408.7623),(44 1097.3688),(45 1398.4241),(46 1092.6119),(47 1403.3774),(48 1098.8263),(49 1405.2872),(50 1084.6742),(51 1393.9082),(52 1079.7848),(53 1388.3344),(54 1080.1292),(55 1380.228),(56 1074.5134),(57 1380.8198),(58 1058.5377),(59 1365.859),(60 1057.1929),(61 1383.0569),(62 1066.462),(63 1382.573),(64 1072.8873),(65 1390.842),(66 1081.7786),(67 1394.6084),(68 1090.1421),(69 1403.375),(70 1093.272),(71 1406.767),(72 1090.636),(73 1404.202),(74 1101.0139),(75 1418.8566),(76 1100.3376),(77 1417.1464),(78 1102.7999),(79 1417.8955),
(1 658.44763),(2 531.35284),(3 970.03955),(4 720.31885),(5 1072.2288),(6 785.9807),(7 1111.9573),(8 813.86914),(9 1138.6082),(10 848.88434),(11 1179.5359),(12 892.6233),(13 1220.7571),(14 928.2616),(15 1247.2054),(16 954.8052),(17 1278.471),(18 987.8613),(19 1300.7614),(20 1009.6115),(21 1332.1465),(22 1037.213),(23 1343.9183),(24 1046.8455),(25 1356.4569),(26 1060.8043),(27 1376.3156),(28 1067.3365),(29 1380.987),(30 1089.3683),(31 1404.4873),(32 1104.8539),(33 1416.4962),(34 1115.981),(35 1421.7051),(36 1115.7079),(37 1428.3649),(38 1113.5334),(39 1417.4521),(40 1104.61),(41 1410.1168),(42 1101.1324),(43 1395.7653),(44 1078.8873),(45 1374.556),(46 1069.5073),(47 1370.1521),(48 1064.713),(49 1362.7942),(50 1050.6558),(51 1361.9609),(52 1047.9565),(53 1356.2522),(54 1046.5531),(55 1352.149),(56 1047.3507),(57 1356.6467),(58 1035.9941),(59 1344.936),(60 1031.2527),(61 1341.594),(62 1036.3704),(63 1350.8285),(64 1034.9974),(65 1358.3036),(66 1043.7313),(67 1357.0256),(68 1053.625),(69 1371.84),(70 1058.0044),(71 1370.0907),(72 1058.4469),(73 1374.6802),(74 1064.8491),(75 1381.7714),(76 1067.981),(77 1369.6079),(78 1053.9886),(79 1371.3186),
(1 642.36694),(2 512.3555),(3 938.0796),(4 691.07477),(5 1039.2717),(6 762.5776),(7 1089.581),(8 797.8075),(9 1112.8751),(10 838.3383),(11 1151.0696),(12 864.1127),(13 1168.9385),(14 875.972),(15 1183.6365),(16 893.7165),(17 1208.3447),(18 928.1245),(19 1245.2715),(20 948.81134),(21 1254.3671),(22 966.96045),(23 1282.4153),(24 979.305),(25 1286.3794),(26 991.26483),(27 1300.9419),(28 1002.5937),(29 1311.8002),(30 1021.3533),(31 1318.0875),(32 1032.5746),(33 1324.8085),(34 1047.0869),(35 1346.5397),(36 1050.749),(37 1339.5228),(38 1036.3091),(39 1328.2137),(40 1033.9254),(41 1325.8881),(42 1024.0681),(43 1313.7773),(44 1011.1738),(45 1302.5256),(46 1010.64154),(47 1309.6421),(48 1016.5668),(49 1310.9768),(50 1016.24115),(51 1306.0751),(52 1012.0207),(53 1301.9933),(54 1010.1607),(55 1299.4774),(56 997.2748),(57 1302.0736),(58 992.73096),(59 1297.4822),(60 1011.0035),(61 1316.6244),(62 1027.7965),(63 1326.5247),(64 1021.52875),(65 1324.94),(66 1018.80725),(67 1319.4015),(68 1023.1456),(69 1320.4814),(70 1017.6251),(71 1316.2823),(72 1023.0327),(73 1320.1776),(74 1022.2144),(75 1319.896),(76 1028.2493),(77 1333.7473),(78 1032.3456),(79 1333.2272),
(1 654.4204),(2 521.7757),(3 952.3611),(4 713.1198),(5 1068.8383),(6 778.9256),(7 1106.8173),(8 812.6438),(9 1138.9353),(10 848.8892),(11 1172.51),(12 879.4399),(13 1190.8378),(14 894.2922),(15 1204.8507),(16 917.689),(17 1233.2823),(18 949.4439),(19 1261.55),(20 966.4484),(21 1283.0295),(22 988.30493),(23 1299.7255),(24 1001.93555),(25 1312.613),(26 1016.5468),(27 1328.7345),(28 1031.6715),(29 1341.399),(30 1039.4049),(31 1332.8505),(32 1041.4169),(33 1346.2988),(34 1051.8691),(35 1358.2815),(36 1060.6696),(37 1366.8285),(38 1065.0029),(39 1371.3417),(40 1074.113),(41 1372.0249),(42 1072.0167),(43 1367.6781),(44 1064.918),(45 1368.5994),(46 1062.8163),(47 1363.232),(48 1065.2511),(49 1359.0374),(50 1055.4199),(51 1355.4865),(52 1058.9734),(53 1358.2432),(54 1055.1978),(55 1349.182),(56 1039.3451),(57 1347.4897),(58 1039.849),(59 1332.245),(60 1031.1761),(61 1333.1763),(62 1035.1156),(63 1338.8309),(64 1036.3215),(65 1342.3005),(66 1040.2343),(67 1349.8173),(68 1051.1995),(69 1350.431),(70 1038.9075),(71 1351.1096),(72 1049.9961),(73 1350.173),(74 1053.2449),(75 1360.2294),(76 1050.3455),(77 1361.0078),(78 1053.0145),(79 1358.6226),
(1 640.93506),(2 502.56207),(3 925.0874),(4 678.146),(5 1033.6934),(6 747.13403),(7 1060.8779),(8 767.49963),(9 1096.3466),(10 811.86755),(11 1129.1957),(12 841.98267),(13 1155.172),(14 864.31805),(15 1173.7874),(16 890.8816),(17 1208.723),(18 923.7532),(19 1236.6788),(20 944.3995),(21 1259.6534),(22 965.0378),(23 1271.0879),(24 973.4706),(25 1294.065),(26 1005.9943),(27 1313.6353),(28 1018.7465),(29 1328.1895),(30 1025.8743),(31 1331.1951),(32 1032.6156),(33 1339.5397),(34 1040.1455),(35 1340.5842),(36 1040.9884),(37 1335.545),(38 1033.5813),(39 1339.4316),(40 1043.1793),(41 1343.548),(42 1043.3093),(43 1331.969),(44 1024.7053),(45 1328.9937),(46 1024.6532),(47 1312.6127),(48 1006.8927),(49 1304.5186),(50 999.26306),(51 1305.693),(52 997.03656),(53 1300.2892),(54 1000.25),(55 1300.9124),(56 996.9164),(57 1299.7671),(58 992.24756),(59 1294.7789),(60 993.0309),(61 1296.6956),(62 1000.93256),(63 1304.3243),(64 1010.60297),(65 1320.8553),(66 1017.213),(67 1319.9128),(68 1027.7549),(69 1329.195),(70 1027.8165),(71 1328.4117),(72 1022.6111),(73 1329.1497),(74 1027.8566),(75 1328.0841),(76 1020.7931),(77 1319.5878),(78 1023.07104),(79 1321.3539),
(1 628.80414),(2 492.59604),(3 903.9131),(4 664.1735),(5 1000.52673),(6 726.4775),(7 1046.2494),(8 763.666),(9 1083.2944),(10 804.92163),(11 1114.8763),(12 838.09326),(13 1145.8142),(14 858.81726),(15 1159.8347),(16 870.998),(17 1177.4877),(18 899.56995),(19 1206.8618),(20 920.9672),(21 1223.5867),(22 934.08875),(23 1231.2136),(24 952.37463),(25 1244.9988),(26 964.11053),(27 1264.7183),(28 972.09973),(29 1258.9208),(30 972.713),(31 1258.2542),(32 968.6502),(33 1262.8717),(34 977.79095),(35 1265.729),(36 973.9196),(37 1258.2361),(38 972.21277),(39 1271.966),(40 982.59735),(41 1270.3385),(42 979.1612),(43 1273.4838),(44 978.56586),(45 1267.2422),(46 975.2109),(47 1259.6862),(48 964.65076),(49 1261.378),(50 973.96716),(51 1260.2273),(52 964.4306),(53 1256.2335),(54 966.70825),(55 1259.2428),(56 959.1118),(57 1250.6902),(58 956.379),(59 1253.1971),(60 957.61066),(61 1257.8043),(62 957.69934),(63 1253.8474),(64 959.1244),(65 1263.1788),(66 964.96326),(67 1257.667),(68 968.4049),(69 1268.8201),(70 978.8257),(71 1274.5576),(72 971.8031),(73 1275.3251),(74 980.65515),(75 1284.2988),(76 989.16235),(77 1286.2343),(78 991.1299),(79 1287.2134),
(1 634.8862),(2 477.5472),(3 886.8746),(4 636.47754),(5 986.25073),(6 706.1926),(7 1031.905),(8 734.3025),(9 1054.8612),(10 769.1486),(11 1093.2949),(12 800.1147),(13 1117.1057),(14 826.52637),(15 1136.1593),(16 838.1612),(17 1151.7076),(18 867.0216),(19 1183.0306),(20 889.0786),(21 1208.5492),(22 911.09296),(23 1223.0219),(24 932.0712),(25 1244.601),(26 946.38007),(27 1256.274),(28 952.43506),(29 1251.4019),(30 953.75543),(31 1252.7147),(32 954.7992),(33 1257.5798),(34 957.6334),(35 1261.9935),(36 965.9286),(37 1260.6307),(38 970.5317),(39 1268.0049),(40 966.017),(41 1272.0146),(42 965.58307),(43 1270.4719),(44 962.04706),(45 1269.3268),(46 976.2863),(47 1261.3845),(48 954.75244),(49 1250.8185),(50 949.9121),(51 1240.002),(52 942.8949),(53 1245.705),(54 943.1942),(55 1248.4711),(56 945.47534),(57 1237.2853),(58 928.5771),(59 1225.3761),(60 931.1383),(61 1233.08),(62 932.40155),(63 1240.3142),(64 932.4075),(65 1240.4097),(66 941.1737),(67 1240.8507),(68 944.5745),(69 1252.1298),(70 951.7847),(71 1256.9066),(72 954.56995),(73 1256.677),(74 959.90405),(75 1267.789),(76 962.026),(77 1265.5986),(78 954.56866),(79 1262.7977),
(1 621.4061),(2 469.16785),(3 877.25635),(4 635.7724),(5 980.5249),(6 708.43427),(7 1030.3776),(8 738.5794),(9 1055.2494),(10 771.84045),(11 1085.824),(12 801.3086),(13 1112.2126),(14 825.0185),(15 1126.3751),(16 837.6296),(17 1138.3545),(18 859.8151),(19 1166.642),(20 880.3686),(21 1179.3612),(22 886.6623),(23 1197.6539),(24 916.8863),(25 1216.734),(26 921.4375),(27 1221.6738),(28 926.40845),(29 1232.1343),(30 938.6262),(31 1231.0806),(32 933.72723),(33 1232.8037),(34 948.1115),(35 1243.4525),(36 950.44086),(37 1245.5364),(38 943.66187),(39 1236.9097),(40 942.98596),(41 1237.8159),(42 941.1503),(43 1239.8243),(44 944.93243),(45 1236.3401),(46 939.6996),(47 1230.1726),(48 939.47046),(49 1222.4257),(50 931.40295),(51 1224.8674),(52 926.4292),(53 1221.5677),(54 931.26733),(55 1218.2582),(56 921.1143),(57 1212.414),(58 915.73706),(59 1207.9637),(60 916.15753),(61 1211.5232),(62 917.53284),(63 1216.3365),(64 919.06714),(65 1219.4058),(66 919.253),(67 1227.5731),(68 931.69324),(69 1233.7433),(70 934.3809),(71 1231.1934),(72 931.9525),(73 1226.0063),(74 929.9561),(75 1226.76),(76 933.17993),(77 1228.2593),(78 926.87274),(79 1223.205),
(1 615.7352),(2 465.07144),(3 859.4741),(4 616.9185),(5 944.9084),(6 672.5088),(7 987.32556),(8 704.77893),(9 1018.3078),(10 735.91504),(11 1042.0339),(12 765.3327),(13 1062.206),(14 779.16315),(15 1079.4791),(16 786.0914),(17 1093.0815),(18 811.4489),(19 1106.069),(20 823.48755),(21 1123.8969),(22 833.8915),(23 1134.2007),(24 846.44586),(25 1140.0695),(26 856.05383),(27 1159.1863),(28 865.6619),(29 1173.94),(30 889.2363),(31 1186.082),(32 901.5091),(33 1202.5907),(34 906.9589),(35 1198.4221),(36 899.50476),(37 1193.6653),(38 911.55914),(39 1204.3472),(40 916.6112),(41 1202.3398),(42 916.22064),(43 1206.3992),(44 906.6416),(45 1190.9072),(46 895.08777),(47 1194.6589),(48 897.30725),(49 1184.3612),(50 877.80615),(51 1172.5919),(52 886.1336),(53 1175.6965),(54 887.19275),(55 1180.4568),(56 884.409),(57 1171.5564),(58 870.8315),(59 1157.0674),(60 865.70874),(61 1158.5098),(62 862.57477),(63 1161.5287),(64 861.20276),(65 1158.5186),(66 871.6164),(67 1168.8329),(68 874.28186),(69 1164.207),(70 868.0832),(71 1166.7981),(72 875.2094),(73 1171.9065),(74 885.7528),(75 1177.2034),(76 888.2968),(77 1175.9927),(78 876.5813),(79 1163.4792),
(1 597.61066),(2 450.62378),(3 832.25433),(4 596.4972),(5 907.012),(6 646.7852),(7 944.7538),(8 666.45605),(9 964.5175),(10 697.6271),(11 996.7385),(12 727.7996),(13 1010.24457),(14 740.89496),(15 1036.0555),(16 763.5178),(17 1047.5325),(18 787.13367),(19 1072.3629),(20 794.5585),(21 1075.3577),(22 797.024),(23 1085.7908),(24 816.20184),(25 1101.4323),(26 827.7797),(27 1117.1647),(28 842.7788),(29 1141.1888),(30 866.46466),(31 1154.7555),(32 878.9481),(33 1160.1605),(34 883.0799),(35 1168.4884),(36 893.74725),(37 1172.0736),(38 893.43915),(39 1177.6462),(40 902.16907),(41 1182.182),(42 900.3426),(43 1176.5315),(44 887.9427),(45 1169.5593),(46 883.9432),(47 1175.3372),(48 893.6005),(49 1183.6287),(50 884.86487),(51 1166.3475),(52 881.5416),(53 1156.6958),(54 872.0757),(55 1156.0776),(56 865.7535),(57 1154.0771),(58 865.9272),(59 1148.0371),(60 868.2005),(61 1151.8657),(62 868.26154),(63 1153.0605),(64 864.3685),(65 1155.0375),(66 864.9212),(67 1152.4177),(68 869.37555),(69 1139.1473),(70 858.5525),(71 1138.2385),(72 862.5839),(73 1150.8442),(74 868.5497),(75 1154.138),(76 873.6618),(77 1156.8456),(78 873.2433),(79 1155.655),
(1 596.9827),(2 457.38937),(3 843.54193),(4 610.4035),(5 929.5619),(6 668.236),(7 969.3238),(8 689.24133),(9 986.28186),(10 722.6513),(11 1021.1372),(12 746.3123),(13 1036.8094),(14 756.83246),(15 1043.9263),(16 774.1003),(17 1057.8535),(18 790.5332),(19 1080.5391),(20 803.9888),(21 1090.6498),(22 813.9791),(23 1099.8059),(24 829.81323),(25 1117.0323),(26 846.1446),(27 1134.0531),(28 853.3707),(29 1146.297),(30 866.31714),(31 1147.575),(32 873.4398),(33 1159.0128),(34 875.10944),(35 1150.5925),(36 879.3769),(37 1154.9067),(38 877.58795),(39 1156.1686),(40 880.34155),(41 1162.5488),(42 875.4767),(43 1152.682),(44 874.34784),(45 1158.1589),(46 877.468),(47 1165.3965),(48 876.1893),(49 1152.5834),(50 860.95355),(51 1138.0724),(52 850.62024),(53 1135.5845),(54 842.2316),(55 1129.102),(56 849.0899),(57 1131.3685),(58 844.41095),(59 1135.816),(60 849.6689),(61 1131.3737),(62 848.39825),(63 1134.6453),(64 847.0057),(65 1134.008),(66 845.1939),(67 1131.5876),(68 847.71606),(69 1135.1368),(70 847.0081),(71 1135.9606),(72 854.6017),(73 1138.6893),(74 859.3352),(75 1140.7218),(76 859.31885),(77 1144.8867),(78 857.73834),(79 1142.6532),
(1 600.49695),(2 448.16653),(3 841.43835),(4 596.26874),(5 924.08765),(6 649.676),(7 957.3323),(8 672.4937),(9 983.83),(10 701.20386),(11 1014.2522),(12 730.231),(13 1031.6317),(14 744.0849),(15 1039.1025),(16 751.43665),(17 1055.8627),(18 772.80774),(19 1073.1064),(20 783.3502),(21 1081.0894),(22 795.75476),(23 1095.6558),(24 811.65356),(25 1108.3625),(26 822.577),(27 1123.6956),(28 829.0694),(29 1125.0309),(30 839.52515),(31 1134.8838),(32 852.28406),(33 1145.1526),(34 859.9445),(35 1145.7631),(36 854.3526),(37 1152.6842),(38 861.7173),(39 1152.315),(40 862.85004),(41 1157.7048),(42 864.4271),(43 1144.347),(44 855.1686),(45 1144.3623),(46 859.49994),(47 1144.9694),(48 849.91034),(49 1133.007),(50 835.2923),(51 1123.63),(52 836.86487),(53 1125.4056),(54 836.2954),(55 1128.3536),(56 835.6878),(57 1126.4283),(58 832.3733),(59 1116.0228),(60 827.8129),(61 1121.5569),(62 831.3654),(63 1118.5637),(64 831.7163),(65 1121.0414),(66 837.07935),(67 1127.1814),(68 840.7133),(69 1132.6221),(70 840.75),(71 1137.3374),(72 850.5092),(73 1145.6436),(74 860.7692),(75 1150.8987),(76 864.528),(77 1154.4895),(78 860.085),(79 1147.9585),
(1 590.59485),(2 442.60504),(3 824.1624),(4 580.7721),(5 908.57745),(6 641.0916),(7 937.4376),(8 664.1386),(9 957.9057),(10 690.81537),(11 994.1933),(12 723.64545),(13 1017.3364),(14 737.6344),(15 1026.3389),(16 758.43024),(17 1049.9486),(18 778.35565),(19 1064.2485),(20 791.2785),(21 1074.2252),(22 805.06665),(23 1083.4528),(24 813.4232),(25 1096.2651),(26 826.6643),(27 1113.0018),(28 833.3291),(29 1116.2942),(30 834.4774),(31 1105.3467),(32 844.3776),(33 1129.366),(34 848.2957),(35 1123.0245),(36 847.62463),(37 1132.1539),(38 845.86395),(39 1128.1903),(40 850.6627),(41 1129.0133),(42 857.2233),(43 1122.1172),(44 839.74084),(45 1123.9156),(46 857.60394),(47 1139.8647),(48 859.31635),(49 1138.4978),(50 854.1288),(51 1133.4502),(52 851.38257),(53 1124.4789),(54 845.3147),(55 1122.4176),(56 846.2784),(57 1124.111),(58 843.8334),(59 1126.3721),(60 846.98425),(61 1131.5654),(62 855.50366),(63 1136.7626),(64 859.89215),(65 1142.5157),(66 858.3492),(67 1140.6918),(68 855.32306),(69 1144.7584),(70 859.5966),(71 1140.0692),(72 857.9413),(73 1152.6998),(74 870.9033),(75 1152.8112),(76 872.61176),(77 1153.5387),(78 871.5928),(79 1154.0135),
(1 580.9175),(2 432.37415),(3 797.23254),(4 564.7788),(5 873.0354),(6 613.26666),(7 906.393),(8 635.61017),(9 927.74384),(10 664.6135),(11 957.5399),(12 689.35443),(13 969.9644),(14 701.827),(15 978.57025),(16 710.82477),(17 993.46576),(18 731.55975),(19 1019.2391),(20 747.055),(21 1022.4999),(22 750.95404),(23 1022.20886),(24 754.0047),(25 1031.7437),(26 766.3391),(27 1054.9965),(28 789.6976),(29 1062.7291),(30 794.66986),(31 1074.1481),(32 799.15466),(33 1074.8341),(34 806.2712),(35 1074.8848),(36 800.56934),(37 1070.4907),(38 807.3233),(39 1077.0309),(40 811.0177),(41 1083.0994),(42 813.2695),(43 1081.1094),(44 809.15955),(45 1090.6836),(46 824.48706),(47 1095.8553),(48 817.3195),(49 1091.322),(50 814.0535),(51 1085.1672),(52 811.1856),(53 1083.7373),(54 806.5368),(55 1079.9336),(56 803.3015),(57 1078.8256),(58 805.29425),(59 1080.1752),(60 804.41003),(61 1083.9055),(62 805.1933),(63 1082.6974),(64 807.05145),(65 1085.8712),(66 799.19226),(67 1076.2368),(68 802.61865),(69 1084.4257),(70 799.27045),(71 1080.2347),(72 806.87573),(73 1088.7035),(74 811.1493),(75 1092.2563),(76 811.9945),(77 1092.7227),(78 814.95166),(79 1098.0605),
(1 571.0119),(2 426.59692),(3 790.53973),(4 567.25336),(5 869.61664),(6 613.81903),(7 902.7875),(8 636.89307),(9 924.2148),(10 664.29626),(11 950.27435),(12 683.91266),(13 957.02594),(14 696.11237),(15 977.259),(16 715.4631),(17 989.53564),(18 732.86646),(19 1007.0665),(20 740.3862),(21 1016.9077),(22 749.67444),(23 1024.6906),(24 759.9666),(25 1033.9735),(26 772.7884),(27 1045.9688),(28 772.7627),(29 1046.4681),(30 779.8254),(31 1064.0609),(32 800.6541),(33 1070.3113),(34 799.24176),(35 1066.6337),(36 805.2141),(37 1078.0026),(38 810.3019),(39 1083.7501),(40 811.97565),(41 1076.6354),(42 808.987),(43 1071.6311),(44 803.62384),(45 1080.8097),(46 815.5707),(47 1080.9833),(48 813.0111),(49 1079.5524),(50 809.01154),(51 1077.8168),(52 803.71606),(53 1066.0366),(54 793.7731),(55 1062.3241),(56 791.5064),(57 1061.3408),(58 788.3052),(59 1050.1202),(60 783.8437),(61 1054.4242),(62 791.4882),(63 1073.94),(64 808.0685),(65 1073.4574),(66 800.1185),(67 1063.9929),(68 794.7785),(69 1067.2858),(70 795.5773),(71 1068.7213),(72 794.4799),(73 1065.5288),(74 800.29877),(75 1070.9069),(76 801.27515),(77 1076.8658),(78 805.165),(79 1070.205),
(1 567.89325),(2 429.80283),(3 788.38776),(4 565.32965),(5 857.9843),(6 596.61725),(7 873.44037),(8 614.2178),(9 893.2579),(10 632.554),(11 914.7317),(12 647.369),(13 917.87683),(14 656.3201),(15 929.1509),(16 668.0655),(17 943.3507),(18 681.26404),(19 950.5978),(20 690.35455),(21 960.9583),(22 696.5009),(23 960.1067),(24 707.0549),(25 977.3677),(26 723.22327),(27 1000.8998),(28 737.602),(29 1006.8503),(30 745.17834),(31 1016.5184),(32 757.02936),(33 1032.7144),(34 773.85626),(35 1034.8015),(36 766.32556),(37 1039.863),(38 774.6421),(39 1039.7249),(40 773.76764),(41 1040.6254),(42 780.349),(43 1041.9741),(44 776.2007),(45 1051.2709),(46 786.02386),(47 1047.3018),(48 786.70404),(49 1047.3262),(50 781.2221),(51 1044.2738),(52 773.353),(53 1029.9647),(54 754.34076),(55 1020.17346),(56 753.43494),(57 1016.81055),(58 748.7061),(59 1016.4227),(60 748.2126),(61 1011.36566),(62 749.74243),(63 1020.0968),(64 758.84357),(65 1029.6168),(66 764.69885),(67 1032.6246),(68 764.7253),(69 1031.3116),(70 763.56885),(71 1030.9714),(72 765.384),(73 1035.0137),(74 772.11444),(75 1042.5248),(76 771.07074),(77 1044.8129),(78 768.7492),(79 1039.2443),
(1 575.6401),(2 419.67786),(3 787.76),(4 553.04474),(5 861.1422),(6 592.05914),(7 885.9171),(8 616.1841),(9 906.73236),(10 637.53394),(11 937.626),(12 665.0251),(13 949.2226),(14 674.097),(15 957.81506),(16 685.5224),(17 976.7409),(18 706.9488),(19 990.26465),(20 716.896),(21 1002.0368),(22 723.3839),(23 1000.5267),(24 731.29083),(25 1012.16644),(26 740.3649),(27 1029.6727),(28 745.27844),(29 1040.1217),(30 762.78076),(31 1041.2126),(32 766.3123),(33 1051.3901),(34 777.5304),(35 1052.8116),(36 776.0016),(37 1055.4792),(38 784.379),(39 1065.005),(40 790.9519),(41 1068.1178),(42 791.9468),(43 1068.8232),(44 787.22235),(45 1065.6366),(46 794.3503),(47 1073.6849),(48 794.72833),(49 1076.871),(50 789.73645),(51 1063.1989),(52 774.5433),(53 1048.7327),(54 767.3031),(55 1046.2096),(56 771.2879),(57 1048.8594),(58 762.00305),(59 1045.7404),(60 767.1075),(61 1049.6243),(62 765.94165),(63 1049.4729),(64 764.3807),(65 1046.0708),(66 766.8869),(67 1043.8928),(68 763.1707),(69 1037.3934),(70 758.67),(71 1036.4456),(72 764.26086),(73 1039.4425),(74 767.7296),(75 1046.0105),(76 776.0146),(77 1060.0033),(78 773.8368),(79 1054.7394),
(1 551.87354),(2 399.37082),(3 743.7709),(4 519.7906),(5 808.12085),(6 557.52527),(7 830.5534),(8 575.7101),(9 854.39307),(10 601.5022),(11 878.51605),(12 624.2399),(13 887.0896),(14 632.47107),(15 899.2144),(16 644.6048),(17 920.2133),(18 668.0981),(19 931.13416),(20 669.57367),(21 942.0171),(22 682.15656),(23 948.49896),(24 689.6695),(25 957.5547),(26 698.4156),(27 963.9161),(28 697.68164),(29 964.1853),(30 707.0911),(31 974.1497),(32 715.9911),(33 976.63995),(34 717.56104),(35 984.52924),(36 723.1108),(37 979.2274),(38 721.0416),(39 979.5241),(40 719.97974),(41 977.17786),(42 719.86365),(43 975.9727),(44 721.31647),(45 980.40326),(46 722.7384),(47 982.64746),(48 717.93805),(49 979.5571),(50 713.86365),(51 979.8366),(52 713.181),(53 971.8145),(54 709.964),(55 974.00354),(56 708.18365),(57 969.96027),(58 703.51666),(59 967.8382),(60 708.1957),(61 970.9925),(62 711.1456),(63 972.60974),(64 717.63654),(65 980.7301),(66 724.51904),(67 976.2966),(68 724.6651),(69 987.363),(70 731.2002),(71 987.217),(72 729.65594),(73 989.149),(74 737.5672),(75 997.729),(76 740.80676),(77 1000.2066),(78 738.6499),(79 999.27356),
(1 559.06335),(2 404.61758),(3 757.888),(4 524.0878),(5 826.71594),(6 561.8727),(7 842.72516),(8 576.7849),(9 861.49646),(10 598.67267),(11 881.43677),(12 620.18286),(13 893.0463),(14 629.90247),(15 908.3511),(16 647.3981),(17 929.27924),(18 675.6451),(19 942.146),(20 683.7985),(21 961.0979),(22 701.99384),(23 976.8123),(24 714.1748),(25 987.04083),(26 725.0361),(27 998.4686),(28 731.7588),(29 1009.217),(30 741.01526),(31 1013.31146),(32 755.9761),(33 1031.9965),(34 764.7082),(35 1030.0209),(36 759.3149),(37 1029.2728),(38 760.3432),(39 1037.829),(40 769.3447),(41 1040.0569),(42 767.8209),(43 1029.1431),(44 765.3976),(45 1027.0968),(46 759.1085),(47 1023.13513),(48 753.4721),(49 1018.51184),(50 750.25653),(51 1010.38055),(52 743.0507),(53 1009.1216),(54 733.18695),(55 996.9164),(56 723.7987),(57 988.7207),(58 722.41144),(59 984.35156),(60 719.1931),(61 991.66003),(62 727.844),(63 1000.31964),(64 733.08704),(65 1006.2881),(66 731.1545),(67 1000.5749),(68 728.1377),(69 1002.3065),(70 736.0597),(71 1009.3485),(72 743.6538),(73 1018.5858),(74 751.3949),(75 1027.4362),(76 756.9),(77 1021.4863),(78 754.54767),(79 1028.0693),
(1 546.54504),(2 393.48816),(3 745.80396),(4 521.68896),(5 814.6688),(6 560.668),(7 837.4552),(8 574.0585),(9 855.8032),(10 597.63513),(11 872.70654),(12 617.84656),(13 888.9825),(14 632.1443),(15 897.5019),(16 643.5993),(17 908.3604),(18 655.7017),(19 923.3632),(20 659.54504),(21 929.85913),(22 669.70685),(23 930.7548),(24 675.4688),(25 946.4623),(26 685.6495),(27 952.4972),(28 691.7198),(29 960.53467),(30 694.3982),(31 955.5514),(32 694.45404),(33 967.0051),(34 702.59485),(35 969.9781),(36 702.3372),(37 961.6084),(38 704.4455),(39 963.1641),(40 699.5621),(41 960.2574),(42 697.5395),(43 956.5924),(44 701.2879),(45 960.05695),(46 700.2961),(47 961.9781),(48 700.4949),(49 960.88446),(50 696.6438),(51 963.8069),(52 696.5908),(53 961.5623),(54 695.2668),(55 960.7387),(56 698.7701),(57 955.4658),(58 688.9527),(59 950.4323),(60 683.7863),(61 953.56995),(62 686.96387),(63 959.2768),(64 701.3452),(65 967.74664),(66 702.51044),(67 971.0903),(68 705.90936),(69 965.0796),(70 700.02954),(71 966.41705),(72 705.29407),(73 968.27435),(74 705.1312),(75 970.2912),(76 704.19806),(77 966.1482),(78 703.5685),(79 970.56195),
(1 544.2078),(2 390.4242),(3 736.18),(4 505.2089),(5 799.02094),(6 544.7175),(7 817.6058),(8 562.81323),(9 843.1943),(10 589.6087),(11 862.80457),(12 607.0652),(13 880.4273),(14 623.1644),(15 896.47784),(16 635.4909),(17 905.40625),(18 648.3247),(19 915.6135),(20 658.7166),(21 926.3358),(22 662.51483),(23 926.0814),(24 673.6934),(25 941.99),(26 678.6476),(27 953.9768),(28 684.9579),(29 953.70996),(30 690.94336),(31 955.5583),(32 694.6537),(33 966.34357),(34 699.37054),(35 957.9056),(36 695.2384),(37 958.9986),(38 694.15704),(39 964.3127),(40 702.1924),(41 966.58167),(42 702.9129),(43 968.8297),(44 705.21375),(45 968.0667),(46 701.9254),(47 966.9744),(48 703.2032),(49 965.5346),(50 699.2034),(51 960.55676),(52 690.59436),(53 956.19385),(54 697.994),(55 955.1405),(56 688.14996),(57 951.6895),(58 680.87854),(59 946.93066),(60 681.88403),(61 947.8537),(62 682.56433),(63 943.3758),(64 680.0476),(65 943.0277),(66 676.4745),(67 941.5228),(68 676.9048),(69 946.33636),(70 677.8661),(71 945.22894),(72 680.95337),(73 950.9459),(74 692.33453),(75 958.0806),(76 691.6259),(77 954.78674),(78 688.3674),(79 957.8262),
(1 525.9616),(2 364.9256),(3 691.7879),(4 468.46436),(5 754.7113),(6 506.5124),(7 776.3431),(8 528.2717),(9 796.9774),(10 549.0219),(11 814.3401),(12 568.0864),(13 829.2968),(14 577.0486),(15 842.58386),(16 590.16876),(17 855.1591),(18 600.0697),(19 861.9023),(20 609.7708),(21 874.0221),(22 620.2655),(23 879.44336),(24 628.6691),(25 883.2345),(26 634.6564),(27 889.39496),(28 634.91016),(29 888.7903),(30 634.78687),(31 886.8385),(32 637.1628),(33 899.4728),(34 639.416),(35 896.00836),(36 643.142),(37 898.8077),(38 638.8406),(39 900.8459),(40 642.2105),(41 903.61383),(42 645.9303),(43 904.31024),(44 649.1977),(45 910.9554),(46 653.0582),(47 904.6609),(48 649.0587),(49 904.9072),(50 644.523),(51 901.49176),(52 640.8193),(53 893.84644),(54 637.9745),(55 889.51337),(56 632.0293),(57 889.7325),(58 633.43866),(59 893.78937),(60 636.72375),(61 893.1182),(62 636.87384),(63 891.4745),(64 635.1566),(65 889.86725),(66 628.673),(67 889.65497),(68 631.58),(69 891.3948),(70 633.0658),(71 888.222),(72 635.40497),(73 888.0002),(74 637.32965),(75 896.2153),(76 640.09906),(77 888.0888),(78 633.5328),(79 893.8977),
(1 525.29236),(2 374.4383),(3 695.80115),(4 480.14523),(5 755.11237),(6 513.5725),(7 778.96704),(8 535.81836),(9 799.98804),(10 549.5592),(11 812.37787),(12 564.97943),(13 817.9772),(14 571.9423),(15 839.7635),(16 585.1898),(17 845.40784),(18 599.258),(19 858.7828),(20 611.9155),(21 867.32117),(22 612.93304),(23 869.97015),(24 623.58453),(25 872.2163),(26 621.9551),(27 879.46545),(28 629.4382),(29 875.1069),(30 631.09875),(31 874.96796),(32 628.6433),(33 885.16223),(34 636.0633),(35 882.3555),(36 631.26196),(37 882.5369),(38 640.0451),(39 887.76025),(40 638.8238),(41 890.8716),(42 638.97455),(43 896.1034),(44 639.81464),(45 893.62537),(46 637.9165),(47 894.8942),(48 643.81775),(49 894.4422),(50 639.06036),(51 896.7929),(52 634.85974),(53 888.3499),(54 635.4513),(55 884.45056),(56 633.9976),(57 892.4222),(58 632.2266),(59 883.20044),(60 628.0243),(61 887.7701),(62 633.4688),(63 893.57196),(64 640.03156),(65 894.6105),(66 638.45544),(67 897.8734),(68 642.56036),(69 896.448),(70 643.75604),(71 903.0183),(72 646.0314),(73 900.9619),(74 642.9942),(75 903.8953),(76 644.2666),(77 898.0319),(78 639.8777),(79 891.26526),
(1 530.4416),(2 372.74207),(3 705.4631),(4 474.66858),(5 763.20325),(6 513.9134),(7 787.7134),(8 534.40704),(9 807.6405),(10 555.2442),(11 829.24207),(12 575.48303),(13 846.7194),(14 585.0394),(15 856.27),(16 602.0337),(17 868.601),(18 614.15063),(19 875.25806),(20 620.6909),(21 884.28253),(22 621.3524),(23 881.7925),(24 632.72833),(25 890.4273),(26 632.4651),(27 899.2012),(28 637.9001),(29 894.71735),(30 642.27856),(31 903.6513),(32 646.10443),(33 908.2529),(34 655.80194),(35 910.9706),(36 652.92163),(37 912.0644),(38 653.4759),(39 912.0069),(40 654.7737),(41 911.15466),(42 653.3707),(43 917.93427),(44 652.76105),(45 910.969),(46 651.17),(47 914.08276),(48 657.72687),(49 914.1914),(50 646.2628),(51 906.01697),(52 642.3278),(53 896.42224),(54 637.3929),(55 896.79376),(56 635.36896),(57 894.7635),(58 627.7755),(59 885.8642),(60 623.7219),(61 891.9723),(62 628.3159),(63 892.49646),(64 637.24176),(65 902.7106),(66 641.9046),(67 903.81384),(68 640.9435),(69 904.8731),(70 641.81635),(71 903.388),(72 648.03784),(73 909.6001),(74 652.96014),(75 914.1484),(76 651.7369),(77 910.106),(78 647.77985),(79 909.83356),
(1 520.39716),(2 365.3413),(3 686.97046),(4 468.55383),(5 747.9553),(6 504.15634),(7 768.7284),(8 528.5481),(9 794.9384),(10 551.23254),(11 812.12427),(12 566.62067),(13 820.6585),(14 571.1562),(15 830.8849),(16 586.4993),(17 839.0455),(18 596.1054),(19 855.72174),(20 610.464),(21 863.7237),(22 613.301),(23 864.389),(24 616.32855),(25 861.14154),(26 612.3728),(27 865.12506),(28 613.58636),(29 861.94305),(30 617.62915),(31 864.4367),(32 617.0265),(33 863.1682),(34 622.78204),(35 867.92584),(36 620.36005),(37 873.0839),(38 619.9891),(39 865.31274),(40 624.053),(41 872.95404),(42 613.36896),(43 862.2755),(44 617.577),(45 863.87805),(46 621.12787),(47 873.40643),(48 624.8726),(49 863.8072),(50 619.09644),(51 866.2395),(52 616.44073),(53 866.0041),(54 616.96545),(55 866.5363),(56 614.88104),(57 870.79346),(58 615.9963),(59 860.78503),(60 613.4637),(61 873.8545),(62 618.9023),(63 873.74054),(64 629.7493),(65 879.5568),(66 626.84625),(67 886.14435),(68 634.6289),(69 881.4806),(70 630.92786),(71 886.28674),(72 631.89325),(73 886.02716),(74 643.5262),(75 890.6744),(76 644.1826),(77 892.31055),(78 642.6192),(79 894.32587),
(1 510.88153),(2 356.5615),(3 670.66797),(4 452.84418),(5 727.51843),(6 486.20465),(7 751.49),(8 510.556),(9 771.622),(10 532.6047),(11 786.00256),(12 543.38257),(13 794.35754),(14 548.1698),(15 807.18414),(16 553.71454),(17 816.1425),(18 570.75323),(19 825.3538),(20 576.0312),(21 830.31903),(22 583.1654),(23 832.56494),(24 588.4431),(25 836.71234),(26 591.1718),(27 843.8884),(28 591.48175),(29 843.97095),(30 596.89557),(31 844.5812),(32 595.18805),(33 844.14056),(34 597.55225),(35 840.75085),(36 588.8198),(37 834.0477),(38 585.27716),(39 829.10834),(40 588.65753),(41 833.57996),(42 588.3589),(43 833.50244),(44 591.59045),(45 833.80774),(46 594.33527),(47 838.48596),(48 593.5063),(49 844.27655),(50 595.47723),(51 848.89056),(52 596.84705),(53 843.5559),(54 592.6776),(55 840.1282),(56 593.4401),(57 843.87714),(58 584.0969),(59 837.66547),(60 588.1815),(61 840.7244),(62 589.0242),(63 838.9862),(64 598.28156),(65 852.4647),(66 602.35364),(67 851.25726),(68 601.5541),(69 852.18335),(70 604.802),(71 858.1389),(72 602.82983),(73 853.05457),(74 599.8971),(75 856.112),(76 604.55615),(77 857.245),(78 611.1919),(79 865.9036),
(1 505.34152),(2 350.25836),(3 669.23267),(4 448.5749),(5 720.44),(6 477.42435),(7 737.5681),(8 492.6093),(9 754.1035),(10 515.4707),(11 777.6012),(12 528.84863),(13 783.96545),(14 539.5836),(15 794.4801),(16 547.5821),(17 803.5095),(18 560.6376),(19 812.36053),(20 565.0877),(21 820.28296),(22 570.2994),(23 819.53156),(24 580.9298),(25 836.5732),(26 587.6002),(27 841.401),(28 591.82495),(29 850.9929),(30 600.3955),(31 845.1459),(32 594.3814),(33 849.9011),(34 604.67017),(35 848.03925),(36 605.517),(37 858.69775),(38 606.4134),(39 852.6555),(40 606.51733),(41 854.59424),(42 608.78345),(43 853.89484),(44 606.63257),(45 855.5163),(46 606.8846),(47 857.2319),(48 608.75525),(49 855.4099),(50 599.85876),(51 846.95526),(52 597.1119),(53 843.37683),(54 592.9108),(55 838.3282),(56 596.059),(57 838.2703),(58 586.6747),(59 834.1299),(60 583.9256),(61 838.17896),(62 587.6346),(63 833.8251),(64 590.23566),(65 842.2847),(66 596.3473),(67 840.29346),(68 593.5457),(69 839.242),(70 589.50714),(71 843.6066),(72 598.28595),(73 850.6571),(74 602.06476),(75 848.36035),(76 604.9229),(77 849.83984),(78 607.1266),(79 855.01544),
(1 493.22223),(2 347.1001),(3 648.7355),(4 440.43735),(5 701.0763),(6 471.2966),(7 721.5324),(8 488.85687),(9 739.5197),(10 507.90338),(11 757.70184),(12 530.80145),(13 771.52325),(14 542.1618),(15 777.1493),(16 546.8063),(17 785.6798),(18 558.31085),(19 797.5465),(20 568.55994),(21 800.88416),(22 566.4859),(23 806.50854),(24 577.3995),(25 810.7161),(26 581.20294),(27 815.4968),(28 582.2151),(29 821.4294),(30 593.48047),(31 832.225),(32 598.5046),(33 839.2652),(34 607.7898),(35 844.1576),(36 604.253),(37 846.3116),(38 609.9958),(39 841.4572),(40 610.60925),(41 843.19305),(42 607.46985),(43 838.8632),(44 606.7799),(45 840.1006),(46 604.913),(47 839.89),(48 606.46643),(49 843.7961),(50 599.16534),(51 830.7586),(52 592.7991),(53 835.98346),(54 591.66656),(55 828.5693),(56 591.9491),(57 826.01654),(58 587.11005),(59 822.6062),(60 584.2538),(61 822.49023),(62 584.95715),(63 819.68445),(64 589.0326),(65 823.59546),(66 583.88727),(67 826.5557),(68 593.5566),(69 831.32306),(70 590.0495),(71 832.0838),(72 596.77203),(73 838.57715),(74 598.00806),(75 846.0203),(76 604.3473),(77 849.1),(78 606.6897),(79 849.9153),
(1 502.53387),(2 342.72174),(3 657.61835),(4 429.3571),(5 704.72595),(6 462.3143),(7 722.15967),(8 476.27356),(9 738.0433),(10 495.62915),(11 757.01373),(12 520.67847),(13 773.51886),(14 530.6558),(15 785.1276),(16 538.27405),(17 789.86633),(18 545.90283),(19 797.3254),(20 552.3676),(21 803.0463),(22 553.9536),(23 798.2829),(24 557.00824),(25 803.5631),(26 555.3784),(27 806.7105),(28 555.9412),(29 805.39545),(30 560.78564),(31 813.4864),(32 571.2098),(33 818.945),(34 572.74664),(35 816.89075),(36 567.36597),(37 822.80835),(38 576.6635),(39 819.0881),(40 577.2622),(41 821.3525),(42 576.9196),(43 820.3324),(44 575.6761),(45 825.2294),(46 578.2164),(47 826.7695),(48 579.6475),(49 828.6191),(50 580.61426),(51 818.1049),(52 566.55133),(53 816.6146),(54 564.8898),(55 812.86554),(56 563.0377),(57 809.6352),(58 559.55035),(59 810.21124),(60 564.35236),(61 815.6466),(62 571.834),(63 820.39484),(64 575.33014),(65 827.2899),(66 578.00665),(67 832.56866),(68 579.6589),(69 833.3735),(70 581.6017),(71 829.66547),(72 576.3447),(73 828.056),(74 572.7659),(75 827.9941),(76 577.6873),(77 833.867),(78 584.0258),(79 839.12164),
(1 489.2496),(2 337.44107),(3 643.6553),(4 431.27008),(5 691.07654),(6 458.67804),(7 705.5638),(8 474.49756),(9 724.94214),(10 495.79227),(11 744.1394),(12 512.06744),(13 761.7335),(14 529.059),(15 771.3197),(16 532.2157),(17 778.89594),(18 538.9773),(19 781.1767),(20 544.35736),(21 789.14655),(22 549.22754),(23 783.04584),(24 546.82245),(25 787.6977),(26 549.3807),(27 786.3526),(28 548.20374),(29 785.5439),(30 546.0162),(31 788.98627),(32 547.11975),(33 781.1344),(34 544.9507),(35 775.8811),(36 536.44226),(37 779.584),(38 540.1224),(39 778.61566),(40 538.3238),(41 779.4761),(42 541.1714),(43 780.449),(44 541.4459),(45 790.2084),(46 549.7043),(47 789.6695),(48 554.61523),(49 794.02563),(50 549.66406),(51 784.69073),(52 543.99725),(53 781.51373),(54 547.308),(55 784.0873),(56 545.97437),(57 786.7003),(58 548.6043),(59 790.3582),(60 552.8475),(61 798.0996),(62 557.4062),(63 795.5341),(64 555.9422),(65 801.7251),(66 559.0847),(67 798.2468),(68 563.7239),(69 808.11304),(70 563.1118),(71 802.85016),(72 565.78186),(73 804.0467),(74 568.5158),(75 813.0022),(76 571.10944),(77 817.81976),(78 580.6731),(79 824.7514),
(1 473.46317),(2 326.80045),(3 616.9619),(4 413.52267),(5 665.82385),(6 441.22714),(7 683.4874),(8 460.326),(9 702.8685),(10 476.45758),(11 717.6873),(12 488.79163),(13 724.44476),(14 498.96756),(15 731.7984),(16 503.8186),(17 745.23425),(18 517.4441),(19 757.2065),(20 526.85986),(21 758.9613),(22 526.8894),(23 758.29767),(24 537.6012),(25 766.815),(26 538.72144),(27 775.0378),(28 540.8168),(29 776.6388),(30 540.73126),(31 773.8496),(32 548.24646),(33 784.47955),(34 553.2039),(35 784.37024),(36 550.30774),(37 784.0512),(38 556.2283),(39 783.2807),(40 549.94073),(41 779.65106),(42 547.9714),(43 776.767),(44 545.8579),(45 776.6249),(46 544.5723),(47 777.44476),(48 543.33734),(49 776.92615),(50 539.4148),(51 772.97577),(52 534.8694),(53 768.02185),(54 535.8242),(55 768.2629),(56 533.5736),(57 760.88605),(58 524.7324),(59 759.8825),(60 526.1781),(61 768.2389),(62 532.7148),(63 766.6675),(64 530.91785),(65 764.8638),(66 529.7995),(67 770.1701),(68 534.8881),(69 777.1278),(70 538.14343),(71 773.291),(72 538.6212),(73 771.7824),(74 538.988),(75 773.21967),(76 536.826),(77 780.3884),(78 543.0947),(79 780.1981),
(1 475.2424),(2 315.21573),(3 616.64294),(4 400.91916),(5 658.52075),(6 428.02783),(7 678.95404),(8 447.47098),(9 701.88525),(10 470.0686),(11 718.65814),(12 483.44922),(13 727.8156),(14 497.02914),(15 736.91693),(16 500.9488),(17 747.42773),(18 513.7468),(19 752.3285),(20 520.9462),(21 765.29736),(22 525.23676),(23 759.6165),(24 528.4851),(25 772.8928),(26 527.5061),(27 768.2664),(28 525.41315),(29 768.1029),(30 528.9285),(31 765.71576),(32 529.0847),(33 765.9286),(34 529.70654),(35 764.94507),(36 526.5369),(37 764.3672),(38 525.574),(39 760.2524),(40 522.5793),(41 759.40393),(42 520.3377),(43 756.19916),(44 520.792),(45 762.2621),(46 526.22504),(47 756.34576),(48 523.29535),(49 766.1392),(50 524.86346),(51 762.61035),(52 526.29987),(53 767.51654),(54 527.7749),(55 766.7851),(56 528.7997),(57 767.036),(58 522.6949),(59 764.58075),(60 527.7717),(61 772.97076),(62 534.93616),(63 780.06647),(64 536.7776),(65 786.83344),(66 543.43335),(67 792.2493),(68 549.2781),(69 792.4714),(70 549.8198),(71 792.87146),(72 550.78),(73 795.3767),(74 555.97894),(75 797.58856),(76 555.8714),(77 799.4479),(78 556.9284),(79 801.53296),
(1 471.04953),(2 312.69516),(3 599.4121),(4 394.7276),(5 647.15424),(6 420.35617),(7 663.6611),(8 434.49966),(9 681.23193),(10 454.34506),(11 693.0167),(12 463.6389),(13 701.2636),(14 475.63617),(15 716.53955),(16 484.14325),(17 725.1732),(18 495.90076),(19 731.6744),(20 503.12036),(21 739.56573),(22 505.81775),(23 734.8477),(24 511.20468),(25 746.57544),(26 514.14795),(27 746.1081),(28 513.87866),(29 744.4514),(30 514.34454),(31 746.5921),(32 519.01825),(33 745.5587),(34 518.8609),(35 748.72345),(36 518.90485),(37 750.62695),(38 516.6728),(39 744.57684),(40 517.2825),(41 746.5422),(42 513.36865),(43 739.71686),(44 515.62756),(45 745.25006),(46 517.6662),(47 742.334),(48 519.24475),(49 748.2603),(50 518.1595),(51 750.3826),(52 518.4101),(53 745.31775),(54 513.48505),(55 744.22504),(56 515.16736),(57 748.2557),(58 516.6772),(59 745.3144),(60 512.72974),(61 744.52655),(62 515.1091),(63 751.2774),(64 516.7772),(65 746.52405),(66 517.41504),(67 751.0207),(68 526.55585),(69 757.0082),(70 526.4594),(71 756.4113),(72 526.28015),(73 752.1565),(74 524.4503),(75 758.7449),(76 526.99255),(77 756.245),(78 524.6543),(79 756.23627),
(1 466.64468),(2 311.81494),(3 596.98364),(4 390.8726),(5 645.8299),(6 421.83286),(7 662.66077),(8 435.637),(9 684.03766),(10 453.50903),(11 694.53186),(12 458.01697),(13 698.02264),(14 465.7407),(15 705.75977),(16 474.3187),(17 715.4192),(18 486.23013),(19 716.8881),(20 487.9273),(21 724.8744),(22 489.35217),(23 721.6049),(24 495.3133),(25 731.6912),(26 496.30103),(27 730.9122),(28 494.99896),(29 727.89386),(30 493.5022),(31 726.1418),(32 495.4096),(33 729.0019),(34 499.50836),(35 733.49133),(36 500.57095),(37 732.8152),(38 502.79178),(39 736.30347),(40 507.3038),(41 744.1814),(42 509.6538),(43 739.9556),(44 508.3591),(45 742.22064),(46 509.21075),(47 742.4812),(48 511.39978),(49 750.2857),(50 514.06433),(51 750.69666),(52 516.40094),(53 747.99945),(54 513.65906),(55 751.7979),(56 515.2636),(57 747.4434),(58 512.8207),(59 746.1701),(60 511.88272),(61 747.18396),(62 510.5749),(63 745.12836),(64 512.60333),(65 743.42816),(66 508.27734),(67 746.4576),(68 516.63873),(69 754.7326),(70 519.71515),(71 751.80054),(72 520.49567),(73 758.85614),(74 525.3401),(75 758.6859),(76 527.80865),(77 760.77057),(78 523.7089),(79 762.5212),
(1 448.0091),(2 308.42114),(3 575.78345),(4 379.09842),(5 614.7397),(6 409.57675),(7 631.6619),(8 423.43097),(9 651.70734),(10 438.475),(11 667.69324),(12 450.56342),(13 671.0216),(14 460.68384),(15 680.8825),(16 468.85117),(17 691.1552),(18 475.37335),(19 695.64197),(20 487.60904),(21 704.3657),(22 487.87888),(23 699.15454),(24 484.7038),(25 701.61304),(26 485.90915),(27 703.27185),(28 485.17487),(29 705.68),(30 494.0349),(31 710.46185),(32 492.77332),(33 711.5566),(34 497.06625),(35 718.1493),(36 497.90726),(37 722.1449),(38 505.8388),(39 720.6419),(40 503.01804),(41 720.329),(42 499.4326),(43 717.7498),(44 506.64236),(45 726.8161),(46 506.79022),(47 728.5712),(48 507.65848),(49 730.2441),(50 507.66458),(51 723.1142),(52 504.31448),(53 723.1959),(54 503.73398),(55 719.95685),(56 503.0409),(57 724.95087),(58 495.71185),(59 713.56445),(60 494.5711),(61 715.87933),(62 493.68008),(63 713.3123),(64 493.5242),(65 718.7036),(66 493.02255),(67 716.2148),(68 490.95016),(69 715.9736),(70 493.36935),(71 717.2141),(72 495.68542),(73 717.99524),(74 501.01563),(75 722.336),(76 501.038),(77 714.84906),(78 500.60153),(79 720.54755),
(1 458.43225),(2 300.63345),(3 583.23285),(4 369.0032),(5 617.16364),(6 397.19238),(7 632.6941),(8 409.66),(9 652.63855),(10 432.99146),(11 672.3418),(12 448.35162),(13 688.26733),(14 457.99222),(15 697.0222),(16 472.7825),(17 709.22894),(18 482.44608),(19 715.83276),(20 490.2616),(21 718.7039),(22 489.25134),(23 712.91473),(24 488.81125),(25 715.4704),(26 491.03217),(27 718.9978),(28 487.83997),(29 718.4928),(30 494.75977),(31 719.7683),(32 493.8606),(33 728.36523),(34 498.95386),(35 727.33685),(36 503.87646),(37 730.7356),(38 499.2597),(39 724.9737),(40 495.77594),(41 728.97565),(42 500.24664),(43 723.3811),(44 492.06827),(45 721.0648),(46 492.97824),(47 726.0466),(48 495.03287),(49 730.3857),(50 496.3319),(51 731.0739),(52 503.03384),(53 732.05707),(54 498.42758),(55 730.3076),(56 501.32184),(57 732.7149),(58 499.8721),(59 731.54333),(60 497.48953),(61 729.2303),(62 497.88898),(63 729.1513),(64 501.44327),(65 736.4236),(66 501.0099),(67 729.9517),(68 502.86597),(69 741.1628),(70 507.53305),(71 739.43097),(72 504.60098),(73 736.2237),(74 504.6946),(75 743.83527),(76 507.53403),(77 740.1644),(78 502.63086),(79 733.1116),
(1 454.06845),(2 297.33832),(3 572.5221),(4 365.97345),(5 609.24536),(6 389.8414),(7 621.80853),(8 401.2988),(9 642.4936),(10 423.31198),(11 653.6095),(12 432.93518),(13 664.76544),(14 440.99405),(15 669.2329),(16 449.60687),(17 677.3902),(18 459.51627),(19 684.2262),(20 462.15543),(21 686.39716),(22 467.2394),(23 689.4226),(24 469.18845),(25 691.65515),(26 472.19803),(27 694.3794),(28 469.1626),(29 692.0908),(30 468.33014),(31 687.98126),(32 473.96393),(33 701.3795),(34 476.75073),(35 696.6589),(36 476.95566),(37 699.5217),(38 477.0603),(39 693.47174),(40 478.3029),(41 701.1771),(42 476.39792),(43 691.9244),(44 472.046),(45 693.9048),(46 471.26727),(47 693.0053),(48 474.58804),(49 701.683),(50 479.90207),(51 701.3511),(52 475.4545),(53 698.0162),(54 475.64957),(55 697.70917),(56 475.3798),(57 697.1274),(58 474.21783),(59 697.6827),(60 472.6551),(61 699.29645),(62 471.94235),(63 696.96857),(64 473.25),(65 699.12225),(66 471.8946),(67 697.2609),(68 479.34717),(69 711.0567),(70 481.7793),(71 705.68146),(72 482.78748),(73 713.3355),(74 489.34555),(75 718.76373),(76 488.82385),(77 712.51953),(78 487.25323),(79 711.29565),
(1 449.30847),(2 296.10852),(3 571.2423),(4 364.80475),(5 610.3575),(6 387.98056),(7 619.42523),(8 405.6793),(9 637.69574),(10 419.29703),(11 654.2749),(12 433.74646),(13 664.9187),(14 443.72958),(15 674.4102),(16 453.92807),(17 682.8721),(18 460.00262),(19 684.468),(20 460.56537),(21 687.4332),(22 462.606),(23 686.8014),(24 465.26102),(25 692.09766),(26 469.22354),(27 694.96594),(28 469.97504),(29 691.94635),(30 471.74246),(31 696.0032),(32 475.48813),(33 707.37067),(34 487.07382),(35 707.88934),(36 480.94348),(37 707.83856),(38 486.19818),(39 704.46844),(40 483.81982),(41 703.3592),(42 482.95972),(43 701.97174),(44 478.92767),(45 702.5077),(46 480.72827),(47 707.10297),(48 487.6997),(49 717.23694),(50 489.27722),(51 715.58276),(52 493.91553),(53 718.0504),(54 492.25885),(55 712.20013),(56 487.71146),(57 711.1343),(58 482.15735),(59 706.78796),(60 479.99527),(61 714.79877),(62 483.3793),(63 708.8479),(64 489.53607),(65 714.25464),(66 486.31372),(67 710.15155),(68 486.9868),(69 720.591),(70 488.96454),(71 713.28357),(72 486.94223),(73 718.44244),(74 489.13254),(75 719.90875),(76 492.7829),(77 715.57404),(78 487.4683),(79 712.30634),
(1 443.78088),(2 294.14352),(3 565.3577),(4 361.48737),(5 595.75006),(6 383.3969),(7 608.34265),(8 395.53006),(9 622.3412),(10 410.85672),(11 641.7446),(12 423.7958),(13 643.2067),(14 426.11877),(15 653.3169),(16 436.1971),(17 659.8277),(18 441.38034),(19 665.14307),(20 444.10037),(21 665.0563),(22 445.40884),(23 661.2223),(24 445.55988),(25 667.6918),(26 447.54074),(27 670.4386),(28 450.1929),(29 667.68176),(30 454.7124),(31 668.2996),(32 455.93207),(33 675.8454),(34 460.11008),(35 677.2302),(36 461.0346),(37 680.1148),(38 463.18237),(39 683.46075),(40 468.19247),(41 685.589),(42 470.0713),(43 687.39325),(44 470.5846),(45 689.7688),(46 470.41626),(47 690.22296),(48 473.01022),(49 689.9042),(50 470.40436),(51 691.95154),(52 469.5843),(53 691.3453),(54 466.54764),(55 687.8004),(56 466.87848),(57 686.50055),(58 465.45963),(59 684.4805),(60 464.60635),(61 684.3223),(62 462.32294),(63 680.88885),(64 463.07443),(65 682.5567),(66 458.03943),(67 678.0528),(68 459.24),(69 681.55475),(70 459.89508),(71 682.7285),(72 461.15277),(73 681.3077),(74 466.68625),(75 686.4997),(76 469.09415),(77 689.44507),(78 465.8342),(79 681.2205),
(1 430.8718),(2 284.13345),(3 545.59186),(4 352.4012),(5 580.18024),(6 373.0689),(7 589.94214),(8 386.11923),(9 604.9216),(10 403.63696),(11 618.8902),(12 412.04617),(13 628.7815),(14 422.36243),(15 640.89325),(16 436.09122),(17 650.9178),(18 437.91046),(19 646.9396),(20 442.2065),(21 651.37933),(22 443.36398),(23 652.9444),(24 438.78494),(25 653.0101),(26 442.00098),(27 651.9787),(28 433.78534),(29 647.3156),(30 439.90405),(31 650.12805),(32 441.85825),(33 649.842),(34 440.16278),(35 650.82996),(36 436.81613),(37 653.6716),(38 443.42142),(39 653.0085),(40 440.85458),(41 653.26886),(42 441.7082),(43 652.36536),(44 440.73517),(45 653.98865),(46 442.84473),(47 653.1201),(48 442.209),(49 653.0767),(50 441.90955),(51 654.9327),(52 445.6228),(53 663.9274),(54 451.31482),(55 660.0228),(56 450.16794),(57 663.2891),(58 453.1357),(59 661.0802),(60 450.38882),(61 666.27124),(62 453.9969),(63 664.6719),(64 451.8104),(65 665.3062),(66 450.06464),(67 660.31323),(68 453.18347),(69 667.6266),(70 455.65054),(71 664.38403),(72 457.8588),(73 670.5545),(74 459.1634),(75 667.80066),(76 462.22122),(77 674.25836),(78 463.52722),(79 671.1092),
(1 434.2549),(2 277.62115),(3 542.0399),(4 341.24515),(5 578.9282),(6 362.92108),(7 589.18494),(8 380.89053),(9 609.0021),(10 396.83682),(11 619.96246),(12 408.28308),(13 633.88257),(14 420.61957),(15 641.13776),(16 428.29742),(17 653.67523),(18 433.67255),(19 651.24817),(20 433.39172),(21 647.6127),(22 430.4425),(23 649.5799),(24 429.53235),(25 649.2032),(26 430.35895),(27 651.719),(28 432.21045),(29 646.0722),(30 429.06824),(31 650.98883),(32 435.9967),(33 654.3908),(34 437.21677),(35 652.06836),(36 439.44046),(37 658.77356),(38 445.68405),(39 656.1472),(40 441.7684),(41 657.0756),(42 441.61838),(43 657.9332),(44 441.7565),(45 658.96295),(46 443.90442),(47 662.36847),(48 449.3711),(49 666.2209),(50 449.96072),(51 668.94446),(52 451.6579),(53 670.4907),(54 449.73572),(55 669.2475),(56 450.0451),(57 670.27527),(58 450.8841),(59 667.6802),(60 448.4396),(61 667.57025),(62 449.78928),(63 663.11066),(64 444.28522),(65 663.74927),(66 443.31906),(67 660.4669),(68 442.66827),(69 659.0757),(70 438.95718),(71 656.3391),(72 438.61502),(73 661.1612),(74 443.56497),(75 661.0265),(76 444.1274),(77 662.6745),(78 440.42502),(79 658.7333),
(1 431.51587),(2 278.72552),(3 543.615),(4 346.93164),(5 581.48676),(6 367.80807),(7 593.7469),(8 381.336),(9 608.56),(10 393.1198),(11 623.3554),(12 405.03705),(13 627.46704),(14 414.50708),(15 639.18164),(16 424.8838),(17 645.7802),(18 428.53394),(19 647.1872),(20 433.24536),(21 648.50745),(22 432.77),(23 647.51605),(24 432.713),(25 649.06396),(26 435.7167),(27 652.26465),(28 430.7304),(29 650.0005),(30 436.08536),(31 655.2959),(32 435.76053),(33 653.61145),(34 442.05188),(35 655.11005),(36 437.5502),(37 653.80676),(38 438.49622),(39 655.58704),(40 438.5995),(41 657.4209),(42 440.47745),(43 658.18286),(44 443.68695),(45 660.94543),(46 448.8125),(47 663.99335),(48 449.04007),(49 667.6377),(50 449.69382),(51 668.4321),(52 450.42657),(53 667.70624),(54 447.3082),(55 663.975),(56 444.92706),(57 664.426),(58 442.85593),(59 658.4629),(60 444.4259),(61 664.0026),(62 449.09415),(63 668.3034),(64 445.7511),(65 668.1265),(66 446.89584),(67 660.25836),(68 448.11453),(69 665.6529),(70 448.11295),(71 660.82355),(72 451.20795),(73 669.67206),(74 455.6515),(75 672.12634),(76 456.7456),(77 670.7317),(78 454.3606),(79 668.61237),
(1 418.63138),(2 275.13754),(3 525.764),(4 335.92325),(5 562.3298),(6 357.2036),(7 573.96277),(8 372.12183),(9 588.00287),(10 384.20364),(11 604.2684),(12 395.2161),(13 609.9857),(14 405.9843),(15 616.1423),(16 407.5161),(17 621.38214),(18 413.64075),(19 623.6465),(20 417.22592),(21 628.2109),(22 419.5413),(23 626.81146),(24 420.64322),(25 630.91815),(26 418.70807),(27 627.8878),(28 420.85864),(29 632.9097),(30 424.97192),(31 636.9765),(32 422.84122),(33 635.90814),(34 426.81317),(35 634.0255),(36 424.22186),(37 632.74194),(38 428.0003),(39 636.794),(40 427.98428),(41 642.2512),(42 427.20932),(43 637.54126),(44 428.32574),(45 638.26624),(46 428.17508),(47 638.7146),(48 430.04443),(49 637.2331),(50 427.05496),(51 638.3014),(52 428.39868),(53 637.49084),(54 426.25034),(55 635.5768),(56 421.9919),(57 630.3295),(58 421.7146),(59 629.6833),(60 424.86917),(61 633.65295),(62 426.64786),(63 636.65424),(64 426.33774),(65 635.3814),(66 428.45355),(67 636.636),(68 430.6205),(69 641.0478),(70 431.25745),(71 637.3798),(72 433.74506),(73 643.9577),(74 434.12985),(75 642.6574),(76 437.7355),(77 646.07446),(78 434.11298),(79 643.39026),
(1 416.40417),(2 271.2917),(3 522.91785),(4 333.59116),(5 557.6174),(6 356.36288),(7 566.71783),(8 370.4538),(9 586.8495),(10 385.51178),(11 599.52734),(12 400.25787),(13 609.41815),(14 406.49423),(15 615.25916),(16 416.99274),(17 625.4382),(18 422.80768),(19 628.92584),(20 422.04144),(21 625.76874),(22 420.3385),(23 624.3947),(24 421.28012),(25 627.81305),(26 418.1636),(27 624.0337),(28 417.5663),(29 626.5138),(30 421.27585),(31 626.60065),(32 421.6373),(33 630.12305),(34 428.7782),(35 629.77655),(36 423.63815),(37 629.63855),(38 425.21155),(39 630.5949),(40 423.12222),(41 630.8176),(42 423.91644),(43 628.9682),(44 420.54556),(45 629.86566),(46 428.12637),(47 634.6931),(48 432.80276),(49 638.5328),(50 431.32455),(51 636.55304),(52 433.97668),(53 638.2363),(54 437.91666),(55 640.2681),(56 434.2379),(57 637.1707),(58 430.7433),(59 633.25146),(60 426.44775),(61 635.97046),(62 433.64502),(63 636.3331),(64 430.3417),(65 641.2218),(66 431.75006),(67 637.67035),(68 428.49884),(69 630.63824),(70 428.96027),(71 634.7473),(72 431.20148),(73 636.9422),(74 433.20917),(75 642.4268),(76 439.18433),(77 642.19324),(78 435.0289),(79 640.4593),
(1 408.12067),(2 264.57275),(3 510.13254),(4 319.44083),(5 539.56445),(6 339.99698),(7 550.6322),(8 349.77545),(9 559.99854),(10 364.37283),(11 572.25195),(12 373.68594),(13 583.7841),(14 382.38773),(15 590.11755),(16 386.2195),(17 596.5264),(18 392.22617),(19 600.44336),(20 395.3968),(21 604.9954),(22 397.87616),(23 601.64435),(24 395.66385),(25 605.1113),(26 397.462),(27 603.9451),(28 398.15335),(29 605.59344),(30 396.3839),(31 600.326),(32 396.35074),(33 602.4185),(34 401.4508),(35 601.9788),(36 398.20856),(37 607.31085),(38 401.96268),(39 605.93524),(40 399.76367),(41 605.9258),(42 403.8555),(43 608.7314),(44 403.87476),(45 612.76666),(46 409.17014),(47 614.077),(48 411.6855),(49 612.3708),(50 405.98972),(51 613.0302),(52 410.18472),(53 613.0244),(54 409.88177),(55 614.7279),(56 410.81357),(57 611.142),(58 405.4835),(59 611.784),(60 405.53644),(61 613.4708),(62 408.83044),(63 614.0936),(64 407.712),(65 616.34686),(66 406.33487),(67 614.6248),(68 411.53687),(69 617.5011),(70 413.6335),(71 618.36127),(72 411.75104),(73 619.91254),(74 413.99252),(75 616.68024),(76 415.22794),(77 622.06555),(78 412.6082),(79 619.99054),
(1 411.73547),(2 262.04538),(3 511.26984),(4 320.07718),(5 540.2809),(6 338.09802),(7 557.3957),(8 353.72275),(9 567.72766),(10 367.51648),(11 578.39813),(12 374.5507),(13 584.24835),(14 380.9086),(15 590.6833),(16 386.25107),(17 600.33246),(18 391.4119),(19 604.3269),(20 392.7252),(21 604.235),(22 397.28693),(23 604.0267),(24 391.86063),(25 602.3059),(26 394.2376),(27 602.55865),(28 394.28793),(29 602.27435),(30 396.65625),(31 602.72095),(32 397.40466),(33 601.49133),(34 397.68564),(35 601.3674),(36 395.8887),(37 604.7878),(38 397.55405),(39 603.9737),(40 400.28113),(41 604.3858),(42 401.67276),(43 605.012),(44 397.13135),(45 604.92126),(46 404.88248),(47 607.27563),(48 406.58707),(49 613.9209),(50 406.4928),(51 612.6368),(52 407.88818),(53 612.20917),(54 406.05627),(55 609.95337),(56 405.20554),(57 611.6925),(58 404.90704),(59 615.9164),(60 407.1582),(61 616.0812),(62 407.3741),(63 613.69293),(64 408.36307),(65 618.4139),(66 406.08264),(67 613.6888),(68 407.04868),(69 613.7893),(70 405.49484),(71 616.0702),(72 410.37305),(73 618.08673),(74 410.4602),(75 617.0027),(76 409.81882),(77 616.4175),(78 410.91086),(79 618.69806),
(1 407.90942),(2 263.57404),(3 508.4103),(4 322.05792),(5 539.8968),(6 339.96423),(7 552.955),(8 352.8801),(9 565.1893),(10 361.35513),(11 567.37854),(12 368.29605),(13 575.6855),(14 373.78235),(15 581.8383),(16 378.0092),(17 592.17847),(18 386.2504),(19 590.2519),(20 384.94568),(21 589.46954),(22 387.6954),(23 589.5773),(24 387.41843),(25 587.9702),(26 387.14063),(27 589.2406),(28 387.14206),(29 588.91516),(30 387.00363),(31 590.7724),(32 390.4878),(33 591.861),(34 390.66977),(35 592.36835),(36 393.22983),(37 596.502),(38 390.2099),(39 592.1325),(40 388.97888),(41 589.4524),(42 390.45828),(43 590.324),(44 391.18167),(45 594.61273),(46 391.6456),(47 598.7053),(48 392.88376),(49 595.371),(50 390.44974),(51 599.7837),(52 395.19876),(53 603.622),(54 397.53973),(55 600.7467),(56 395.80814),(57 602.22656),(58 396.80804),(59 600.7732),(60 400.4234),(61 604.56946),(62 402.09024),(63 605.94006),(64 404.21378),(65 610.51776),(66 405.2604),(67 613.21893),(68 408.41385),(69 611.165),(70 402.67914),(71 612.1517),(72 402.99344),(73 608.42773),(74 401.6858),(75 609.86255),(76 405.15567),(77 609.8883),(78 405.5487),(79 612.87067),
(1 402.40402),(2 256.37094),(3 497.0477),(4 312.60037),(5 527.1523),(6 331.45996),(7 540.7464),(8 344.2157),(9 551.11194),(10 355.47635),(11 559.84985),(12 364.53754),(13 565.73846),(14 370.2391),(15 576.5202),(16 376.45908),(17 581.12305),(18 379.57156),(19 585.23663),(20 388.3408),(21 586.79364),(22 386.63748),(23 585.73065),(24 386.78217),(25 587.5471),(26 384.31683),(27 581.9495),(28 384.5406),(29 584.3671),(30 384.39676),(31 581.68756),(32 382.44226),(33 578.31036),(34 387.1744),(35 583.2332),(36 386.54843),(37 584.3259),(38 385.18924),(39 582.08246),(40 385.95026),(41 585.1331),(42 383.75043),(43 582.0057),(44 386.23138),(45 586.94525),(46 386.37408),(47 588.9194),(48 390.16907),(49 589.8399),(50 387.20676),(51 591.8149),(52 388.30008),(53 592.69135),(54 390.93552),(55 590.17035),(56 389.67734),(57 591.6845),(58 387.84308),(59 586.79614),(60 386.89218),(61 584.4166),(62 382.238),(63 581.88574),(64 386.30438),(65 586.26666),(66 385.30627),(67 585.9099),(68 386.61972),(69 587.6037),(70 390.12024),(71 592.9051),(72 391.90033),(73 593.2132),(74 391.54123),(75 592.6482),(76 391.44357),(77 596.6601),(78 394.7824),(79 590.71936),
(1 397.14102),(2 254.07376),(3 492.72964),(4 310.12634),(5 522.8463),(6 327.88086),(7 534.30054),(8 335.53192),(9 544.2435),(10 350.714),(11 556.2779),(12 363.85373),(13 561.8303),(14 363.08087),(15 564.78284),(16 370.3793),(17 567.38495),(18 373.3817),(19 572.75256),(20 373.94547),(21 569.664),(22 369.8662),(23 564.8042),(24 370.09128),(25 564.2974),(26 370.7075),(27 568.0067),(28 371.2204),(29 569.44086),(30 372.884),(31 569.09924),(32 369.14563),(33 562.2099),(34 364.95724),(35 565.0061),(36 369.82364),(37 565.52704),(38 370.66357),(39 563.1348),(40 369.55978),(41 567.0201),(42 369.39862),(43 570.3937),(44 374.52994),(45 572.0312),(46 377.49527),(47 575.40216),(48 380.12738),(49 579.01245),(50 379.70425),(51 583.3398),(52 383.25443),(53 580.9834),(54 384.80258),(55 582.445),(56 386.18277),(57 583.8709),(58 382.29822),(59 578.0635),(60 383.91464),(61 582.9573),(62 383.26492),(63 582.73),(64 383.55814),(65 586.5227),(66 386.9311),(67 583.18115),(68 384.0428),(69 588.4105),(70 391.11975),(71 588.881),(72 388.13324),(73 589.19885),(74 388.55014),(75 590.2823),(76 393.66653),(77 593.82446),(78 396.86688),(79 593.9828),
(1 396.2839),(2 252.03732),(3 491.17075),(4 305.5862),(5 521.5611),(6 326.7569),(7 534.30817),(8 336.68518),(9 547.2512),(10 351.42944),(11 551.3267),(12 355.2214),(13 558.9664),(14 359.995),(15 561.18994),(16 365.5665),(17 565.7576),(18 370.05228),(19 569.2784),(20 372.0859),(21 565.4272),(22 371.31912),(23 565.86096),(24 369.84756),(25 565.1514),(26 370.31583),(27 564.56635),(28 367.84396),(29 567.879),(30 370.58905),(31 562.84174),(32 366.2711),(33 561.86786),(34 369.58975),(35 563.1655),(36 371.11902),(37 565.959),(38 369.10632),(39 564.7061),(40 370.1281),(41 571.0304),(42 374.98828),(43 571.67334),(44 374.69058),(45 572.908),(46 375.38986),(47 572.68494),(48 379.4444),(49 574.51135),(50 375.6967),(51 573.77875),(52 376.744),(53 574.8246),(54 377.59323),(55 571.0878),(56 373.76343),(57 576.63855),(58 374.03107),(59 569.83545),(60 376.49948),(61 579.06647),(62 378.83984),(63 576.69946),(64 380.04898),(65 584.88586),(66 385.51138),(67 585.9943),(68 387.78265),(69 586.55066),(70 385.1883),(71 586.1758),(72 389.8155),(73 590.3667),(74 391.59595),(75 590.1473),(76 390.22186),(77 590.165),(78 390.65567),(79 590.26935),
(1 386.79324),(2 245.40442),(3 479.504),(4 300.01355),(5 508.88873),(6 320.25327),(7 520.61694),(8 334.7614),(9 540.1345),(10 345.62622),(11 544.99664),(12 351.25586),(13 551.35376),(14 359.28857),(15 559.28937),(16 365.79654),(17 564.07153),(18 367.46103),(19 564.6024),(20 370.53104),(21 563.77295),(22 369.1392),(23 565.3037),(24 366.86987),(25 563.482),(26 365.83148),(27 559.97845),(28 364.12262),(29 560.08575),(30 364.30118),(31 554.19464),(32 360.59872),(33 551.83344),(34 361.77136),(35 555.2221),(36 363.16095),(37 556.4969),(38 364.13055),(39 558.2326),(40 365.6789),(41 560.17676),(42 362.90475),(43 560.0438),(44 367.7873),(45 564.5044),(46 372.22043),(47 566.99176),(48 369.0008),(49 565.5695),(50 371.6477),(51 565.3697),(52 367.26675),(53 567.05145),(54 372.5317),(55 567.43774),(56 373.26825),(57 571.9882),(58 373.96234),(59 568.64355),(60 372.8745),(61 570.6783),(62 371.9503),(63 570.4108),(64 374.99185),(65 576.415),(66 379.07208),(67 577.6598),(68 381.55798),(69 580.921),(70 379.8996),(71 575.16064),(72 381.19174),(73 578.2329),(74 378.87823),(75 575.6059),(76 381.83783),(77 579.6872),(78 380.89072),(79 573.4304),
(1 377.87497),(2 240.18752),(3 468.00412),(4 291.56512),(5 494.7442),(6 307.1038),(7 507.1521),(8 318.16257),(9 516.784),(10 331.34836),(11 529.6406),(12 339.77286),(13 534.4212),(14 345.22623),(15 541.2242),(16 350.50885),(17 542.7909),(18 353.489),(19 543.3136),(20 352.54562),(21 544.1697),(22 354.7047),(23 543.0031),(24 353.19562),(25 543.35474),(26 356.4247),(27 544.1405),(28 354.2447),(29 543.62616),(30 354.03317),(31 544.61005),(32 357.81967),(33 546.34644),(34 362.0843),(35 547.2756),(36 359.9183),(37 550.1032),(38 365.08023),(39 555.01776),(40 371.3828),(41 558.1504),(42 371.16843),(43 558.9545),(44 370.7359),(45 561.40753),(46 375.5406),(47 566.9394),(48 375.63403),(49 567.2408),(50 375.63626),(51 568.56976),(52 374.49142),(53 563.68835),(54 373.0326),(55 561.9058),(56 370.13528),(57 561.32275),(58 370.75342),(59 559.5507),(60 366.2697),(61 556.8472),(62 365.84247),(63 553.8225),(64 363.84427),(65 554.2499),(66 365.8701),(67 555.11115),(68 368.5792),(69 559.9537),(70 368.43198),(71 556.53876),(72 370.45636),(73 560.70355),(74 370.1793),(75 559.5559),(76 372.74844),(77 564.82715),(78 373.05914),(79 564.4852),
(1 377.78778),(2 242.48601),(3 469.46902),(4 290.9404),(5 496.2929),(6 309.88846),(7 509.26163),(8 321.0901),(9 521.2084),(10 335.40213),(11 532.09283),(12 345.59665),(13 539.7744),(14 350.9681),(15 537.9082),(16 350.64532),(17 540.1454),(18 353.54855),(19 546.4638),(20 357.3146),(21 547.4473),(22 361.90143),(23 548.2044),(24 361.13736),(25 548.6375),(26 359.50174),(27 548.40857),(28 359.29324),(29 547.175),(30 360.85675),(31 550.45703),(32 361.00845),(33 546.64703),(34 359.37683),(35 545.5738),(36 358.03766),(37 546.6801),(38 358.83487),(39 546.7399),(40 360.0426),(41 546.66364),(42 361.63028),(43 547.56354),(44 360.56064),(45 548.341),(46 361.7898),(47 550.2256),(48 366.17767),(49 554.13495),(50 363.72702),(51 552.8689),(52 363.95767),(53 550.41895),(54 363.63037),(55 548),(56 362.44376),(57 548.69946),(58 363.0358),(59 548.01404),(60 360.90704),(61 550.4394),(62 362.92673),(63 552.2486),(64 366.86108),(65 553.99603),(66 367.7937),(67 557.26996),(68 368.52484),(69 555.0055),(70 363.04483),(71 554.3032),(72 369.50388),(73 556.93207),(74 367.87064),(75 553.6874),(76 367.9651),(77 561.01355),(78 369.82254),(79 560.7647),
(1 370.97318),(2 232.62337),(3 454.0308),(4 281.82068),(5 481.3459),(6 301.63815),(7 495.2608),(8 310.45538),(9 509.57095),(10 325.03244),(11 520.561),(12 336.1763),(13 528.5598),(14 346.09198),(15 535.69385),(16 348.19608),(17 540.4808),(18 352.57132),(19 542.74164),(20 353.25485),(21 545.63367),(22 355.5711),(23 542.1219),(24 354.59134),(25 540.89124),(26 354.46848),(27 543.05554),(28 351.8819),(29 542.1055),(30 352.82373),(31 541.33887),(32 351.66684),(33 542.3524),(34 357.1599),(35 541.16766),(36 355.85498),(37 545.9549),(38 359.42725),(39 547.6544),(40 360.36838),(41 546.929),(42 360.94937),(43 548.5876),(44 359.56372),(45 544.71014),(46 358.9158),(47 547.47003),(48 362.6605),(49 551.0274),(50 363.58374),(51 552.9209),(52 364.8709),(53 551.413),(54 362.1028),(55 545.57104),(56 361.4584),(57 550.1552),(58 357.27203),(59 542.87305),(60 357.84268),(61 547.5718),(62 357.08804),(63 547.67505),(64 362.38635),(65 550.9863),(66 366.46823),(67 552.49274),(68 367.09393),(69 555.92053),(70 366.93115),(71 557.852),(72 369.82324),(73 556.9432),(74 371.33963),(75 558.36127),(76 372.84125),(77 556.56555),(78 368.9275),(79 552.4183),
(1 373.46414),(2 232.94225),(3 456.10498),(4 281.97626),(5 485.76093),(6 301.61475),(7 497.2498),(8 314.88464),(9 513.49445),(10 328.7296),(11 523.6048),(12 332.2668),(13 526.5327),(14 342.2655),(15 532.5322),(16 346.81992),(17 538.91),(18 351.0735),(19 538.748),(20 351.9806),(21 539.4527),(22 354.87936),(23 537.6107),(24 351.4421),(25 539.3892),(26 355.57526),(27 543.13855),(28 356.1714),(29 542.69946),(30 356.0578),(31 546.9605),(32 357.1127),(33 548.89545),(34 359.87128),(35 550.0376),(36 359.3791),(37 546.7641),(38 358.34882),(39 545.2996),(40 358.22388),(41 547.0968),(42 361.4899),(43 546.94885),(44 361.9778),(45 555.4093),(46 367.64026),(47 556.5642),(48 366.86197),(49 559.0111),(50 369.42398),(51 559.1699),(52 367.3116),(53 557.65314),(54 365.86575),(55 555.4877),(56 365.41904),(57 555.19446),(58 358.3646),(59 549.2611),(60 360.6114),(61 553.03754),(62 364.363),(63 549.7104),(64 359.4177),(65 551.06494),(66 360.65945),(67 548.94727),(68 363.13422),(69 553.51013),(70 365.64352),(71 552.07965),(72 363.6318),(73 555.09827),(74 365.42175),(75 557.95496),(76 369.2579),(77 564.6046),(78 368.01147),(79 559.57245),
(1 365.93454),(2 225.31352),(3 445.48254),(4 272.57825),(5 471.87146),(6 290.54657),(7 485.24573),(8 302.1024),(9 496.15988),(10 315.80615),(11 505.82297),(12 322.0617),(13 511.9506),(14 325.79526),(15 514.7168),(16 331.29327),(17 522.6633),(18 337.65454),(19 523.5205),(20 337.44876),(21 523.84875),(22 337.9667),(23 521.61255),(24 337.45633),(25 522.67554),(26 339.64835),(27 524.1835),(28 337.3118),(29 524.22736),(30 339.67847),(31 526.88495),(32 341.2495),(33 528.1802),(34 345.31976),(35 530.7147),(36 343.7589),(37 531.0086),(38 345.61295),(39 529.8187),(40 345.7135),(41 531.973),(42 346.28415),(43 530.3165),(44 345.82584),(45 531.61566),(46 348.45596),(47 536.0923),(48 352.61887),(49 538.1229),(50 353.79895),(51 539.9728),(52 352.38574),(53 535.5516),(54 350.30563),(55 538.63104),(56 350.4017),(57 536.91595),(58 348.7605),(59 534.19073),(60 348.3253),(61 536.0852),(62 350.17514),(63 536.8001),(64 350.6866),(65 538.214),(66 350.89633),(67 538.1028),(68 353.67023),(69 542.48987),(70 356.34036),(71 540.2566),(72 356.65216),(73 541.72815),(74 357.04758),(75 549.0934),(76 360.16666),(77 551.0287),(78 360.37747),(79 546.69196),
(1 369.61856),(2 229.6587),(3 448.83676),(4 273.75497),(5 474.61472),(6 291.1624),(7 484.94287),(8 303.6083),(9 495.53397),(10 312.98883),(11 507.87488),(12 320.51733),(13 512.78485),(14 324.14725),(15 517.3755),(16 332.25577),(17 525.32886),(18 336.50015),(19 523.2039),(20 337.08328),(21 527.97516),(22 337.1902),(23 525.88055),(24 340.94788),(25 527.0611),(26 339.85547),(27 527.33936),(28 337.42923),(29 527.4859),(30 338.29785),(31 526.21985),(32 341.30725),(33 527.76904),(34 339.73947),(35 525.9225),(36 336.24),(37 527.4561),(38 341.08832),(39 528.8147),(40 343.68823),(41 532.9073),(42 344.11313),(43 531.854),(44 344.23975),(45 536.01245),(46 347.24835),(47 536.7699),(48 347.55804),(49 539.2284),(50 350.03705),(51 539.69403),(52 350.31326),(53 538.39966),(54 351.18814),(55 539.0733),(56 348.35684),(57 537.2659),(58 345.70685),(59 529.58044),(60 343.79276),(61 532.22797),(62 340.68158),(63 527.8354),(64 342.3046),(65 531.7201),(66 344.4991),(67 531.43854),(68 345.64886),(69 535.1101),(70 346.6337),(71 532.8064),(72 348.46912),(73 537.007),(74 351.40387),(75 539.0086),(76 353.42862),(77 541.17596),(78 354.6527),(79 541.99695),
(1 358.79398),(2 224.07356),(3 434.75726),(4 266.0214),(5 461.76743),(6 281.91595),(7 472.43375),(8 293.91162),(9 485.83044),(10 304.83685),(11 493.25818),(12 312.52115),(13 496.5977),(14 313.0193),(15 502.62714),(16 321.365),(17 507.56696),(18 325.0502),(19 507.66547),(20 326.8097),(21 510.86115),(22 325.20767),(23 508.20996),(24 329.0651),(25 512.1778),(26 329.5866),(27 510.15042),(28 326.7045),(29 512.422),(30 330.93427),(31 513.21173),(32 333.06616),(33 517.34186),(34 336.14865),(35 515.4929),(36 331.38068),(37 514.6971),(38 334.6678),(39 518.18317),(40 339.38284),(41 520.03406),(42 336.444),(43 518.1487),(44 337.5024),(45 521.85706),(46 344.22757),(47 527.0459),(48 345.29834),(49 527.9666),(50 343.69922),(51 528.53033),(52 345.1197),(53 529.2942),(54 347.66223),(55 525.9252),(56 343.79837),(57 525.9924),(58 344.12308),(59 522.9559),(60 341.98596),(61 521.9985),(62 338.6624),(63 519.10706),(64 337.35535),(65 520.02234),(66 340.0531),(67 520.47815),(68 343.05466),(69 525.3214),(70 341.18726),(71 522.35596),(72 343.01093),(73 524.9819),(74 346.39078),(75 527.3094),(76 346.54535),(77 527.9448),(78 343.79666),(79 524.3141),
(1 350.71896),(2 217.67064),(3 421.54974),(4 256.78473),(5 445.129),(6 272.0503),(7 455.52774),(8 283.30325),(9 467.96216),(10 294.77594),(11 474.03455),(12 300.35352),(13 480.93195),(14 307.75647),(15 481.71802),(16 312.76587),(17 487.96286),(18 317.79288),(19 489.6424),(20 318.774),(21 494.20905),(22 317.66458),(23 486.49023),(24 316.14392),(25 493.21616),(26 319.8785),(27 490.84167),(28 316.7599),(29 493.44455),(30 318.47253),(31 490.9318),(32 316.64322),(33 492.18726),(34 318.6246),(35 490.42215),(36 319.7887),(37 495.46222),(38 321.8728),(39 491.63718),(40 318.6227),(41 494.4487),(42 317.50803),(43 493.2293),(44 319.94403),(45 498.4934),(46 327.1699),(47 499.4635),(48 327.6764),(49 502.71417),(50 328.38712),(51 501.6991),(52 326.47443),(53 500.42398),(54 327.0725),(55 500.31244),(56 327.72757),(57 503.69507),(58 325.70502),(59 499.4137),(60 325.11392),(61 502.0605),(62 325.03757),(63 499.53183),(64 323.73776),(65 501.02887),(66 322.9523),(67 499.08075),(68 325.03372),(69 503.2157),(70 323.7807),(71 500.4684),(72 324.6224),(73 498.22333),(74 326.9594),(75 504.17786),(76 328.29974),(77 505.2216),(78 327.16196),(79 500.52594),
(1 350.4715),(2 215.686),(3 422.73483),(4 256.7103),(5 444.3006),(6 270.5361),(7 456.7937),(8 279.90143),(9 468.25006),(10 293.81375),(11 479.14752),(12 302.13345),(13 486.0581),(14 308.34528),(15 489.5659),(16 315.35107),(17 500.5777),(18 321.3457),(19 503.40375),(20 323.145),(21 504.19888),(22 322.3624),(23 497.6841),(24 323.2855),(25 504.9095),(26 326.16705),(27 503.554),(28 325.1842),(29 506.2579),(30 323.69507),(31 502.99066),(32 323.13168),(33 504.11118),(34 325.1459),(35 501.2916),(36 326.57388),(37 505.31323),(38 327.29297),(39 503.7612),(40 325.6112),(41 502.22247),(42 325.9736),(43 502.66653),(44 327.89633),(45 510.36804),(46 333.72437),(47 507.68787),(48 329.2124),(49 509.83932),(50 328.77087),(51 505.90842),(52 327.9039),(53 505.93985),(54 327.43008),(55 502.37894),(56 325.2154),(57 505.37872),(58 325.12985),(59 503.571),(60 324.36185),(61 507.69272),(62 325.5431),(63 505.1486),(64 327.50037),(65 506.57358),(66 330.61932),(67 504.39374),(68 327.68512),(69 509.06784),(70 329.29346),(71 506.80746),(72 328.6939),(73 509.66858),(74 332.7924),(75 512.46716),(76 328.90823),(77 512.3447),(78 331.8989),(79 510.2091),
(1 343.9774),(2 214.1144),(3 415.07166),(4 252.12512),(5 439.0392),(6 267.30365),(7 449.19153),(8 279.31766),(9 462.59708),(10 291.1869),(11 471.0535),(12 297.66486),(13 474.20578),(14 304.6035),(15 481.4563),(16 309.3176),(17 490.2836),(18 315.42276),(19 488.32666),(20 314.67877),(21 488.65997),(22 312.65848),(23 488.62027),(24 316.945),(25 491.69928),(26 316.5098),(27 489.90405),(28 314.62634),(29 489.30194),(30 315.1578),(31 488.02417),(32 316.90036),(33 491.7008),(34 318.71478),(35 489.05096),(36 318.39285),(37 493.71545),(38 319.83875),(39 491.96347),(40 321.4208),(41 493.54596),(42 321.1937),(43 492.75854),(44 319.20358),(45 494.28848),(46 323.17148),(47 494.59088),(48 323.325),(49 495.4482),(50 321.089),(51 494.92148),(52 325.3167),(53 498.46933),(54 326.5381),(55 498.44885),(56 322.38925),(57 494.7216),(58 321.48196),(59 489.65933),(60 318.06555),(61 492.38727),(62 319.88245),(63 491.2575),(64 319.0184),(65 494.45245),(66 321.15973),(67 491.2613),(68 319.61044),(69 492.4264),(70 316.03018),(71 488.08435),(72 318.19635),(73 490.90204),(74 317.7325),(75 492.14648),(76 320.04327),(77 496.62134),(78 324.3024),(79 498.89825),
(1 345.88635),(2 212.56772),(3 420.86594),(4 255.17754),(5 442.06067),(6 269.11914),(7 453.8716),(8 281.9403),(9 465.2747),(10 291.09412),(11 472.6797),(12 295.48578),(13 474.45358),(14 303.27017),(15 481.9487),(16 307.15915),(17 485.73953),(18 312.41928),(19 486.54095),(20 312.8696),(21 488.90237),(22 309.42694),(23 483.58807),(24 307.7525),(25 486.50372),(26 311.57074),(27 487.039),(28 309.3258),(29 488.32138),(30 311.4067),(31 487.395),(32 310.3536),(33 488.9387),(34 311.0871),(35 488.6765),(36 313.66898),(37 492.75754),(38 315.25812),(39 489.46472),(40 314.5191),(41 492.87872),(42 316.20016),(43 490.4653),(44 314.1037),(45 492.9951),(46 315.72076),(47 489.29404),(48 314.28775),(49 489.99472),(50 312.4337),(51 488.5327),(52 314.45117),(53 490.44574),(54 314.4021),(55 491.80093),(56 317.71194),(57 491.3146),(58 311.20126),(59 486.3519),(60 310.862),(61 491.71558),(62 314.01224),(63 490.63913),(64 315.4887),(65 495.31293),(66 315.66592),(67 493.88345),(68 318.28546),(69 498.49188),(70 317.5941),(71 495.25104),(72 318.6802),(73 497.58218),(74 322.1251),(75 500.89874),(76 322.03915),(77 501.08167),(78 326.5358),(79 502.21838),
(1 343.22766),(2 207.70929),(3 416.02554),(4 247.911),(5 439.9529),(6 265.6801),(7 448.44815),(8 272.64124),(9 459.4107),(10 286.9769),(11 468.56454),(12 291.67773),(13 473.22818),(14 296.48853),(15 475.5607),(16 298.44595),(17 478.3406),(18 301.20416),(19 478.21136),(20 302.89395),(21 477.6908),(22 300.43604),(23 474.79547),(24 303.05667),(25 475.85684),(26 301.35373),(27 479.1492),(28 302.97095),(29 480.92093),(30 305.425),(31 480.2931),(32 303.8003),(33 483.64185),(34 309.00467),(35 485.47226),(36 312.07773),(37 490.1622),(38 313.8732),(39 487.3116),(40 312.75998),(41 489.31055),(42 316.7369),(43 489.33203),(44 313.96857),(45 488.80423),(46 310.69913),(47 484.2277),(48 310.6888),(49 484.53857),(50 309.54828),(51 483.52557),(52 311.24707),(53 485.10782),(54 309.80295),(55 485.2915),(56 309.7764),(57 487.46786),(58 306.57703),(59 484.39706),(60 307.79913),(61 485.79227),(62 309.44992),(63 486.57935),(64 309.93518),(65 490.11652),(66 312.58362),(67 489.51895),(68 314.92935),(69 493.27866),(70 315.7542),(71 494.2974),(72 318.68472),(73 498.1252),(74 319.2142),(75 498.4938),(76 321.02124),(77 498.24997),(78 319.90494),(79 497.16),
(1 333.06644),(2 208.68973),(3 405.87375),(4 245.56868),(5 427.4598),(6 263.04422),(7 438.92056),(8 272.78152),(9 447.48398),(10 282.92407),(11 451.461),(12 286.78693),(13 460.99426),(14 294.35168),(15 466.13635),(16 298.121),(17 471.3712),(18 301.1972),(19 469.9492),(20 301.65454),(21 470.46262),(22 301.36737),(23 470.53055),(24 301.83505),(25 469.56094),(26 302.64307),(27 466.29056),(28 299.36374),(29 467.9911),(30 303.1986),(31 467.03622),(32 306.15085),(33 475.59872),(34 309.07227),(35 475.80112),(36 311.49588),(37 477.6201),(38 312.18268),(39 477.5699),(40 311.79727),(41 478.40085),(42 316.0252),(43 477.5704),(44 313.88528),(45 477.14304),(46 310.3984),(47 477.89456),(48 312.6885),(49 478.37527),(50 311.0967),(51 478.22308),(52 314.7452),(53 479.5623),(54 311.30112),(55 477.6831),(56 312.29044),(57 474.99835),(58 309.88593),(59 472.41956),(60 308.72464),(61 475.77707),(62 310.83694),(63 476.97675),(64 312.31577),(65 480.98038),(66 315.6133),(67 480.8815),(68 318.19577),(69 485.0915),(70 317.8585),(71 485.2141),(72 321.30246),(73 487.3424),(74 321.3789),(75 487.41397),(76 319.96616),(77 483.33725),(78 317.92828),(79 482.22614),
(1 335.53384),(2 202.87276),(3 402.61148),(4 245.4252),(5 425.9269),(6 263.00793),(7 437.2559),(8 268.49002),(9 444.6552),(10 277.71405),(11 449.5946),(12 282.10855),(13 456.41998),(14 289.74402),(15 461.55576),(16 293.7731),(17 465.97598),(18 296.46683),(19 464.5702),(20 297.0994),(21 466.3668),(22 296.13998),(23 462.86343),(24 297.94342),(25 465.9002),(26 297.20804),(27 465.68484),(28 298.12375),(29 467.40924),(30 298.43494),(31 464.27206),(32 299.63293),(33 471.81586),(34 301.60742),(35 469.7388),(36 303.5941),(37 473.35904),(38 306.17657),(39 470.0264),(40 305.77927),(41 472.92932),(42 304.68124),(43 470.85046),(44 305.61798),(45 470.78732),(46 302.85605),(47 469.75836),(48 305.83618),(49 473.5275),(50 303.89923),(51 473.5291),(52 304.52725),(53 472.6229),(54 304.17377),(55 472.3735),(56 305.85242),(57 472.57587),(58 300.32135),(59 470.37747),(60 300.46674),(61 472.08444),(62 299.98495),(63 472.61774),(64 300.17834),(65 471.96036),(66 301.25958),(67 473.16245),(68 302.5061),(69 473.68155),(70 303.7024),(71 472.49197),(72 305.73523),(73 477.57956),(74 309.26993),(75 478.3245),(76 306.9558),(77 473.615),(78 305.12628),(79 472.8438),
(1 323.85822),(2 200.5988),(3 389.4677),(4 239.01608),(5 413.97845),(6 252.55754),(7 420.60764),(8 261.98627),(9 436.2837),(10 275.71393),(11 445.7041),(12 284.43127),(13 452.57388),(14 289.49243),(15 455.5144),(16 293.52847),(17 458.29327),(18 294.78668),(19 456.0291),(20 293.5102),(21 457.5312),(22 292.23428),(23 457.03256),(24 293.1271),(25 454.2074),(26 292.47498),(27 459.36475),(28 296.67206),(29 459.82834),(30 295.2269),(31 458.04623),(32 297.71713),(33 459.22208),(34 299.16837),(35 466.19086),(36 301.81982),(37 463.97354),(38 300.76892),(39 464.1487),(40 301.55527),(41 468.30075),(42 306.08823),(43 468.0326),(44 305.0628),(45 467.61826),(46 303.42627),(47 466.51923),(48 303.41443),(49 470.05786),(50 307.14188),(51 468.76587),(52 306.12103),(53 471.2734),(54 305.39856),(55 470.2816),(56 306.69913),(57 470.80743),(58 304.94208),(59 469.7802),(60 308.4201),(61 473.44104),(62 308.23178),(63 473.1839),(64 306.35532),(65 472.70782),(66 308.4651),(67 471.88538),(68 308.27124),(69 471.62106),(70 306.49548),(71 472.14978),(72 307.4292),(73 471.7844),(74 310.35587),(75 474.09824),(76 310.0666),(77 476.80914),(78 308.8587),(79 475.1745),
(1 326.67212),(2 198.3094),(3 394.14822),(4 238.28253),(5 418.6182),(6 253.0443),(7 424.49777),(8 258.08218),(9 438.5063),(10 273.61337),(11 443.3211),(12 276.67877),(13 450.06744),(14 284.85318),(15 458.20822),(16 288.84827),(17 457.0047),(18 289.40463),(19 459.41714),(20 293.4309),(21 462.90332),(22 290.61),(23 457.959),(24 292.23984),(25 459.80194),(26 291.26227),(27 458.28183),(28 292.552),(29 458.7751),(30 291.35553),(31 455.48505),(32 295.09134),(33 462.76743),(34 297.3499),(35 461.66962),(36 293.59662),(37 459.28952),(38 294.94113),(39 460.9575),(40 293.9253),(41 459.1245),(42 293.79428),(43 458.40216),(44 294.49298),(45 462.28494),(46 293.587),(47 460.1856),(48 294.5555),(49 464.02353),(50 295.05322),(51 463.41077),(52 295.77585),(53 465.8005),(54 297.00967),(55 466.22037),(56 295.32623),(57 464.48633),(58 296.7516),(59 465.29236),(60 294.57745),(61 464.94598),(62 297.83313),(63 467.674),(64 297.36002),(65 468.12805),(66 298.66006),(67 466.35733),(68 300.68796),(69 467.73206),(70 298.42694),(71 467.73853),(72 298.7463),(73 467.6415),(74 300.8552),(75 466.94638),(76 298.25513),(77 470.20145),(78 301.44916),(79 468.20273),
(1 326.38852),(2 199.40672),(3 391.41913),(4 235.33958),(5 415.07373),(6 249.82777),(7 421.5887),(8 257.96625),(9 434.44235),(10 267.62424),(11 436.96442),(12 270.32193),(13 439.22583),(14 275.99377),(15 445.8842),(16 280.4652),(17 448.80844),(18 283.20914),(19 448.76154),(20 283.61728),(21 450.45966),(22 285.78586),(23 450.3988),(24 287.42526),(25 453.67798),(26 286.60352),(27 452.42975),(28 289.09625),(29 456.89304),(30 291.87363),(31 459.63348),(32 293.62924),(33 459.42847),(34 296.12),(35 461.2145),(36 295.29086),(37 460.5243),(38 296.07822),(39 460.34573),(40 293.13556),(41 463.37265),(42 298.25006),(43 462.05383),(44 297.99362),(45 464.47665),(46 299.10162),(47 465.54538),(48 301.35205),(49 468.13123),(50 298.28616),(51 465.87607),(52 297.70428),(53 466.46606),(54 298.47165),(55 465.47784),(56 300.2536),(57 468.31934),(58 299.4214),(59 468.33615),(60 300.3512),(61 473.22858),(62 306.79367),(63 473.47195),(64 306.5078),(65 474.54132),(66 303.6734),(67 471.2676),(68 302.5101),(69 468.5856),(70 301.01242),(71 469.64078),(72 303.5212),(73 470.10413),(74 301.22122),(75 471.60983),(76 303.34045),(77 473.52264),(78 302.09027),(79 470.0532),
(1 306.2495),(2 187.50629),(3 369.83466),(4 225.5057),(5 391.54895),(6 239.47383),(7 401.019),(8 247.65384),(9 408.45758),(10 256.76804),(11 415.84784),(12 260.67267),(13 420.23666),(14 266.6559),(15 428.97394),(16 272.8139),(17 433.67136),(18 277.53125),(19 432.71506),(20 276.89276),(21 434.96307),(22 275.8345),(23 432.03497),(24 275.1592),(25 430.43268),(26 275.05975),(27 430.48917),(28 272.63135),(29 428.6459),(30 271.9163),(31 431.06424),(32 276.02792),(33 432.64233),(34 282.3975),(35 435.70322),(36 280.9149),(37 437.12552),(38 282.60333),(39 438.68347),(40 283.7996),(41 442.5094),(42 286.87653),(43 440.85696),(44 284.637),(45 441.5119),(46 284.81),(47 440.41998),(48 284.45157),(49 441.32578),(50 285.12622),(51 439.28342),(52 284.24167),(53 438.5044),(54 281.1903),(55 438.32065),(56 282.37048),(57 438.94147),(58 280.62137),(59 434.73062),(60 283.75787),(61 437.3794),(62 285.5445),(63 438.9842),(64 286.97052),(65 444.9051),(66 287.91986),(67 443.35712),(68 289.14572),(69 445.3964),(70 291.66513),(71 450.19388),(72 295.92407),(73 451.6929),(74 297.89185),(75 454.61078),(76 299.25244),(77 451.68985),(78 298.05978),(79 452.29352),
(1 319.9624),(2 190.16985),(3 381.28452),(4 225.12827),(5 408.05963),(6 244.51933),(7 417.74246),(8 251.25044),(9 424.52292),(10 259.29193),(11 429.15427),(12 261.96573),(13 436.48425),(14 272.06076),(15 439.22824),(16 271.83517),(17 444.46027),(18 276.75046),(19 446.44928),(20 278.02692),(21 446.62363),(22 278.0413),(23 443.94717),(24 276.14206),(25 441.77502),(26 277.77048),(27 442.82602),(28 279.2993),(29 445.4895),(30 279.80347),(31 444.0663),(32 275.77582),(33 447.2055),(34 280.84143),(35 446.8188),(36 281.5266),(37 450.85876),(38 284.10754),(39 450.44345),(40 289.14462),(41 451.76514),(42 290.576),(43 449.91037),(44 285.74017),(45 449.78757),(46 286.68094),(47 449.0858),(48 285.55902),(49 448.37527),(50 285.9903),(51 446.7435),(52 282.69885),(53 449.96368),(54 282.36777),(55 445.7416),(56 283.62503),(57 446.8669),(58 281.76575),(59 445.61328),(60 280.7695),(61 448.71756),(62 282.98712),(63 448.14648),(64 285.94122),(65 454.3954),(66 286.5784),(67 452.68112),(68 287.004),(69 452.63687),(70 285.94116),(71 454.05237),(72 288.34332),(73 455.82602),(74 291.0278),(75 457.6906),(76 288.9798),(77 456.43018),(78 291.4439),(79 454.0204),
(1 307.76917),(2 185.58124),(3 370.69183),(4 223.82352),(5 390.26746),(6 238.49626),(7 401.7187),(8 246.58743),(9 410.12796),(10 256.28073),(11 417.3364),(12 259.7346),(13 423.19943),(14 266.2252),(15 422.17563),(16 264.83118),(17 425.0658),(18 268.32904),(19 422.6972),(20 267.2952),(21 426.02734),(22 270.3148),(23 428.52106),(24 271.88248),(25 426.8066),(26 270.36624),(27 426.74115),(28 271.22015),(29 425.33627),(30 270.11935),(31 425.0224),(32 269.80417),(33 429.6774),(34 273.1072),(35 430.3406),(36 275.7245),(37 432.89502),(38 279.2646),(39 433.43805),(40 279.91293),(41 434.90234),(42 283.34073),(43 437.48196),(44 284.08273),(45 440.64914),(46 284.10278),(47 440.61688),(48 286.36484),(49 440.8302),(50 284.31836),(51 440.4413),(52 285.51703),(53 442.9991),(54 286.31018),(55 444.0437),(56 284.75922),(57 441.175),(58 285.4047),(59 443.43716),(60 284.53943),(61 445.06696),(62 285.13004),(63 443.3521),(64 284.3258),(65 443.3346),(66 282.21912),(67 442.48407),(68 283.40524),(69 440.09674),(70 282.28058),(71 440.20258),(72 280.72058),(73 439.9187),(74 283.48853),(75 440.2317),(76 283.1944),(77 440.72482),(78 284.4841),(79 442.3903),
(1 308.09),(2 187.42104),(3 372.84204),(4 224.40721),(5 392.88235),(6 237.82397),(7 401.89075),(8 245.15173),(9 410.2172),(10 252.99843),(11 414.83517),(12 259.9449),(13 424.54404),(14 267.19736),(15 429.78116),(16 271.37985),(17 432.20166),(18 271.60706),(19 428.84357),(20 268.77374),(21 429.1082),(22 268.94498),(23 428.01022),(24 268.18658),(25 428.83005),(26 270.36127),(27 428.6997),(28 271.2139),(29 431.5674),(30 271.4117),(31 428.14148),(32 272.21484),(33 435.5103),(34 276.04922),(35 435.2165),(36 277.5808),(37 438.11746),(38 280.97018),(39 435.79047),(40 279.0094),(41 439.1357),(42 280.59012),(43 439.89575),(44 280.66513),(45 439.91318),(46 280.9938),(47 437.14145),(48 277.58936),(49 438.89145),(50 279.67947),(51 438.34866),(52 277.66302),(53 435.70404),(54 276.93655),(55 436.36234),(56 275.45343),(57 433.34216),(58 274.8429),(59 429.97174),(60 270.4028),(61 431.1325),(62 273.94373),(63 432.82062),(64 274.33286),(65 434.7344),(66 277.232),(67 436.4049),(68 276.8407),(69 437.6929),(70 276.92245),(71 433.01797),(72 275.73322),(73 432.7771),(74 276.1597),(75 435.98108),(76 277.59955),(77 437.70392),(78 278.86975),(79 437.16336),
(1 298.31198),(2 181.40504),(3 362.51822),(4 217.84752),(5 380.8923),(6 232.06686),(7 386.80698),(8 235.90948),(9 397.1756),(10 245.67139),(11 401.11557),(12 247.99686),(13 404.4061),(14 251.41536),(15 409.24777),(16 256.09055),(17 412.94223),(18 256.49094),(19 413.902),(20 260.3518),(21 415.92047),(22 261.3317),(23 415.63638),(24 263.4058),(25 417.95837),(26 264.6605),(27 417.72845),(28 264.54697),(29 418.44974),(30 265.2648),(31 418.90424),(32 267.50095),(33 423.57904),(34 267.46884),(35 422.4824),(36 268.88324),(37 423.04794),(38 271.9916),(39 426.5113),(40 274.64252),(41 429.17557),(42 275.3075),(43 428.3682),(44 277.40796),(45 430.15472),(46 278.98062),(47 430.3623),(48 272.73294),(49 425.29526),(50 273.1259),(51 423.75623),(52 272.92722),(53 423.59756),(54 269.95105),(55 420.99823),(56 270.16736),(57 425.1719),(58 270.61655),(59 423.8927),(60 270.822),(61 425.18408),(62 269.88232),(63 425.12405),(64 272.2884),(65 426.1788),(66 273.9189),(67 426.29922),(68 273.0615),(69 426.392),(70 272.13995),(71 427.90057),(72 275.80548),(73 427.39093),(74 274.58014),(75 428.1218),(76 275.29514),(77 430.7796),(78 274.84872),(79 427.31308),
(1 302.9955),(2 179.49716),(3 360.36948),(4 216.98259),(5 383.48425),(6 232.1363),(7 394.97906),(8 239.86023),(9 401.2539),(10 249.11768),(11 407.72403),(12 254.05246),(13 412.76083),(14 259.09192),(15 416.11475),(16 262.89005),(17 419.71744),(18 265.03516),(19 417.75455),(20 264.85208),(21 419.5678),(22 266.10748),(23 418.88318),(24 269.10974),(25 419.82227),(26 266.05432),(27 419.91296),(28 265.86597),(29 419.6908),(30 268.54968),(31 419.0121),(32 266.1098),(33 420.59167),(34 265.89407),(35 422.67252),(36 269.4576),(37 421.54675),(38 268.90042),(39 422.76605),(40 272.32278),(41 424.63712),(42 272.00467),(43 424.73273),(44 272.08667),(45 424.1137),(46 272.8896),(47 425.48026),(48 273.29785),(49 425.67603),(50 271.52356),(51 425.4153),(52 273.38962),(53 429.9012),(54 275.7219),(55 427.96408),(56 274.71127),(57 430.37415),(58 274.54044),(59 428.02518),(60 276.1028),(61 429.8761),(62 275.33017),(63 428.69226),(64 276.04715),(65 434.85196),(66 280.53348),(67 435.89084),(68 279.3981),(69 433.9935),(70 279.13742),(71 433.14252),(72 281.39316),(73 434.04123),(74 281.63696),(75 433.53525),(76 281.4797),(77 433.59433),(78 280.67734),(79 433.1913),
(1 298.68076),(2 180.1937),(3 359.8269),(4 215.55331),(5 381.02896),(6 227.72122),(7 388.38754),(8 235.0381),(9 397.18213),(10 243.61165),(11 401.23563),(12 251.04802),(13 409.68372),(14 257.87357),(15 412.22543),(16 259.36838),(17 414.2446),(18 261.45178),(19 415.02283),(20 261.90607),(21 418.44223),(22 265.10052),(23 418.21103),(24 266.76382),(25 420.58456),(26 268.0273),(27 424.07083),(28 270.61484),(29 425.49823),(30 272.95023),(31 424.27075),(32 274.54318),(33 426.30716),(34 272.91647),(35 427.74518),(36 278.30215),(37 431.26276),(38 279.34097),(39 429.26984),(40 279.07623),(41 433.23935),(42 281.4065),(43 432.6656),(44 280.8778),(45 434.4181),(46 280.8897),(47 436.6192),(48 282.13586),(49 435.7811),(50 279.716),(51 430.02026),(52 273.71948),(53 427.51675),(54 271.73242),(55 427.54523),(56 272.89233),(57 428.31204),(58 272.9024),(59 422.41168),(60 269.6684),(61 427.62463),(62 272.731),(63 428.26636),(64 274.79007),(65 430.07916),(66 274.77115),(67 430.7726),(68 279.17032),(69 433.5453),(70 277.57574),(71 431.65158),(72 282.0941),(73 437.2146),(74 280.82166),(75 433.57465),(76 282.48505),(77 435.88287),(78 281.2338),(79 435.77176),
(1 291.14377),(2 177.18924),(3 347.91867),(4 209.81903),(5 367.57117),(6 222.88535),(7 376.4114),(8 229.48872),(9 387.99655),(10 240.69547),(11 393.04117),(12 244.51787),(13 399.0547),(14 250.59764),(15 401.61343),(16 250.04095),(17 404.51944),(18 254.25575),(19 405.38065),(20 255.26236),(21 406.9976),(22 256.53043),(23 406.87546),(24 260.53247),(25 408.64243),(26 262.00104),(27 410.36166),(28 260.1992),(29 412.93082),(30 263.8807),(31 413.31866),(32 265.9074),(33 415.6937),(34 264.74622),(35 414.49622),(36 265.0523),(37 415.1758),(38 267.27155),(39 415.0295),(40 268.36404),(41 418.97607),(42 269.38806),(43 419.57132),(44 268.76303),(45 419.51144),(46 267.61243),(47 415.49203),(48 265.5511),(49 413.69785),(50 264.40225),(51 411.2797),(52 264.35605),(53 414.38153),(54 262.42963),(55 411.43723),(56 260.0403),(57 412.54114),(58 262.92822),(59 411.71466),(60 262.874),(61 415.4677),(62 263.93506),(63 413.00714),(64 261.7236),(65 415.30835),(66 263.2608),(67 414.41806),(68 265.12668),(69 417.03036),(70 265.5354),(71 416.3607),(72 266.12518),(73 418.61288),(74 267.97076),(75 419.04904),(76 267.79373),(77 419.05066),(78 267.6721),(79 417.30402),
(1 289.07153),(2 173.20251),(3 346.15167),(4 205.39531),(5 365.20398),(6 219.19032),(7 378.37195),(8 230.38673),(9 386.18567),(10 239.15138),(11 391.99918),(12 243.33603),(13 396.09665),(14 249.60019),(15 399.85074),(16 251.63281),(17 403.367),(18 256.15277),(19 406.9985),(20 256.16907),(21 405.8667),(22 258.18106),(23 408.6839),(24 259.84726),(25 410.2135),(26 261.30792),(27 409.3062),(28 260.44107),(29 409.11554),(30 262.0201),(31 409.81036),(32 265.91336),(33 415.7694),(34 266.846),(35 417.5844),(36 268.72916),(37 419.9709),(38 270.80667),(39 418.61023),(40 271.9798),(41 422.25974),(42 273.12125),(43 422.80655),(44 271.27756),(45 423.47614),(46 274.0264),(47 420.8002),(48 270.78445),(49 420.84396),(50 269.59018),(51 417.66446),(52 267.16446),(53 417.13263),(54 265.54187),(55 412.0621),(56 265.53503),(57 412.9482),(58 262.1528),(59 408.74472),(60 260.15216),(61 411.1727),(62 260.75253),(63 410.90073),(64 260.99066),(65 417.71582),(66 264.81058),(67 416.44806),(68 266.4474),(69 415.22742),(70 263.0844),(71 412.68176),(72 267.34778),(73 419.0922),(74 267.88943),(75 415.95383),(76 267.81567),(77 421.4621),(78 267.932),(79 418.88852),
(1 284.13654),(2 170.67744),(3 342.23578),(4 202.7481),(5 361.7914),(6 216.10507),(7 368.57074),(8 221.50871),(9 373.41275),(10 229.79813),(11 380.9638),(12 235.44379),(13 386.5926),(14 239.32547),(15 388.25674),(16 241.31792),(17 394.1552),(18 246.40793),(19 395.71805),(20 246.95047),(21 396.61584),(22 249.42378),(23 396.60065),(24 251.022),(25 399.03818),(26 251.53494),(27 400.26917),(28 254.0232),(29 402.27115),(30 254.88222),(31 401.8662),(32 257.63528),(33 407.87396),(34 259.77777),(35 405.99005),(36 262.5956),(37 411.21735),(38 263.47595),(39 408.57626),(40 262.61215),(41 409.24155),(42 262.07135),(43 408.84808),(44 261.10757),(45 409.854),(46 260.78946),(47 406.59982),(48 259.29358),(49 406.07816),(50 258.83865),(51 404.15262),(52 257.75693),(53 405.79807),(54 256.34143),(55 401.59225),(56 256.29556),(57 402.03488),(58 254.36969),(59 399.12097),(60 255.272),(61 403.27472),(62 256.24112),(63 405.18402),(64 260.34784),(65 409.97955),(66 258.85742),(67 407.75995),(68 258.81915),(69 404.5499),(70 258.05142),(71 405.00247),(72 261.66275),(73 410.2567),(74 262.5377),(75 409.99615),(76 262.24432),(77 410.0903),(78 262.2742),(79 409.90378),
(1 285.2197),(2 169.34785),(3 339.48868),(4 199.94774),(5 355.65997),(6 213.9091),(7 364.27713),(8 219.905),(9 372.00903),(10 226.4209),(11 375.7775),(12 231.05144),(13 379.6621),(14 234.50887),(15 382.01248),(16 234.61475),(17 382.4282),(18 234.97395),(19 383.8476),(20 238.54892),(21 386.98227),(22 242.68675),(23 386.67526),(24 244.5885),(25 389.60645),(26 243.19522),(27 389.67938),(28 244.31189),(29 394.10413),(30 247.09966),(31 392.81702),(32 248.94617),(33 394.59146),(34 248.58989),(35 397.4117),(36 250.35286),(37 395.87717),(38 251.91978),(39 396.4095),(40 251.22215),(41 399.40213),(42 254.69312),(43 401.75314),(44 256.53018),(45 402.50906),(46 258.15063),(47 403.54437),(48 257.87744),(49 401.80618),(50 255.5012),(51 403.32236),(52 258.45047),(53 403.94843),(54 255.88522),(55 404.20557),(56 254.9873),(57 399.5308),(58 254.25111),(59 396.13208),(60 249.15614),(61 394.79376),(62 252.36723),(63 397.7606),(64 253.14519),(65 400.9984),(66 255.34943),(67 400.40485),(68 253.32527),(69 400.38123),(70 253.51254),(71 399.54773),(72 254.85225),(73 402.144),(74 255.81538),(75 404.28555),(76 260.27365),(77 406.06802),(78 259.18732),(79 400.5257),
(1 280.9551),(2 167.98758),(3 339.4698),(4 202.43382),(5 358.94556),(6 212.53618),(7 366.3519),(8 219.053),(9 372.19366),(10 230.0368),(11 379.83627),(12 233.33157),(13 384.39572),(14 238.01422),(15 384.3126),(16 236.99496),(17 383.5779),(18 239.74565),(19 387.46286),(20 240.40112),(21 389.0447),(22 244.00014),(23 389.77167),(24 245.89589),(25 391.95462),(26 244.7481),(27 392.31482),(28 244.9898),(29 392.44012),(30 245.81602),(31 392.52103),(32 248.16937),(33 394.62943),(34 248.27881),(35 395.38074),(36 250.01964),(37 396.91174),(38 251.70724),(39 399.13788),(40 254.29523),(41 402.63553),(42 256.0041),(43 403.8967),(44 259.18024),(45 405.67252),(46 259.88242),(47 406.7027),(48 261.9301),(49 406.35992),(50 259.51233),(51 406.22345),(52 257.99005),(53 406.40878),(54 258.25757),(55 405.77423),(56 258.4465),(57 405.54623),(58 258.24048),(59 401.46826),(60 254.85152),(61 403.1579),(62 255.76996),(63 401.57373),(64 255.15958),(65 404.97308),(66 254.7776),(67 402.85922),(68 254.99388),(69 402.7022),(70 256.29132),(71 401.3232),(72 255.06967),(73 403.2428),(74 258.35226),(75 405.64093),(76 260.6196),(77 406.66525),(78 257.39377),(79 405.6403),
(1 272.30725),(2 163.8191),(3 327.8971),(4 196.25449),(5 346.34732),(6 208.7172),(7 355.16144),(8 214.84009),(9 362.16345),(10 222.96729),(11 365.21387),(12 226.46886),(13 371.88223),(14 232.22667),(15 373.33548),(16 232.73897),(17 375.03592),(18 233.70482),(19 377.12543),(20 235.94365),(21 378.689),(22 236.53679),(23 376.69275),(24 236.86394),(25 374.77228),(26 232.658),(27 375.96716),(28 236.00694),(29 380.44925),(30 239.89764),(31 378.56833),(32 241.3272),(33 382.40924),(34 240.01724),(35 379.5795),(36 241.5075),(37 382.84875),(38 243.51535),(39 383.9706),(40 244.51808),(41 386.30365),(42 245.19884),(43 386.38345),(44 244.085),(45 387.6991),(46 245.36473),(47 384.79178),(48 244.71025),(49 386.50116),(50 246.32457),(51 386.11227),(52 246.64705),(53 390.145),(54 248.95956),(55 388.94263),(56 250.38727),(57 389.24005),(58 247.64754),(59 386.16068),(60 244.775),(61 389.96588),(62 248.20758),(63 390.33008),(64 248.4943),(65 390.80823),(66 249.68193),(67 389.8908),(68 248.94722),(69 393.7473),(70 251.63301),(71 393.60983),(72 252.58452),(73 395.91672),(74 254.91739),(75 395.72403),(76 254.85246),(77 395.58533),(78 254.66212),(79 395.6591),
(1 277.08524),(2 162.97266),(3 330.00345),(4 194.90997),(5 350.26584),(6 207.69644),(7 357.0893),(8 215.2057),(9 365.4192),(10 221.4454),(11 370.83334),(12 229.4921),(13 376.17416),(14 236.08806),(15 379.89386),(16 235.50221),(17 381.6637),(18 237.7474),(19 382.6902),(20 238.20363),(21 381.48965),(22 236.29526),(23 380.84378),(24 237.94052),(25 381.18686),(26 238.80888),(27 383.17923),(28 239.08304),(29 387.0458),(30 242.11186),(31 384.05365),(32 242.03003),(33 386.55896),(34 244.10815),(35 387.43875),(36 245.36963),(37 389.64166),(38 245.58711),(39 389.89966),(40 246.00246),(41 391.91653),(42 247.22672),(43 392.67703),(44 245.37758),(45 389.9246),(46 247.85088),(47 391.74295),(48 248.98997),(49 391.65256),(50 247.98822),(51 391.76785),(52 247.47505),(53 393.23798),(54 247.44858),(55 389.36722),(56 245.50093),(57 387.4192),(58 244.85469),(59 385.7728),(60 241.40515),(61 386.68915),(62 241.6749),(63 385.8781),(64 242.17238),(65 388.1778),(66 243.29051),(67 386.5924),(68 243.49094),(69 390.08823),(70 242.04718),(71 387.25812),(72 240.5544),(73 388.39172),(74 243.85562),(75 385.95773),(76 244.27933),(77 389.6046),(78 243.56906),(79 388.9158),
(1 267.68127),(2 163.9731),(3 322.0282),(4 194.66371),(5 341.5866),(6 207.17473),(7 350.8429),(8 215.01817),(9 359.97598),(10 223.71162),(11 362.04483),(12 226.37903),(13 364.4421),(14 230.3887),(15 367.2184),(16 230.3582),(17 370.0522),(18 235.22551),(19 371.13852),(20 234.13025),(21 372.73605),(22 234.42995),(23 373.83173),(24 237.92104),(25 369.9396),(26 236.06364),(27 374.69156),(28 235.74106),(29 375.75635),(30 238.07573),(31 376.0539),(32 240.95831),(33 377.98544),(34 242.03891),(35 378.0895),(36 242.00389),(37 378.34912),(38 242.69807),(39 379.14365),(40 243.8607),(41 381.1302),(42 244.91054),(43 381.23386),(44 245.06859),(45 382.69797),(46 245.496),(47 383.01855),(48 245.56232),(49 381.92856),(50 243.23521),(51 380.1273),(52 242.76646),(53 379.44232),(54 243.15897),(55 376.7622),(56 243.0884),(57 378.10782),(58 241.77408),(59 376.68396),(60 242.62842),(61 376.86517),(62 243.39929),(63 376.31622),(64 242.3094),(65 379.12747),(66 242.97191),(67 380.05368),(68 244.6184),(69 383.45392),(70 246.34729),(71 381.77454),(72 244.24356),(73 382.08295),(74 243.55951),(75 383.48956),(76 244.01646),(77 384.51422),(78 243.82481),(79 382.93826),
(1 268.89334),(2 162.60246),(3 323.8365),(4 192.1543),(5 342.4458),(6 205.1182),(7 350.59247),(8 213.16129),(9 361.1685),(10 222.65675),(11 364.61874),(12 226.6569),(13 368.0829),(14 230.68037),(15 372.1082),(16 231.62111),(17 374.02667),(18 233.83739),(19 374.83472),(20 236.42165),(21 377.88135),(22 234.06496),(23 377.5202),(24 236.75705),(25 378.73392),(26 240.694),(27 381.32724),(28 239.32384),(29 381.79453),(30 240.74812),(31 382.51816),(32 241.99588),(33 381.50305),(34 244.01294),(35 386.09537),(36 249.40477),(37 390.29776),(38 250.99754),(39 387.4389),(40 247.94806),(41 392.61044),(42 250.85626),(43 390.5488),(44 249.11346),(45 391.0411),(46 250.04416),(47 389.17178),(48 250.06244),(49 390.4722),(50 251.0247),(51 389.31793),(52 249.26439),(53 387.45142),(54 251.85384),(55 388.64093),(56 247.86363),(57 387.27863),(58 248.48018),(59 390.29614),(60 250.94257),(61 391.64163),(62 251.56978),(63 390.5009),(64 254.2433),(65 395.10013),(66 254.78867),(67 394.60178),(68 256.51154),(69 397.58194),(70 256.36047),(71 397.6894),(72 255.64049),(73 400.11728),(74 259.57913),(75 399.50275),(76 255.42314),(77 395.54617),(78 255.16504),(79 395.3708),
(1 268.39597),(2 156.37454),(3 315.87994),(4 183.2565),(5 334.08887),(6 195.48701),(7 341.80173),(8 202.21002),(9 348.79526),(10 210.48607),(11 354.9799),(12 215.41893),(13 357.37698),(14 219.16048),(15 362.0417),(16 220.75667),(17 362.59946),(18 224.80264),(19 366.545),(20 227.7077),(21 368.1053),(22 227.80049),(23 367.29346),(24 229.17093),(25 369.92908),(26 231.22748),(27 368.62296),(28 230.01927),(29 371.31833),(30 231.03204),(31 371.31067),(32 232.6136),(33 373.0346),(34 233.96454),(35 371.25546),(36 234.64096),(37 375.06876),(38 235.9529),(39 374.23886),(40 235.16512),(41 376.27466),(42 235.2017),(43 375.78476),(44 235.84634),(45 375.5027),(46 236.87611),(47 373.01447),(48 233.27014),(49 369.28604),(50 231.13266),(51 368.59964),(52 231.54482),(53 372.41672),(54 234.41292),(55 371.6339),(56 231.00385),(57 371.13193),(58 229.19028),(59 365.51505),(60 228.92783),(61 368.62714),(62 230.03314),(63 368.68518),(64 231.96716),(65 369.01312),(66 231.44154),(67 372.05087),(68 234.1433),(69 374.38898),(70 235.00592),(71 374.60007),(72 237.17332),(73 378.7007),(74 239.39957),(75 377.4438),(76 239.49245),(77 379.08228),(78 237.33495),(79 375.65628),
(1 259.13126),(2 153.422),(3 309.7659),(4 183.36728),(5 327.2058),(6 194.3319),(7 334.30753),(8 201.60301),(9 342.81683),(10 210.59438),(11 345.5113),(12 214.7487),(13 348.6113),(14 215.08226),(15 351.96326),(16 215.35045),(17 352.66177),(18 219.75238),(19 354.10797),(20 220.29507),(21 356.16348),(22 220.35008),(23 356.8474),(24 223.09584),(25 356.61124),(26 226.81839),(27 360.65393),(28 227.17601),(29 362.1272),(30 227.08037),(31 360.63028),(32 226.53954),(33 362.4547),(34 230.13673),(35 364.7452),(36 232.40042),(37 366.79745),(38 233.40836),(39 365.1123),(40 232.11461),(41 365.35455),(42 230.9336),(43 364.5074),(44 230.60277),(45 365.92786),(46 231.58719),(47 363.45868),(48 231.0473),(49 363.2047),(50 227.7461),(51 360.09824),(52 228.8367),(53 363.5422),(54 230.71521),(55 363.92795),(56 228.50383),(57 364.69632),(58 229.97191),(59 363.25574),(60 229.69582),(61 365.40332),(62 227.6844),(63 362.97153),(64 229.88919),(65 363.86618),(66 228.69083),(67 364.9273),(68 233.06766),(69 368.6105),(70 234.07904),(71 369.77045),(72 235.01204),(73 370.72617),(74 235.94803),(75 371.94333),(76 235.75597),(77 371.23694),(78 235.83574),(79 371.25845),
(1 262.44647),(2 155.59631),(3 314.34262),(4 187.46614),(5 335.20804),(6 199.76482),(7 340.8178),(8 205.54439),(9 349.23877),(10 213.57007),(11 352.7034),(12 215.70375),(13 355.85104),(14 219.32454),(15 356.99005),(16 221.4085),(17 360.31528),(18 226.22462),(19 364.4029),(20 227.44936),(21 366.67987),(22 228.11255),(23 365.73254),(24 230.40997),(25 367.94165),(26 233.89914),(27 370.2566),(28 235.68471),(29 372.95352),(30 235.32977),(31 372.06238),(32 236.10725),(33 373.7407),(34 239.0992),(35 376.49713),(36 240.83928),(37 377.82214),(38 239.60725),(39 376.13525),(40 238.23445),(41 376.538),(42 239.92767),(43 374.5151),(44 240.83488),(45 381.6753),(46 240.67473),(47 377.79053),(48 238.65022),(49 373.17474),(50 235.04314),(51 373.4104),(52 236.00249),(53 372.223),(54 236.09741),(55 373.4839),(56 234.72748),(57 372.49683),(58 233.18044),(59 370.8394),(60 232.23404),(61 371.72525),(62 232.97183),(63 370.26886),(64 235.15787),(65 374.75162),(66 236.5598),(67 373.5717),(68 235.92107),(69 375.04108),(70 237.5336),(71 374.38113),(72 236.20363),(73 378.18088),(74 238.71864),(75 378.1226),(76 239.60338),(77 375.81015),(78 237.53687),(79 375.8999),
(1 255.48958),(2 153.07626),(3 304.9869),(4 182.20966),(5 324.22125),(6 194.76756),(7 332.99268),(8 201.85912),(9 339.04517),(10 211.21164),(11 345.59625),(12 212.42351),(13 351.576),(14 222.27371),(15 357.29285),(16 222.0504),(17 356.67032),(18 225.89836),(19 357.35535),(20 225.63107),(21 356.6539),(22 222.75708),(23 356.43564),(24 221.4531),(25 355.1415),(26 223.49873),(27 354.393),(28 223.02827),(29 356.74484),(30 227.49532),(31 358.79218),(32 228.03528),(33 357.97333),(34 228.98703),(35 361.1984),(36 230.71239),(37 362.6253),(38 231.51451),(39 360.54907),(40 230.50307),(41 361.72415),(42 234.51492),(43 362.5537),(44 238.11728),(45 370.07788),(46 237.96504),(47 368.2204),(48 239.7419),(49 370.65887),(50 241.16188),(51 371.40936),(52 240.28656),(53 370.51337),(54 241.08554),(55 369.38184),(56 238.80785),(57 368.69482),(58 235.48766),(59 364.50565),(60 234.18816),(61 363.99277),(62 233.68184),(63 363.85),(64 235.36172),(65 366.67117),(66 233.71494),(67 365.0429),(68 233.62709),(69 364.0429),(70 233.5718),(71 364.01996),(72 236.38664),(73 366.73325),(74 235.35469),(75 365.6821),(76 234.81223),(77 365.10672),(78 236.13431),(79 362.39676),
(1 254.2541),(2 147.71101),(3 301.6227),(4 178.30298),(5 324.37314),(6 191.06781),(7 329.42706),(8 196.91005),(9 337.4202),(10 203.83537),(11 341.6347),(12 206.2014),(13 344.8057),(14 212.52763),(15 348.42938),(16 215.79477),(17 349.6229),(18 216.74747),(19 351.2043),(20 216.44878),(21 350.88116),(22 218.12445),(23 354.7738),(24 220.70197),(25 356.96942),(26 222.40787),(27 356.40082),(28 222.06084),(29 360.12546),(30 228.54312),(31 360.32706),(32 226.62769),(33 359.96155),(34 228.50189),(35 361.6639),(36 228.91858),(37 362.63998),(38 230.80972),(39 363.85507),(40 233.56372),(41 368.41107),(42 235.43716),(43 366.96738),(44 235.72797),(45 367.88632),(46 236.02153),(47 367.61304),(48 235.93906),(49 368.7235),(50 235.85487),(51 369.35767),(52 234.83209),(53 370.01477),(54 234.9595),(55 366.24817),(56 231.88586),(57 366.81516),(58 230.43591),(59 363.75266),(60 231.06769),(61 366.8482),(62 232.88649),(63 364.6111),(64 230.42683),(65 366.59317),(66 231.5631),(67 363.53162),(68 229.67616),(69 365.11496),(70 231.91068),(71 368.22363),(72 234.45973),(73 370.2009),(74 235.50957),(75 371.1782),(76 237.05196),(77 372.0236),(78 238.39459),(79 371.73712),
(1 250.0893),(2 148.5907),(3 296.3642),(4 176.18317),(5 312.7117),(6 185.8555),(7 320.20883),(8 193.62042),(9 328.34027),(10 198.54686),(11 330.91263),(12 204.00952),(13 334.26868),(14 207.36372),(15 336.97992),(16 209.67516),(17 342.74704),(18 212.80006),(19 344.04797),(20 214.18309),(21 344.57028),(22 215.51367),(23 346.90805),(24 217.14665),(25 347.0421),(26 218.3518),(27 348.7883),(28 220.59042),(29 349.98373),(30 220.66556),(31 347.88535),(32 222.03227),(33 351.24112),(34 222.59238),(35 349.78082),(36 224.75327),(37 352.7675),(38 225.10371),(39 352.68927),(40 227.79611),(41 358.76166),(42 229.5634),(43 357.65118),(44 230.02454),(45 357.24478),(46 228.62613),(47 356.81085),(48 227.95781),(49 358.59048),(50 228.6407),(51 357.5727),(52 227.46773),(53 358.51865),(54 228.30652),(55 354.98096),(56 225.13896),(57 353.60495),(58 222.92822),(59 352.1376),(60 223.4413),(61 355.1088),(62 223.94138),(63 354.53482),(64 224.81834),(65 358.3486),(66 227.62851),(67 356.65112),(68 228.22075),(69 359.12018),(70 230.05457),(71 360.1458),(72 230.6117),(73 360.6763),(74 232.02245),(75 362.20575),(76 232.31445),(77 362.19708),(78 231.52936),(79 360.97913),
(1 248.79391),(2 147.43398),(3 294.62854),(4 175.50528),(5 311.65292),(6 185.21492),(7 319.71008),(8 197.57146),(9 330.87793),(10 203.2418),(11 332.87753),(12 206.39531),(13 339.44525),(14 212.55096),(15 341.0746),(16 213.72054),(17 343.03497),(18 214.26625),(19 343.69952),(20 216.10048),(21 345.3324),(22 218.18964),(23 347.5505),(24 218.76384),(25 345.76392),(26 220.07758),(27 347.81653),(28 219.9863),(29 349.3061),(30 221.3293),(31 349.31976),(32 223.10979),(33 350.87726),(34 223.19893),(35 350.1904),(36 225.03058),(37 352.46985),(38 226.6031),(39 352.1282),(40 227.03033),(41 357.143),(42 229.24744),(43 356.0714),(44 228.57637),(45 359.11005),(46 231.53165),(47 361.00745),(48 232.63193),(49 360.7464),(50 229.95674),(51 355.86172),(52 229.0157),(53 359.34848),(54 228.04314),(55 354.14313),(56 224.2976),(57 354.93784),(58 223.48201),(59 350.56488),(60 222.90732),(61 354.50586),(62 224.56491),(63 351.80753),(64 224.65144),(65 354.71704),(66 225.47801),(67 354.98038),(68 225.82907),(69 355.32086),(70 225.86044),(71 355.92096),(72 226.34874),(73 354.97733),(74 226.4975),(75 355.9644),(76 226.76862),(77 356.89896),(78 228.42459),(79 354.19592),
(1 246.24745),(2 144.19301),(3 291.30994),(4 171.00569),(5 307.85416),(6 183.1573),(7 314.12674),(8 189.1602),(9 322.18848),(10 196.71822),(11 326.29367),(12 200.09663),(13 329.1311),(14 203.35011),(15 330.64313),(16 204.80432),(17 334.81628),(18 209.16934),(19 337.33194),(20 211.02702),(21 337.9998),(22 211.57744),(23 338.61813),(24 213.31215),(25 341.68417),(26 213.70033),(27 341.48413),(28 215.48727),(29 344.54102),(30 215.88884),(31 341.7022),(32 215.80338),(33 342.53622),(34 216.60669),(35 343.06784),(36 219.98091),(37 346.74097),(38 221.1707),(39 346.79767),(40 220.2502),(41 346.36093),(42 222.10904),(43 350.03592),(44 222.80453),(45 350.91205),(46 220.86255),(47 348.94562),(48 222.15347),(49 349.18457),(50 220.30302),(51 346.4991),(52 218.34116),(53 345.60434),(54 218.44583),(55 344.92606),(56 216.08195),(57 346.1868),(58 215.49773),(59 342.7995),(60 215.17627),(61 343.15738),(62 215.45198),(63 344.37506),(64 217.6086),(65 346.8744),(66 219.43059),(67 347.1524),(68 220.14406),(69 350.83356),(70 220.77072),(71 350.62778),(72 221.49777),(73 352.48303),(74 222.07639),(75 350.42798),(76 221.4275),(77 350.86407),(78 223.30716),(79 348.7603),
(1 247.0354),(2 142.40132),(3 290.2516),(4 167.87967),(5 306.12283),(6 178.24916),(7 315.08713),(8 186.72813),(9 320.1495),(10 192.87788),(11 322.5926),(12 193.41977),(13 325.09882),(14 196.46855),(15 326.693),(16 198.5085),(17 329.40274),(18 201.01088),(19 331.38306),(20 204.03542),(21 332.9508),(22 204.40923),(23 333.54166),(24 205.39691),(25 334.15005),(26 206.42834),(27 334.74225),(28 208.88922),(29 340.55634),(30 211.26642),(31 337.99936),(32 211.44298),(33 341.5602),(34 213.71448),(35 341.24164),(36 215.86739),(37 343.32233),(38 216.92937),(39 341.54266),(40 215.9327),(41 344.88104),(42 218.35269),(43 343.94952),(44 216.6072),(45 345.6199),(46 214.90413),(47 342.3627),(48 215.09608),(49 342.3923),(50 213.82687),(51 340.60913),(52 211.92596),(53 339.84772),(54 209.69032),(55 338.21167),(56 211.51505),(57 339.36798),(58 211.3996),(59 336.47733),(60 211.28136),(61 340.94327),(62 213.33096),(63 339.849),(64 212.83078),(65 341.77814),(66 213.1256),(67 341.52512),(68 214.92151),(69 344.1968),(70 217.6917),(71 346.77005),(72 218.34497),(73 348.60806),(74 218.97675),(75 348.88345),(76 220.2627),(77 349.32645),(78 220.43163),(79 350.299),
(1 240.37022),(2 141.72182),(3 286.158),(4 167.15784),(5 303.0517),(6 178.91412),(7 311.35632),(8 187.0851),(9 317.65903),(10 193.8848),(11 321.9229),(12 197.6526),(13 327.07),(14 199.17375),(15 328.49808),(16 202.36621),(17 331.08466),(18 204.81708),(19 330.85718),(20 205.85463),(21 332.01926),(22 206.08755),(23 329.304),(24 203.92526),(25 331.7191),(26 206.39558),(27 332.1735),(28 209.01791),(29 335.18182),(30 209.1777),(31 333.72296),(32 209.8423),(33 338.349),(34 215.89226),(35 340.68604),(36 217.54414),(37 342.2548),(38 217.35416),(39 340.3309),(40 217.2823),(41 341.80457),(42 215.87082),(43 338.5367),(44 214.46297),(45 341.7185),(46 214.68488),(47 337.65988),(48 212.76993),(49 337.68295),(50 213.34653),(51 336.49268),(52 213.44965),(53 335.33856),(54 209.392),(55 333.72217),(56 211.06442),(57 334.7515),(58 207.928),(59 330.23907),(60 209.56044),(61 335.4666),(62 208.61902),(63 334.97488),(64 210.87637),(65 336.99615),(66 212.05374),(67 335.69617),(68 214.15794),(69 339.76138),(70 214.97739),(71 340.6278),(72 218.6913),(73 341.89575),(74 219.67015),(75 342.9705),(76 218.74602),(77 343.23026),(78 219.81488),(79 342.55743),
(1 234.94112),(2 137.05878),(3 279.2464),(4 164.95331),(5 295.41757),(6 175.4064),(7 303.90543),(8 182.57301),(9 312.2703),(10 193.64886),(11 317.28088),(12 195.77771),(13 321.24268),(14 198.70361),(15 323.41977),(16 201.26376),(17 323.28555),(18 202.0909),(19 324.38907),(20 202.59625),(21 325.30847),(22 202.98587),(23 324.3713),(24 204.77467),(25 326.1723),(26 206.58691),(27 328.85806),(28 207.494),(29 329.60168),(30 209.33072),(31 331.67566),(32 211.76512),(33 334.55814),(34 212.94637),(35 334.66428),(36 214.20804),(37 334.97784),(38 214.31128),(39 337.39713),(40 217.07048),(41 341.42535),(42 218.80014),(43 337.57437),(44 218.6775),(45 340.08517),(46 215.99113),(47 336.4472),(48 215.98032),(49 339.08005),(50 215.89725),(51 336.21466),(52 215.06084),(53 336.26535),(54 214.1014),(55 337.1113),(56 215.34479),(57 335.98148),(58 210.6145),(59 332.70358),(60 209.44203),(61 332.68832),(62 211.51239),(63 332.16483),(64 211.47076),(65 334.88956),(66 212.55997),(67 332.7431),(68 211.53442),(69 334.4355),(70 212.7124),(71 333.81564),(72 215.06291),(73 335.95178),(74 215.40639),(75 337.79492),(76 216.80148),(77 337.5486),(78 217.1707),(79 339.20654),
(1 234.42393),(2 134.31796),(3 278.83115),(4 163.536),(5 296.13126),(6 175.50084),(7 306.35364),(8 185.29527),(9 313.3928),(10 192.09589),(11 318.62903),(12 196.34645),(13 321.7717),(14 198.27881),(15 322.65454),(16 199.24864),(17 325.7745),(18 202.59894),(19 327.51202),(20 203.49126),(21 328.2954),(22 204.85626),(23 328.1809),(24 205.10094),(25 328.36932),(26 204.9033),(27 326.51135),(28 202.56009),(29 327.75034),(30 204.69305),(31 328.1799),(32 205.31505),(33 330.56152),(34 206.27208),(35 328.36212),(36 207.07532),(37 330.74658),(38 206.87633),(39 329.02216),(40 206.53923),(41 332.49637),(42 208.68765),(43 329.94385),(44 208.22443),(45 331.48447),(46 208.65852),(47 330.05652),(48 209.03497),(49 332.39603),(50 207.62846),(51 332.9054),(52 209.75519),(53 335.32413),(54 209.71176),(55 331.57477),(56 207.93799),(57 332.00095),(58 208.70097),(59 329.48425),(60 206.55562),(61 331.08813),(62 206.09755),(63 331.84625),(64 207.39886),(65 333.811),(66 210.37517),(67 333.63495),(68 212.78267),(69 336.45258),(70 214.2287),(71 337.02158),(72 214.75868),(73 338.7134),(74 215.30908),(75 340.66406),(76 218.3446),(77 342.59668),(78 217.87593),(79 342.11267),
(1 233.8481),(2 134.93942),(3 275.9363),(4 160.11563),(5 293.50214),(6 171.47853),(7 300.11557),(8 181.67981),(9 307.5822),(10 185.89024),(11 310.63303),(12 189.79024),(13 314.32114),(14 195.24583),(15 319.98822),(16 195.04288),(17 319.85037),(18 200.23239),(19 323.21912),(20 201.24854),(21 324.28952),(22 202.0848),(23 323.6138),(24 201.83539),(25 324.6801),(26 203.10876),(27 324.17905),(28 200.22685),(29 326.6756),(30 203.36064),(31 327.0512),(32 205.93694),(33 329.99487),(34 208.87679),(35 327.90802),(36 206.7365),(37 331.9756),(38 209.90654),(39 329.58932),(40 208.26268),(41 331.76273),(42 206.91185),(43 328.82574),(44 207.04057),(45 329.53677),(46 207.3329),(47 328.72638),(48 206.6483),(49 330.5549),(50 207.09637),(51 329.2347),(52 204.28535),(53 326.91824),(54 205.3246),(55 328.39392),(56 204.11928),(57 327.40024),(58 203.23257),(59 324.34714),(60 201.78851),(61 327.075),(62 204.10332),(63 328.77646),(64 206.56197),(65 331.54214),(66 206.5133),(67 328.24277),(68 207.45753),(69 332.62793),(70 207.34601),(71 332.8766),(72 210.6561),(73 336.23132),(74 214.19194),(75 338.47366),(76 216.01785),(77 337.90936),(78 213.36256),(79 339.7005),
(1 231.8638),(2 136.07536),(3 275.0172),(4 162.20154),(5 293.3452),(6 175.15028),(7 300.06155),(8 181.14087),(9 304.93866),(10 186.99161),(11 310.06998),(12 190.81331),(13 311.8118),(14 193.74754),(15 317.6547),(16 196.50673),(17 319.86844),(18 198.0468),(19 320.15912),(20 200.53838),(21 321.4851),(22 198.68172),(23 321.27875),(24 198.12492),(25 320.96094),(26 199.67027),(27 319.1337),(28 198.44128),(29 321.523),(30 197.25385),(31 319.82864),(32 199.53014),(33 323.14487),(34 202.90309),(35 323.53943),(36 202.58252),(37 324.32635),(38 204.1093),(39 322.3571),(40 204.23985),(41 324.36307),(42 205.4159),(43 324.20407),(44 205.48814),(45 325.00647),(46 205.07498),(47 322.62637),(48 204.18033),(49 324.6177),(50 202.88286),(51 323.6334),(52 203.11887),(53 322.63797),(54 203.11664),(55 324.96722),(56 204.45822),(57 325.63004),(58 204.2161),(59 323.41553),(60 204.39569),(61 325.19754),(62 205.55743),(63 325.21368),(64 205.26965),(65 327.9071),(66 204.54169),(67 324.57706),(68 202.6407),(69 327.82935),(70 203.02318),(71 326.11728),(72 206.1089),(73 326.86243),(74 205.57452),(75 328.775),(76 207.54333),(77 329.02087),(78 205.79115),(79 328.8566),
(1 228.53345),(2 132.59908),(3 272.89413),(4 157.33981),(5 286.21884),(6 168.03009),(7 295.2671),(8 178.04755),(9 303.3376),(10 186.64716),(11 306.29074),(12 186.38428),(13 306.7892),(14 189.55322),(15 309.95016),(16 189.78668),(17 312.92664),(18 192.74792),(19 314.22028),(20 193.3717),(21 317.4856),(22 193.21823),(23 313.7719),(24 194.46437),(25 316.3346),(26 196.80676),(27 315.19193),(28 195.85017),(29 317.72052),(30 199.1205),(31 318.792),(32 200.40268),(33 320.48944),(34 203.12962),(35 322.014),(36 204.80132),(37 324.37854),(38 207.98209),(39 324.61426),(40 207.2656),(41 328.37155),(42 208.7235),(43 325.37598),(44 207.84482),(45 326.91803),(46 207.39548),(47 324.22736),(48 206.5398),(49 325.98944),(50 206.04196),(51 323.1614),(52 203.50581),(53 322.86105),(54 204.09763),(55 320.81482),(56 203.20784),(57 321.61072),(58 203.49834),(59 319.62128),(60 203.70076),(61 322.69046),(62 205.31334),(63 324.66507),(64 205.64275),(65 328.19794),(66 205.81285),(67 326.75204),(68 208.51256),(69 328.7724),(70 208.01299),(71 328.40106),(72 208.70183),(73 329.42197),(74 209.03828),(75 331.01126),(76 212.36386),(77 332.5204),(78 210.90927),(79 331.46606),
(1 220.1863),(2 129.95123),(3 261.80075),(4 154.66023),(5 279.3588),(6 164.6617),(7 285.06122),(8 174.6183),(9 293.3271),(10 179.63107),(11 296.51608),(12 182.45029),(13 300.19583),(14 186.84311),(15 303.36865),(16 188.37035),(17 304.9771),(18 189.62192),(19 304.71274),(20 191.11697),(21 305.38623),(22 189.5178),(23 304.79153),(24 191.04288),(25 307.18613),(26 192.3414),(27 307.00607),(28 193.80733),(29 308.6606),(30 196.01685),(31 308.97104),(32 195.10252),(33 311.03683),(34 195.80702),(35 312.06522),(36 197.67027),(37 314.13284),(38 201.3249),(39 314.52008),(40 199.91632),(41 315.6681),(42 203.60562),(43 318.5218),(44 202.93478),(45 318.84872),(46 205.256),(47 317.55984),(48 204.16821),(49 318.73178),(50 204.34848),(51 317.14307),(52 202.02957),(53 318.08847),(54 203.92192),(55 317.484),(56 202.3034),(57 316.32062),(58 203.64796),(59 316.21628),(60 202.58377),(61 318.416),(62 204.11598),(63 317.4527),(64 203.80022),(65 317.01987),(66 202.44272),(67 314.8049),(68 202.88803),(69 316.10754),(70 202.22882),(71 316.05374),(72 200.89513),(73 315.71112),(74 200.66797),(75 313.4273),(76 199.8425),(77 312.60498),(78 198.26048),(79 313.54303),
(1 223.12668),(2 130.20879),(3 265.20395),(4 155.73843),(5 282.9844),(6 166.57616),(7 289.49234),(8 173.11926),(9 297.00177),(10 180.84262),(11 299.5873),(12 181.87354),(13 303.3125),(14 185.4267),(15 303.22577),(16 188.70963),(17 308.65433),(18 193.4992),(19 309.98947),(20 193.22246),(21 311.90176),(22 194.27477),(23 312.30307),(24 197.37196),(25 314.56253),(26 197.84706),(27 315.2133),(28 199.45157),(29 316.68637),(30 198.90321),(31 315.3678),(32 198.50093),(33 318.10797),(34 199.94109),(35 317.7562),(36 202.86307),(37 322.0576),(38 204.95987),(39 319.03223),(40 203.85449),(41 319.94342),(42 201.77855),(43 319.3407),(44 201.45361),(45 318.58527),(46 200.92471),(47 317.66718),(48 198.91997),(49 316.28516),(50 198.53923),(51 312.33954),(52 197.68803),(53 315.41403),(54 197.02388),(55 314.00647),(56 196.03786),(57 314.4138),(58 196.1359),(59 314.27457),(60 198.5037),(61 317.9232),(62 200.36322),(63 318.0622),(64 200.05658),(65 320.74875),(66 199.95625),(67 319.55145),(68 201.62527),(69 318.27222),(70 200.87181),(71 318.9704),(72 200.66899),(73 319.1153),(74 199.60449),(75 317.88757),(76 200.60065),(77 317.43555),(78 200.41684),(79 318.19806),
(1 218.10614),(2 127.18506),(3 259.6428),(4 152.01135),(5 274.5207),(6 161.15808),(7 282.42288),(8 168.83289),(9 289.24588),(10 174.74191),(11 291.51474),(12 177.23796),(13 295.22284),(14 182.17079),(15 297.1955),(16 182.92627),(17 299.51395),(18 183.99478),(19 302.25116),(20 188.67221),(21 305.3651),(22 190.58347),(23 304.06265),(24 189.55714),(25 306.59775),(26 193.35388),(27 307.82562),(28 195.08186),(29 309.02936),(30 195.02243),(31 309.80597),(32 197.73141),(33 310.80054),(34 198.64262),(35 312.9878),(36 199.32582),(37 314.42892),(38 200.79674),(39 312.19183),(40 199.0201),(41 313.46445),(42 200.79211),(43 313.53973),(44 199.31882),(45 315.10995),(46 198.39449),(47 312.5321),(48 199.16002),(49 314.03317),(50 198.90495),(51 312.8881),(52 198.0473),(53 314.13272),(54 197.44254),(55 313.44974),(56 197.24911),(57 312.34958),(58 197.20674),(59 312.85294),(60 196.78368),(61 312.49445),(62 196.21915),(63 313.24487),(64 196.87524),(65 315.89862),(66 197.20798),(67 314.715),(68 198.33109),(69 317.2313),(70 199.15202),(71 316.66672),(72 200.83061),(73 318.50662),(74 202.91444),(75 318.0055),(76 202.1324),(77 318.81787),(78 202.0215),(79 317.6571),
(1 215.98677),(2 124.92627),(3 258.778),(4 149.96669),(5 272.00058),(6 159.70956),(7 278.72952),(8 166.92189),(9 285.13406),(10 174.7554),(11 290.31964),(12 176.65971),(13 292.5153),(14 178.86916),(15 296.3403),(16 182.76723),(17 300.80566),(18 185.92676),(19 303.1429),(20 187.88408),(21 303.929),(22 188.11198),(23 303.11093),(24 187.08385),(25 301.09525),(26 186.16324),(27 301.1717),(28 186.97206),(29 304.33173),(30 188.06114),(31 301.92065),(32 190.27089),(33 303.6672),(34 190.13635),(35 304.93332),(36 191.93599),(37 304.83725),(38 192.45638),(39 304.5678),(40 191.59378),(41 303.3417),(42 191.79182),(43 302.7617),(44 191.9033),(45 305.01245),(46 193.20036),(47 306.13467),(48 191.80896),(49 304.61484),(50 193.07607),(51 305.85712),(52 191.99548),(53 306.52713),(54 193.21446),(55 305.6598),(56 190.98392),(57 303.70313),(58 190.09189),(59 301.885),(60 189.87279),(61 306.08124),(62 192.33168),(63 305.9405),(64 192.97182),(65 308.92157),(66 196.35669),(67 309.11304),(68 196.73048),(69 310.37894),(70 197.45227),(71 310.7355),(72 195.03934),(73 310.5261),(74 198.68127),(75 311.31525),(76 198.37138),(77 314.03168),(78 199.82045),(79 312.77347),
(1 219.23233),(2 125.405045),(3 262.25107),(4 152.02574),(5 278.4247),(6 163.45987),(7 285.84338),(8 169.34724),(9 291.83203),(10 175.63136),(11 294.41068),(12 177.48218),(13 295.5837),(14 181.19626),(15 299.74207),(16 182.81511),(17 301.52432),(18 185.89668),(19 303.37082),(20 187.33453),(21 304.8555),(22 188.76292),(23 304.89786),(24 188.53569),(25 305.80933),(26 191.66856),(27 305.54477),(28 191.07637),(29 308.22644),(30 193.60498),(31 308.4017),(32 195.47694),(33 312.09885),(34 196.90694),(35 313.73227),(36 199.13097),(37 314.35715),(38 198.46446),(39 312.82678),(40 198.91226),(41 314.48578),(42 198.19891),(43 313.16028),(44 198.64539),(45 313.80466),(46 198.75156),(47 314.02435),(48 197.1011),(49 313.8418),(50 196.21101),(51 311.80377),(52 196.0243),(53 314.14368),(54 196.4689),(55 311.47586),(56 195.56021),(57 312.41895),(58 195.38377),(59 309.27048),(60 194.46727),(61 310.7111),(62 194.16513),(63 310.7008),(64 194.67332),(65 313.82315),(66 195.34322),(67 312.08984),(68 195.99243),(69 313.32794),(70 195.55714),(71 313.90863),(72 195.59453),(73 314.04895),(74 198.5381),(75 314.70844),(76 198.13412),(77 318.18542),(78 201.1373),(79 318.9097),
(1 213.45251),(2 123.80754),(3 253.3046),(4 147.84518),(5 270.7077),(6 158.33672),(7 276.76547),(8 166.06097),(9 282.9288),(10 172.00476),(11 285.3058),(12 173.1799),(13 288.1823),(14 175.08672),(15 291.3588),(16 178.72646),(17 294.64264),(18 182.78033),(19 297.1655),(20 184.88127),(21 297.62766),(22 185.66513),(23 296.93243),(24 187.67215),(25 300.6168),(26 189.04005),(27 301.4171),(28 190.98819),(29 303.44836),(30 191.45578),(31 304.132),(32 193.29436),(33 306.3502),(34 196.64978),(35 308.463),(36 197.65236),(37 310.30566),(38 199.70313),(39 312.3975),(40 199.22733),(41 314.62378),(42 199.76476),(43 311.9998),(44 199.71167),(45 311.9127),(46 197.26309),(47 308.62045),(48 195.72673),(49 309.01572),(50 195.57089),(51 307.9756),(52 194.8792),(53 308.66428),(54 195.21083),(55 306.29318),(56 192.5057),(57 306.75012),(58 193.38097),(59 306.75833),(60 192.57394),(61 306.43002),(62 193.58049),(63 307.09573),(64 194.38931),(65 311.18903),(66 196.26868),(67 310.8381),(68 199.73796),(69 313.73572),(70 200.43677),(71 315.81085),(72 201.63824),(73 315.43872),(74 202.71605),(75 314.991),(76 200.97092),(77 314.25824),(78 201.73721),(79 316.8172),
(1 216.36034),(2 123.88767),(3 257.21014),(4 147.76668),(5 270.8745),(6 157.4533),(7 277.19104),(8 164.46643),(9 284.46722),(10 169.919),(11 288.64493),(12 172.37485),(13 289.8155),(14 174.98431),(15 291.94003),(16 177.01485),(17 295.11044),(18 178.39142),(19 294.74652),(20 179.86058),(21 294.74106),(22 179.10374),(23 293.39288),(24 181.07303),(25 296.42133),(26 181.52982),(27 297.9211),(28 182.50757),(29 300.06033),(30 185.5237),(31 301.3846),(32 186.19247),(33 303.74692),(34 188.8854),(35 305.38135),(36 192.2494),(37 308.73618),(38 194.51726),(39 306.32928),(40 192.92438),(41 306.0256),(42 194.15096),(43 306.94122),(44 192.95299),(45 308.9242),(46 194.49844),(47 307.2242),(48 194.23245),(49 309.56873),(50 194.91098),(51 310.5319),(52 194.61853),(53 307.78964),(54 193.4695),(55 307.08154),(56 192.2305),(57 306.3549),(58 193.20657),(59 308.29675),(60 194.19885),(61 307.41467),(62 192.95291),(63 306.67328),(64 194.12161),(65 309.02646),(66 193.90651),(67 308.72076),(68 195.38478),(69 310.42984),(70 196.24196),(71 310.97913),(72 196.13016),(73 313.2867),(74 200.00156),(75 312.80106),(76 197.93396),(77 310.85434),(78 199.21848),(79 313.46945),
(1 207.13786),(2 119.71045),(3 246.80441),(4 144.3521),(5 262.97498),(6 156.97542),(7 270.60474),(8 163.62604),(9 278.39764),(10 169.62099),(11 280.4865),(12 172.14415),(13 281.83374),(14 176.08246),(15 284.00244),(16 176.56924),(17 285.94803),(18 179.86891),(19 287.1956),(20 179.52214),(21 287.27063),(22 182.23863),(23 289.5212),(24 183.64632),(25 292.42764),(26 186.93718),(27 293.5396),(28 186.88876),(29 295.36578),(30 189.60687),(31 296.68106),(32 190.33612),(33 300.41815),(34 195.85002),(35 301.57355),(36 196.57245),(37 302.7663),(38 197.39874),(39 300.41833),(40 195.13593),(41 301.1396),(42 194.98256),(43 299.33136),(44 192.76501),(45 297.68915),(46 192.39197),(47 297.22757),(48 189.03297),(49 296.64453),(50 189.79369),(51 296.14093),(52 189.22377),(53 296.73636),(54 190.00809),(55 294.15018),(56 187.17178),(57 294.45862),(58 187.0378),(59 293.57507),(60 188.41618),(61 296.6143),(62 188.70898),(63 297.89203),(64 188.51828),(65 298.70157),(66 190.64067),(67 298.73178),(68 191.32936),(69 301.20468),(70 191.45445),(71 300.59323),(72 190.94836),(73 301.62988),(74 193.84181),(75 302.6464),(76 194.6611),(77 302.36246),(78 194.0249),(79 304.41443),
(1 207.90063),(2 119.71553),(3 245.43951),(4 141.47542),(5 261.216),(6 153.93674),(7 267.63953),(8 159.57251),(9 273.92383),(10 165.81035),(11 275.86862),(12 168.01695),(13 278.84766),(14 171.0674),(15 279.37906),(16 172.84421),(17 282.1341),(18 173.20464),(19 280.88507),(20 175.21257),(21 285.3057),(22 178.65215),(23 286.12253),(24 180.91278),(25 289.00464),(26 181.13275),(27 289.62616),(28 180.76549),(29 291.83685),(30 181.9384),(31 292.47083),(32 184.96994),(33 293.20877),(34 185.87067),(35 294.3147),(36 186.0422),(37 294.5411),(38 189.09454),(39 295.62375),(40 188.33815),(41 297.71597),(42 188.65775),(43 294.68622),(44 187.77922),(45 294.5931),(46 187.47025),(47 295.00708),(48 183.25482),(49 292.63507),(50 184.82867),(51 291.65503),(52 183.017),(53 290.48578),(54 183.09793),(55 289.44397),(56 180.82205),(57 289.094),(58 180.79883),(59 290.1025),(60 181.9504),(61 293.50253),(62 183.89395),(63 292.8971),(64 185.29535),(65 295.989),(66 186.88684),(67 295.6044),(68 186.28712),(69 296.03027),(70 186.05826),(71 293.85825),(72 187.5128),(73 297.04175),(74 187.87912),(75 296.90787),(76 188.51338),(77 296.8322),(78 189.07498),(79 298.42908),
(1 204.54648),(2 118.38496),(3 242.92877),(4 141.98538),(5 259.77133),(6 154.7764),(7 268.12964),(8 161.24005),(9 274.81238),(10 169.52216),(11 279.6942),(12 171.39008),(13 282.07938),(14 174.12811),(15 283.57147),(16 176.50462),(17 285.7479),(18 177.63608),(19 285.91635),(20 179.29263),(21 289.9157),(22 181.26125),(23 290.4464),(24 184.33392),(25 292.70392),(26 186.13165),(27 293.9559),(28 185.6842),(29 296.837),(30 189.28487),(31 297.76782),(32 189.57571),(33 298.7414),(34 190.97186),(35 297.64038),(36 192.31398),(37 299.7997),(38 192.64816),(39 300.75778),(40 192.08054),(41 300.14978),(42 192.95668),(43 299.58002),(44 193.33032),(45 300.77835),(46 192.53159),(47 298.5681),(48 190.89156),(49 296.84628),(50 191.37294),(51 298.33673),(52 189.52173),(53 296.27216),(54 187.71007),(55 295.83533),(56 187.28365),(57 297.03925),(58 187.71194),(59 294.65445),(60 187.05692),(61 295.50937),(62 187.79893),(63 295.3021),(64 189.29822),(65 298.11325),(66 191.56067),(67 297.7996),(68 192.52112),(69 299.0041),(70 191.66666),(71 299.81247),(72 194.54944),(73 301.571),(74 196.27919),(75 302.22025),(76 194.98131),(77 300.9568),(78 194.83865),(79 302.89337),
(1 200.31067),(2 115.6683),(3 238.38707),(4 140.44211),(5 255.472),(6 152.73668),(7 261.54742),(8 157.15207),(9 266.85602),(10 163.10696),(11 271.1154),(12 165.9429),(13 272.93265),(14 167.92831),(15 274.81064),(16 169.10051),(17 277.04068),(18 170.07886),(19 277.69272),(20 171.27936),(21 277.39676),(22 171.585),(23 279.20288),(24 173.76427),(25 279.75925),(26 174.73703),(27 280.03003),(28 176.56624),(29 283.01282),(30 177.99852),(31 284.3853),(32 179.72148),(33 287.25983),(34 181.38171),(35 286.708),(36 183.14342),(37 291.9286),(38 187.93883),(39 293.28378),(40 187.74432),(41 294.51468),(42 188.06607),(43 294.89484),(44 186.818),(45 293.8832),(46 187.24149),(47 293.7922),(48 188.5657),(49 295.58017),(50 187.98611),(51 294.69104),(52 187.27957),(53 295.34717),(54 187.29333),(55 292.78604),(56 186.68935),(57 292.90158),(58 185.70822),(59 291.6941),(60 185.35909),(61 293.35107),(62 186.62735),(63 293.64325),(64 187.54996),(65 296.80768),(66 189.63446),(67 294.84567),(68 193.10202),(69 298.24924),(70 192.67548),(71 299.062),(72 192.91922),(73 299.76718),(74 192.87415),(75 298.87988),(76 191.87158),(77 299.16833),(78 193.41681),(79 296.94952),
(1 198.74619),(2 115.52158),(3 238.78195),(4 140.92607),(5 254.49928),(6 152.55927),(7 262.2742),(8 157.0895),(9 268.01266),(10 162.08556),(11 271.06506),(12 165.98798),(13 273.2908),(14 168.61382),(15 279.2639),(16 172.62155),(17 281.101),(18 174.70284),(19 281.98218),(20 177.55016),(21 285.39166),(22 177.90422),(23 286.78265),(24 181.72311),(25 288.83005),(26 183.00311),(27 289.09488),(28 184.13565),(29 291.6957),(30 186.82552),(31 292.98572),(32 185.56686),(33 291.9112),(34 187.88039),(35 293.73267),(36 188.6045),(37 295.11282),(38 188.2162),(39 292.88263),(40 186.05595),(41 293.87534),(42 188.33163),(43 293.77426),(44 186.36366),(45 295.05145),(46 188.37723),(47 294.44724),(48 187.88135),(49 297.15433),(50 187.98929),(51 294.5518),(52 186.91173),(53 294.64117),(54 187.26364),(55 293.23233),(56 187.0213),(57 294.28848),(58 186.7423),(59 293.0094),(60 185.56079),(61 294.22034),(62 187.89523),(63 292.65024),(64 189.01068),(65 296.32523),(66 187.8351),(67 294.70154),(68 190.33994),(69 298.9621),(70 190.93741),(71 297.31088),(72 190.1251),(73 297.68628),(74 190.81754),(75 297.51907),(76 191.0075),(77 298.5107),(78 192.20598),(79 298.77307),
(1 197.44817),(2 114.44771),(3 236.0779),(4 138.17386),(5 251.21614),(6 147.96225),(7 257.46976),(8 153.36688),(9 262.997),(10 159.0635),(11 266.30774),(12 162.02303),(13 268.87637),(14 164.12187),(15 269.588),(16 165.95033),(17 272.97333),(18 169.0342),(19 274.9679),(20 169.5946),(21 274.97894),(22 171.79367),(23 277.2312),(24 172.33577),(25 277.61484),(26 172.78593),(27 279.18008),(28 176.25267),(29 282.62698),(30 176.59717),(31 282.12637),(32 179.19327),(33 284.93558),(34 179.94429),(35 284.34518),(36 180.37605),(37 285.02704),(38 181.67155),(39 284.63342),(40 181.3606),(41 286.3231),(42 183.14919),(43 284.57715),(44 183.58034),(45 287.2297),(46 183.21976),(47 286.32977),(48 183.08096),(49 285.7325),(50 179.8975),(51 284.27612),(52 180.04208),(53 284.81635),(54 178.62415),(55 281.88876),(56 178.75047),(57 281.22842),(58 178.06131),(59 280.66733),(60 176.59337),(61 279.71707),(62 176.65947),(63 280.45648),(64 177.68874),(65 281.24268),(66 178.00659),(67 280.75937),(68 178.17645),(69 283.7425),(70 180.6973),(71 283.92575),(72 180.20435),(73 285.89355),(74 181.03888),(75 286.37863),(76 182.55426),(77 286.57654),(78 182.12184),(79 285.6509),
(1 195.46623),(2 110.474266),(3 231.48753),(4 133.14107),(5 247.76488),(6 144.5522),(7 255.53522),(8 152.63213),(9 262.10986),(10 158.73701),(11 265.4826),(12 158.99326),(13 266.2791),(14 161.58986),(15 269.09537),(16 164.98015),(17 271.90714),(18 167.50577),(19 272.3615),(20 170.45644),(21 276.04163),(22 173.02448),(23 276.98077),(24 173.99844),(25 278.87),(26 174.88132),(27 278.4228),(28 175.95102),(29 280.81458),(30 177.10497),(31 282.21075),(32 176.81775),(33 282.10248),(34 178.56885),(35 284.3938),(36 179.35329),(37 286.5305),(38 180.87962),(39 283.3155),(40 180.87367),(41 288.18982),(42 182.80217),(43 284.17972),(44 180.20734),(45 285.08206),(46 180.62074),(47 284.17493),(48 180.7308),(49 284.50165),(50 178.55167),(51 282.87457),(52 180.08572),(53 286.1872),(54 180.67761),(55 283.83087),(56 180.37534),(57 285.24207),(58 178.79285),(59 282.9417),(60 177.65799),(61 283.2424),(62 177.2707),(63 283.62662),(64 178.48044),(65 283.94836),(66 179.44508),(67 282.31842),(68 177.29706),(69 285.54044),(70 179.54488),(71 287.53476),(72 181.15169),(73 286.1349),(74 179.35641),(75 285.57745),(76 179.238),(77 287.24304),(78 180.68338),(79 287.15015),
(1 191.23814),(2 109.06574),(3 227.63669),(4 131.22104),(5 240.56898),(6 142.45097),(7 248.3297),(8 148.27704),(9 252.47554),(10 153.84915),(11 257.41498),(12 154.80524),(13 258.17786),(14 156.573),(15 261.32242),(16 159.29095),(17 263.2255),(18 161.22151),(19 264.771),(20 164.24503),(21 267.7495),(22 166.88225),(23 269.11703),(24 167.97824),(25 270.92792),(26 168.20403),(27 270.17447),(28 169.17058),(29 271.01505),(30 170.81915),(31 272.11633),(32 170.27596),(33 272.6032),(34 173.20522),(35 274.83133),(36 173.01598),(37 275.87668),(38 174.86066),(39 274.54694),(40 172.58006),(41 275.08182),(42 172.7071),(43 273.38342),(44 172.7653),(45 275.63992),(46 174.22536),(47 275.4177),(48 174.68707),(49 275.9981),(50 173.74155),(51 274.25143),(52 173.62436),(53 275.52722),(54 173.53078),(55 274.85626),(56 175.6067),(57 276.42087),(58 173.95107),(59 275.69666),(60 174.67836),(61 277.31546),(62 175.20346),(63 276.6785),(64 176.94789),(65 279.2234),(66 177.3797),(67 277.6363),(68 176.64778),(69 279.10706),(70 177.77013),(71 280.20947),(72 179.43686),(73 280.5916),(74 179.45279),(75 280.88782),(76 178.61449),(77 279.34296),(78 178.58257),(79 280.3251),
(1 189.77849),(2 109.63928),(3 224.0771),(4 130.07965),(5 238.52554),(6 141.28503),(7 246.0995),(8 149.20671),(9 253.40579),(10 154.76083),(11 256.8444),(12 158.7512),(13 259.3586),(14 161.2756),(15 263.0517),(16 164.36282),(17 265.93774),(18 165.68246),(19 266.9572),(20 165.64175),(21 267.5741),(22 166.12294),(23 267.25455),(24 166.75052),(25 269.19156),(26 166.90196),(27 266.72485),(28 167.00024),(29 266.97116),(30 166.93498),(31 268.17056),(32 169.64583),(33 269.39786),(34 168.49837),(35 268.50668),(36 169.66678),(37 269.64255),(38 169.6794),(39 267.3636),(40 169.48663),(41 268.25366),(42 169.24394),(43 268.08362),(44 169.98941),(45 268.9362),(46 170.23016),(47 269.46143),(48 170.3828),(49 270.1182),(50 171.39943),(51 268.73914),(52 171.48036),(53 269.54358),(54 169.4875),(55 268.3003),(56 170.11589),(57 269.25943),(58 169.53337),(59 268.6417),(60 170.08952),(61 269.5754),(62 170.99957),(63 268.9038),(64 173.34148),(65 270.51263),(66 173.00435),(67 271.0994),(68 173.90617),(69 270.81863),(70 173.55374),(71 273.8738),(72 178.32495),(73 276.5318),(74 178.59488),(75 275.07324),(76 175.90244),(77 273.11984),(78 177.36263),(79 274.6219),
(1 189.66852),(2 107.294136),(3 225.79036),(4 130.42566),(5 241.20377),(6 142.26207),(7 246.92316),(8 146.99644),(9 253.52153),(10 152.68661),(11 257.93564),(12 156.47495),(13 261.10806),(14 157.91219),(15 261.47876),(16 160.81184),(17 263.3425),(18 162.10104),(19 264.67636),(20 164.11714),(21 266.67966),(22 164.86604),(23 267.17142),(24 167.24889),(25 270.20404),(26 168.74799),(27 267.30283),(28 167.43352),(29 268.70398),(30 167.31003),(31 267.7369),(32 167.9921),(33 269.9778),(34 168.27863),(35 270.37274),(36 169.99174),(37 272.82364),(38 172.94438),(39 272.73178),(40 172.25174),(41 275.0623),(42 172.76021),(43 272.7947),(44 170.86458),(45 272.6606),(46 170.88364),(47 271.1994),(48 171.75139),(49 272.082),(50 172.31094),(51 271.7601),(52 171.53586),(53 273.55185),(54 171.5472),(55 271.27582),(56 171.1623),(57 273.24445),(58 172.0465),(59 272.3322),(60 170.44455),(61 272.66992),(62 171.17752),(63 272.57056),(64 171.36827),(65 273.7345),(66 171.75462),(67 274.10236),(68 171.99629),(69 273.64795),(70 171.91281),(71 276.45016),(72 175.70143),(73 278.33813),(74 175.90802),(75 277.32352),(76 174.57713),(77 278.60034),(78 176.48024),(79 279.20288),
(1 185.99211),(2 105.431496),(3 220.10976),(4 125.337265),(5 233.96489),(6 137.5911),(7 241.17067),(8 143.30595),(9 247.42522),(10 148.8951),(11 251.4686),(12 149.35864),(13 251.67561),(14 149.80644),(15 251.95862),(16 154.11041),(17 255.51527),(18 156.06067),(19 257.53027),(20 158.98253),(21 258.4965),(22 159.66248),(23 259.66666),(24 160.74875),(25 259.73727),(26 161.9011),(27 260.42078),(28 161.55994),(29 261.75317),(30 162.6346),(31 262.2782),(32 164.02281),(33 263.2061),(34 165.1436),(35 263.08743),(36 165.45811),(37 265.99863),(38 166.82373),(39 266.04807),(40 166.44128),(41 266.81317),(42 166.90504),(43 264.13327),(44 164.68718),(45 263.8748),(46 165.17836),(47 265.31064),(48 164.89699),(49 264.7482),(50 164.85988),(51 262.87112),(52 163.86108),(53 264.19693),(54 163.54732),(55 262.47775),(56 163.57446),(57 263.84665),(58 161.99489),(59 262.05426),(60 162.37238),(61 263.22278),(62 164.05873),(63 263.1742),(64 164.25763),(65 265.11636),(66 166.5601),(67 264.71643),(68 167.04941),(69 269.43933),(70 167.57336),(71 268.28275),(72 167.73608),(73 270.137),(74 168.64944),(75 269.05664),(76 169.03839),(77 270.029),(78 168.60905),(79 268.47162),
(1 188.79478),(2 105.465805),(3 223.64609),(4 127.41927),(5 238.92027),(6 139.92574),(7 247.20921),(8 145.8094),(9 252.95384),(10 152.50237),(11 255.56578),(12 153.29063),(13 256.8772),(14 156.13806),(15 261.57755),(16 159.40216),(17 262.58902),(18 161.83617),(19 263.88474),(20 162.50392),(21 263.9935),(22 164.26086),(23 264.63586),(24 163.49881),(25 265.9845),(26 165.4168),(27 266.07867),(28 166.09256),(29 267.41617),(30 167.10756),(31 268.74228),(32 167.29749),(33 268.11246),(34 168.8456),(35 270.9698),(36 170.16422),(37 272.01157),(38 170.83272),(39 270.682),(40 169.87207),(41 272.02286),(42 170.65851),(43 271.33694),(44 170.54604),(45 271.85547),(46 171.63042),(47 272.6938),(48 170.66867),(49 271.15817),(50 170.09587),(51 271.1565),(52 169.91861),(53 272.34634),(54 170.75096),(55 270.38013),(56 169.05983),(57 272.72372),(58 170.71863),(59 270.46405),(60 169.40485),(61 273.09085),(62 171.40901),(63 271.6454),(64 170.50893),(65 271.78528),(66 169.5338),(67 269.7574),(68 170.92226),(69 273.36258),(70 170.59126),(71 271.48987),(72 172.11618),(73 274.71976),(74 174.08698),(75 275.5695),(76 175.3149),(77 276.84415),(78 174.35585),(79 275.60083),
(1 180.5708),(2 102.2786),(3 215.97585),(4 124.62989),(5 229.88977),(6 135.79141),(7 238.26312),(8 141.89967),(9 243.50967),(10 146.87419),(11 246.5824),(12 149.86205),(13 248.9794),(14 153.01128),(15 253.07774),(16 154.81357),(17 252.9695),(18 156.84225),(19 253.9147),(20 157.3594),(21 256.12714),(22 159.03159),(23 255.55333),(24 160.41945),(25 257.84622),(26 163.03932),(27 260.3253),(28 163.54817),(29 261.1937),(30 163.7186),(31 261.34326),(32 163.59917),(33 261.7215),(34 164.44225),(35 260.9328),(36 163.79097),(37 263.64026),(38 166.12805),(39 262.92102),(40 166.94536),(41 263.9655),(42 166.66762),(43 262.46313),(44 165.31056),(45 262.23798),(46 163.87372),(47 262.0451),(48 163.33984),(49 260.01743),(50 163.25035),(51 259.24957),(52 161.6753),(53 260.36084),(54 163.21465),(55 260.5847),(56 163.99255),(57 261.4804),(58 163.6178),(59 260.3674),(60 164.0472),(61 262.69476),(62 164.78508),(63 261.68817),(64 165.1611),(65 263.26077),(66 167.001),(67 263.00766),(68 167.3071),(69 265.44296),(70 169.25581),(71 267.04016),(72 169.33244),(73 267.53906),(74 170.1304),(75 266.10916),(76 169.6271),(77 268.4195),(78 169.25702),(79 267.15936),
(1 178.19727),(2 101.17151),(3 211.74936),(4 122.2592),(5 225.78635),(6 132.89565),(7 233.11206),(8 139.35507),(9 240.44727),(10 145.83939),(11 243.36479),(12 148.40561),(13 246.1295),(14 150.1358),(15 246.56349),(16 152.2304),(17 249.78925),(18 154.79822),(19 252.05342),(20 156.24638),(21 252.21481),(22 157.18474),(23 252.25278),(24 158.05693),(25 255.2236),(26 159.94142),(27 255.11641),(28 160.33571),(29 255.21548),(30 159.61377),(31 254.71707),(32 159.97215),(33 255.08351),(34 161.4491),(35 256.4401),(36 161.51941),(37 257.7967),(38 161.01479),(39 255.11134),(40 161.3902),(41 257.17447),(42 161.70694),(43 256.6507),(44 162.37256),(45 258.8951),(46 162.74287),(47 257.6711),(48 163.05237),(49 258.14798),(50 163.03043),(51 257.28177),(52 162.78052),(53 257.39957),(54 162.91931),(55 257.5692),(56 162.40976),(57 257.31854),(58 162.2385),(59 256.59546),(60 162.26831),(61 257.50986),(62 163.96027),(63 258.02832),(64 165.34206),(65 259.89703),(66 165.95828),(67 259.95193),(68 167.04164),(69 260.95166),(70 167.8812),(71 261.26886),(72 168.67038),(73 261.48782),(74 168.71693),(75 263.60446),(76 169.96877),(77 264.61053),(78 169.9153),(79 264.73352),
(1 184.24112),(2 102.423325),(3 214.85245),(4 122.16158),(5 227.1754),(6 131.33447),(7 234.18849),(8 137.17041),(9 238.44965),(10 140.83376),(11 240.33455),(12 141.4634),(13 242.59868),(14 144.81317),(15 244.7629),(16 147.65244),(17 249.81583),(18 151.50826),(19 250.88567),(20 152.58627),(21 253.47911),(22 153.06674),(23 252.20056),(24 154.04636),(25 253.77391),(26 155.54903),(27 253.0683),(28 154.8603),(29 254.84969),(30 155.82979),(31 254.23813),(32 156.13551),(33 257.94907),(34 158.42609),(35 258.10632),(36 161.0416),(37 262.63095),(38 164.55594),(39 261.11514),(40 162.69711),(41 262.37607),(42 165.05095),(43 262.36807),(44 163.68695),(45 262.46198),(46 163.08508),(47 260.89413),(48 163.93457),(49 261.90182),(50 163.35901),(51 260.23737),(52 160.6416),(53 259.8016),(54 161.63329),(55 259.1207),(56 160.27765),(57 257.99124),(58 160.53055),(59 257.40723),(60 161.20929),(61 258.31702),(62 162.38202),(63 257.50323),(64 164.12169),(65 261.63153),(66 164.12814),(67 260.00867),(68 165.50082),(69 261.63504),(70 163.8208),(71 262.3597),(72 165.82405),(73 262.9339),(74 165.47192),(75 263.5518),(76 166.59502),(77 263.4065),(78 166.68997),(79 263.37512),
(1 176.42644),(2 98.71922),(3 207.8161),(4 116.8839),(5 220.65315),(6 127.55222),(7 225.07372),(8 132.03334),(9 232.8852),(10 137.56396),(11 236.07254),(12 141.85297),(13 237.48904),(14 143.01486),(15 240.50647),(16 146.83),(17 243.7215),(18 148.20479),(19 244.52094),(20 150.89355),(21 247.26653),(22 151.89626),(23 246.99147),(24 153.10948),(25 249.34668),(26 154.09569),(27 250.53033),(28 155.21887),(29 251.47084),(30 156.18793),(31 252.39915),(32 157.5014),(33 251.59221),(34 157.64745),(35 252.12119),(36 156.23988),(37 252.75873),(38 158.94792),(39 252.63269),(40 157.12546),(41 252.60164),(42 157.55234),(43 251.91612),(44 157.6915),(45 253.11813),(46 158.34831),(47 252.25888),(48 159.48541),(49 252.91364),(50 158.0102),(51 252.04585),(52 157.33482),(53 250.87582),(54 156.72255),(55 250.09708),(56 154.72858),(57 249.49878),(58 153.43877),(59 247.3722),(60 153.00824),(61 250.21312),(62 155.27122),(63 249.8759),(64 156.06001),(65 252.162),(66 156.33308),(67 252.69043),(68 159.8688),(69 255.43575),(70 161.45041),(71 257.10776),(72 161.144),(73 257.4491),(74 162.74368),(75 258.22946),(76 162.51161),(77 259.30804),(78 163.20668),(79 256.34552),
(1 178.9371),(2 99.0029),(3 211.0038),(4 119.92269),(5 225.07275),(6 129.7756),(7 231.33769),(8 135.06575),(9 236.10873),(10 142.76486),(11 241.46808),(12 145.94499),(13 243.08629),(14 148.30042),(15 246.49545),(16 150.00586),(17 248.71469),(18 151.12462),(19 249.7604),(20 152.25777),(21 250.76059),(22 154.64307),(23 250.521),(24 154.72821),(25 252.01709),(26 156.33237),(27 252.5114),(28 155.54613),(29 252.8497),(30 157.50629),(31 254.25311),(32 157.00256),(33 253.65704),(34 158.13803),(35 255.40977),(36 158.27032),(37 256.8828),(38 161.47627),(39 256.39972),(40 159.04332),(41 257.18103),(42 158.68626),(43 255.59293),(44 159.4119),(45 256.4217),(46 159.14845),(47 255.03764),(48 160.13806),(49 256.88943),(50 158.36139),(51 254.56273),(52 158.78847),(53 256.7903),(54 158.73817),(55 255.05782),(56 157.255),(57 255.72688),(58 157.19362),(59 255.04268),(60 157.27678),(61 253.77335),(62 159.29257),(63 256.83194),(64 161.40582),(65 260.65735),(66 163.44725),(67 259.0212),(68 162.32607),(69 260.0274),(70 162.61858),(71 259.44888),(72 162.29044),(73 259.6167),(74 163.15186),(75 260.47214),(76 165.03046),(77 263.63068),(78 165.90443),(79 261.84668),
(1 171.81178),(2 97.691864),(3 203.97832),(4 118.4321),(5 215.78471),(6 126.99106),(7 221.28723),(8 133.22919),(9 227.5228),(10 139.0741),(11 232.77779),(12 142.55228),(13 235.37051),(14 144.8957),(15 238.47894),(16 146.6248),(17 240.06822),(18 148.64386),(19 241.37563),(20 150.02753),(21 242.70737),(22 151.75874),(23 243.21379),(24 153.20157),(25 245.26357),(26 154.20694),(27 246.01381),(28 155.1761),(29 248.57808),(30 156.18774),(31 248.29346),(32 155.78056),(33 249.45848),(34 157.1033),(35 249.53229),(36 158.49747),(37 251.48001),(38 158.70012),(39 249.46228),(40 157.78807),(41 250.11404),(42 157.71237),(43 247.20988),(44 155.12808),(45 247.54355),(46 156.82639),(47 246.50403),(48 154.3887),(49 246.00577),(50 153.74588),(51 243.28479),(52 152.62045),(53 244.58679),(54 153.26244),(55 243.51807),(56 152.47556),(57 244.21834),(58 152.09871),(59 241.29132),(60 151.15636),(61 242.14525),(62 152.94191),(63 243.73705),(64 154.07965),(65 246.4998),(66 155.51387),(67 246.24147),(68 155.65152),(69 246.77522),(70 156.38501),(71 246.60611),(72 155.17244),(73 248.46819),(74 156.76448),(75 246.18001),(76 157.99254),(77 249.75267),(78 157.64804),(79 248.49086),
(1 172.98878),(2 97.91565),(3 205.53447),(4 116.477875),(5 217.20586),(6 126.32119),(7 223.59709),(8 132.43161),(9 230.38847),(10 137.37627),(11 232.94087),(12 139.90909),(13 235.4992),(14 143.61418),(15 239.9578),(16 145.10861),(17 240.21455),(18 147.84877),(19 241.57425),(20 147.94676),(21 243.44382),(22 150.20038),(23 243.35938),(24 151.58435),(25 245.3892),(26 153.74385),(27 248.60782),(28 155.37038),(29 249.5535),(30 155.1746),(31 249.13564),(32 156.13226),(33 251.08041),(34 156.60696),(35 250.34474),(36 157.62868),(37 251.55724),(38 158.88547),(39 250.7013),(40 157.39732),(41 250.2216),(42 156.90085),(43 249.91144),(44 157.20305),(45 250.62146),(46 156.21057),(47 248.35089),(48 156.80995),(49 250.07153),(50 155.12604),(51 248.69273),(52 154.56136),(53 249.16362),(54 154.86823),(55 248.0721),(56 154.21584),(57 249.59901),(58 155.11319),(59 248.43654),(60 155.86324),(61 252.41978),(62 158.67084),(63 252.38483),(64 159.04996),(65 255.53181),(66 160.05823),(67 253.15866),(68 161.8723),(69 257.07422),(70 161.94356),(71 256.28702),(72 161.88129),(73 257.7927),(74 163.47282),(75 257.2351),(76 163.91801),(77 258.5457),(78 165.12062),(79 259.3557),
(1 171.09276),(2 95.44188),(3 201.53296),(4 114.92266),(5 213.84209),(6 124.606995),(7 220.15884),(8 129.28223),(9 225.23828),(10 133.74338),(11 226.44182),(12 135.99757),(13 229.63673),(14 138.30403),(15 232.59946),(16 140.38889),(17 234.60564),(18 144.77754),(19 236.91661),(20 145.73553),(21 238.97429),(22 148.34218),(23 240.18219),(24 149.66261),(25 241.95561),(26 151.38167),(27 243.14955),(28 151.0847),(29 242.78978),(30 151.72937),(31 243.44014),(32 153.0967),(33 244.93108),(34 154.42136),(35 246.89232),(36 155.32387),(37 247.61179),(38 156.65317),(39 248.2369),(40 156.00793),(41 248.43861),(42 154.73416),(43 246.32742),(44 153.72163),(45 245.42006),(46 153.209),(47 245.43025),(48 152.11978),(49 246.11436),(50 153.3027),(51 246.74243),(52 153.5753),(53 246.93982),(54 153.0083),(55 245.32349),(56 151.66763),(57 245.37996),(58 151.37273),(59 243.95465),(60 151.01607),(61 245.5607),(62 152.24983),(63 245.82274),(64 153.34747),(65 247.64397),(66 153.76749),(67 247.00551),(68 155.1033),(69 247.5819),(70 153.70473),(71 246.6257),(72 155.21417),(73 248.09843),(74 155.77014),(75 250.24925),(76 157.22935),(77 250.46667),(78 158.63658),(79 249.68481),
(1 168.63466),(2 94.09243),(3 199.0489),(4 113.64982),(5 211.54405),(6 122.41783),(7 216.53981),(8 128.39047),(9 222.87334),(10 134.55186),(11 226.15111),(12 137.13866),(13 229.07176),(14 139.24942),(15 231.41437),(16 142.29585),(17 233.36317),(18 144.72536),(19 235.1775),(20 146.31552),(21 237.48834),(22 148.19437),(23 238.07114),(24 149.8902),(25 239.76494),(26 150.55872),(27 241.0554),(28 152.78041),(29 241.86183),(30 150.91438),(31 239.9499),(32 151.61627),(33 241.61867),(34 153.34839),(35 241.38458),(36 153.28708),(37 242.60815),(38 154.47704),(39 243.08548),(40 155.07275),(41 244.3353),(42 155.11032),(43 243.90773),(44 155.93799),(45 244.75555),(46 154.35535),(47 244.97989),(48 155.31761),(49 244.99274),(50 155.43019),(51 244.83234),(52 153.81622),(53 243.09929),(54 153.0702),(55 241.78378),(56 151.2233),(57 241.08408),(58 151.51656),(59 240.59033),(60 151.02596),(61 241.90457),(62 151.90335),(63 241.40948),(64 151.73407),(65 242.45027),(66 153.47574),(67 243.39343),(68 153.4912),(69 243.3477),(70 153.3301),(71 243.49371),(72 153.51378),(73 244.89793),(74 153.83603),(75 244.59674),(76 155.39417),(77 245.84514),(78 156.54477),(79 246.39145),
(1 169.08731),(2 92.92839),(3 200.04669),(4 112.18522),(5 214.1963),(6 123.4039),(7 219.27246),(8 129.36147),(9 226.53958),(10 134.66321),(11 230.32768),(12 136.44124),(13 231.5979),(14 139.76538),(15 233.50606),(16 140.24725),(17 235.76245),(18 143.42937),(19 236.64919),(20 144.49734),(21 237.50786),(22 146.82669),(23 240.21942),(24 148.72084),(25 242.19562),(26 149.92412),(27 240.97821),(28 150.29378),(29 240.83452),(30 148.79163),(31 239.80519),(32 150.33443),(33 242.62563),(34 152.90921),(35 244.63882),(36 153.87756),(37 247.38332),(38 155.14201),(39 244.87552),(40 154.37524),(41 246.70273),(42 154.8811),(43 245.6206),(44 154.81557),(45 246.125),(46 153.57535),(47 243.63908),(48 153.02269),(49 245.03275),(50 152.55089),(51 243.70392),(52 153.15329),(53 244.61786),(54 153.05362),(55 244.15526),(56 152.42644),(57 242.91913),(58 153.51671),(59 243.52376),(60 153.08516),(61 244.453),(62 153.04141),(63 243.7429),(64 152.53647),(65 246.28185),(66 154.72177),(67 246.61436),(68 155.25021),(69 248.28427),(70 155.01826),(71 247.86407),(72 154.96541),(73 248.25714),(74 155.00919),(75 245.75311),(76 154.18594),(77 247.02422),(78 155.417),(79 247.25963),
(1 164.67178),(2 93.212395),(3 196.70668),(4 112.56601),(5 209.99893),(6 121.88119),(7 214.72835),(8 127.458954),(9 219.94804),(10 132.8852),(11 224.63188),(12 134.22292),(13 225.03275),(14 135.9101),(15 226.16751),(16 138.26666),(17 229.48016),(18 141.1186),(19 230.766),(20 143.19969),(21 232.17842),(22 143.87144),(23 233.06387),(24 143.58388),(25 233.85541),(26 144.22862),(27 232.39857),(28 143.14464),(29 233.03793),(30 143.85803),(31 233.17691),(32 145.67229),(33 235.17238),(34 146.87267),(35 237.4232),(36 149.0092),(37 238.28178),(38 148.93076),(39 235.47992),(40 148.52324),(41 237.14622),(42 149.10788),(43 237.19458),(44 148.32417),(45 237.22977),(46 147.58966),(47 235.30801),(48 146.67476),(49 236.79509),(50 147.18198),(51 236.45552),(52 147.98668),(53 236.73639),(54 146.63063),(55 237.00165),(56 147.2673),(57 237.64087),(58 148.34886),(59 237.6635),(60 149.72601),(61 238.76904),(62 149.53607),(63 239.65646),(64 151.55243),(65 241.7234),(66 150.76349),(67 241.3389),(68 152.84436),(69 242.90898),(70 153.20802),(71 242.73479),(72 152.91016),(73 243.99797),(74 154.92522),(75 244.52914),(76 155.01062),(77 243.3515),(78 152.70216),(79 242.36577),
(1 167.658),(2 92.799255),(3 198.2281),(4 112.61918),(5 212.38765),(6 122.768074),(7 219.58572),(8 128.60997),(9 224.77419),(10 133.52776),(11 228.28432),(12 135.52058),(13 231.33437),(14 138.06209),(15 232.74025),(16 140.57928),(17 233.66393),(18 141.58427),(19 233.4007),(20 144.09093),(21 237.32999),(22 144.4059),(23 237.85378),(24 145.80711),(25 238.47977),(26 146.80444),(27 239.7628),(28 147.66809),(29 240.68066),(30 146.99077),(31 240.16982),(32 149.04266),(33 240.5937),(34 149.55702),(35 240.4734),(36 150.8109),(37 242.74455),(38 151.56824),(39 241.59088),(40 151.77579),(41 243.66205),(42 153.30318),(43 243.24232),(44 152.02501),(45 242.546),(46 151.37418),(47 242.14354),(48 151.02586),(49 241.70782),(50 149.96143),(51 241.62865),(52 150.64633),(53 241.58298),(54 150.51988),(55 239.98943),(56 149.5613),(57 240.1634),(58 149.9268),(59 241.08607),(60 151.3093),(61 243.05267),(62 152.1089),(63 243.70322),(64 152.94371),(65 245.58018),(66 154.79683),(67 246.19533),(68 155.12865),(69 246.25629),(70 154.61621),(71 247.19383),(72 154.76678),(73 247.34152),(74 154.68944),(75 245.10915),(76 153.28732),(77 245.75958),(78 153.795),(79 245.05525),
(1 165.5276),(2 91.52482),(3 196.497),(4 110.21606),(5 209.22032),(6 120.84978),(7 215.23848),(8 126.56678),(9 220.74089),(10 131.3852),(11 223.74884),(12 134.4257),(13 227.10143),(14 137.71364),(15 228.03366),(16 138.83713),(17 230.16042),(18 140.31056),(19 231.145),(20 142.96306),(21 234.63452),(22 145.42686),(23 235.82803),(24 147.86868),(25 238.81242),(26 149.40617),(27 238.69357),(28 149.94884),(29 239.29506),(30 150.03677),(31 240.66629),(32 151.76138),(33 241.74876),(34 152.44363),(35 242.41124),(36 153.38525),(37 243.46786),(38 154.2224),(39 241.77298),(40 153.07916),(41 243.18015),(42 153.56396),(43 240.99889),(44 150.87808),(45 239.84042),(46 149.30971),(47 237.85612),(48 149.07146),(49 238.46008),(50 148.91562),(51 237.09842),(52 147.71404),(53 237.71262),(54 147.22342),(55 237.64435),(56 148.69604),(57 237.87593),(58 148.25583),(59 238.04195),(60 149.40369),(61 239.27972),(62 148.8077),(63 238.50606),(64 147.95328),(65 240.57362),(66 149.23088),(67 240.82913),(68 151.12643),(69 242.49675),(70 152.02176),(71 243.82898),(72 152.69235),(73 245.57607),(74 155.65005),(75 245.91924),(76 154.87503),(77 246.81302),(78 156.0744),(79 246.79659),
(1 159.1622),(2 89.564835),(3 187.94171),(4 107.1805),(5 199.77608),(6 116.26371),(7 206.05595),(8 121.15849),(9 210.74089),(10 126.27477),(11 212.66481),(12 127.95867),(13 215.4174),(14 129.71162),(15 216.56374),(16 131.56625),(17 218.12589),(18 134.1451),(19 220.19969),(20 135.60736),(21 222.70012),(22 136.32112),(23 223.01234),(24 138.22534),(25 224.18053),(26 141.10384),(27 225.54321),(28 141.88376),(29 226.82736),(30 142.53947),(31 227.4908),(32 144.02165),(33 229.09354),(34 145.16402),(35 229.82767),(36 146.42421),(37 232.24496),(38 147.11592),(39 230.27005),(40 145.80095),(41 231.36026),(42 147.22252),(43 230.67317),(44 145.49158),(45 231.18826),(46 145.7697),(47 230.35275),(48 146.27698),(49 230.9011),(50 145.51515),(51 230.45503),(52 145.80127),(53 231.57382),(54 144.23842),(55 229.52066),(56 144.74997),(57 230.46762),(58 143.61887),(59 230.25569),(60 144.43422),(61 232.61485),(62 145.93362),(63 232.50414),(64 146.83707),(65 235.28029),(66 148.76582),(67 234.9106),(68 147.32414),(69 234.54282),(70 148.9521),(71 234.99355),(72 149.60345),(73 235.11288),(74 150.58377),(75 235.90634),(76 149.59125),(77 235.7951),(78 149.00938),(79 234.75583),
(1 160.60538),(2 89.521484),(3 189.70346),(4 107.3709),(5 201.84605),(6 116.37464),(7 206.37505),(8 121.03175),(9 211.50005),(10 126.0546),(11 214.46762),(12 127.76651),(13 215.80743),(14 128.86569),(15 217.62962),(16 131.87593),(17 219.44833),(18 133.37187),(19 221.99332),(20 136.6443),(21 224.30467),(22 137.78639),(23 225.6395),(24 140.83952),(25 228.22098),(26 142.42838),(27 228.50267),(28 140.76907),(29 228.51279),(30 141.71721),(31 228.14337),(32 141.11694),(33 227.3844),(34 140.2118),(35 227.56729),(36 140.08585),(37 228.21251),(38 142.62566),(39 228.46223),(40 143.30849),(41 230.2838),(42 143.30376),(43 229.72539),(44 144.44566),(45 229.91489),(46 143.63123),(47 230.123),(48 142.64076),(49 230.57097),(50 141.47723),(51 226.44942),(52 139.60178),(53 227.29352),(54 139.71246),(55 227.17358),(56 139.9598),(57 226.97015),(58 139.90648),(59 226.80833),(60 140.13008),(61 228.51135),(62 140.78032),(63 229.26118),(64 142.8129),(65 230.99496),(66 143.61926),(67 231.1773),(68 144.64084),(69 231.76079),(70 144.76935),(71 231.83427),(72 145.84908),(73 235.43398),(74 147.32887),(75 235.5581),(76 147.28586),(77 235.16716),(78 146.65417),(79 235.53021),
(1 156.79366),(2 87.391884),(3 185.49226),(4 104.95066),(5 197.09195),(6 114.693924),(7 204.39702),(8 121.033455),(9 209.3542),(10 125.34657),(11 212.12285),(12 128.13037),(13 215.21344),(14 131.05249),(15 216.90794),(16 132.43321),(17 219.36536),(18 134.33464),(19 220.77258),(20 137.51927),(21 222.59615),(22 139.13435),(23 223.8629),(24 140.72194),(25 225.90567),(26 142.85783),(27 226.55084),(28 143.0397),(29 226.7753),(30 141.25745),(31 226.1184),(32 141.60902),(33 225.9895),(34 141.34132),(35 225.72536),(36 140.87982),(37 224.4169),(38 141.42773),(39 224.58563),(40 141.76825),(41 225.7118),(42 141.01703),(43 224.91032),(44 141.39894),(45 225.30972),(46 139.77177),(47 223.92903),(48 140.4398),(49 224.22183),(50 139.57501),(51 221.8333),(52 138.74776),(53 224.3889),(54 139.13162),(55 223.81468),(56 139.35675),(57 226.49033),(58 141.38771),(59 224.98573),(60 141.10417),(61 226.7901),(62 143.08861),(63 226.86246),(64 143.16281),(65 228.5329),(66 142.60098),(67 227.20421),(68 143.71732),(69 228.52649),(70 145.38242),(71 229.01886),(72 145.71979),(73 230.13823),(74 144.97636),(75 230.07184),(76 145.5895),(77 230.21518),(78 145.5862),(79 229.8603),
(1 157.68607),(2 88.00503),(3 187.2913),(4 106.5251),(5 200.28073),(6 115.728775),(7 206.93022),(8 120.31966),(9 210.53918),(10 124.95259),(11 212.3359),(12 126.30469),(13 214.84668),(14 128.78282),(15 216.57744),(16 129.3273),(17 216.59004),(18 130.31723),(19 216.95068),(20 133.4282),(21 221.23941),(22 135.41774),(23 222.37366),(24 136.41304),(25 222.71452),(26 137.56865),(27 223.41763),(28 139.19518),(29 225.92375),(30 139.09276),(31 225.52446),(32 140.62508),(33 227.62358),(34 142.68362),(35 228.1348),(36 142.41135),(37 229.72054),(38 143.93228),(39 230.23547),(40 144.82372),(41 232.49097),(42 145.0286),(43 231.92818),(44 146.17554),(45 233.74747),(46 147.25006),(47 232.69833),(48 145.7025),(49 232.25171),(50 145.072),(51 230.35727),(52 144.27364),(53 230.39177),(54 144.212),(55 228.79837),(56 143.89342),(57 229.8251),(58 143.40445),(59 228.4178),(60 143.99718),(61 231.56136),(62 145.03378),(63 231.00447),(64 144.84091),(65 231.9194),(66 145.13524),(67 230.76016),(68 145.27194),(69 231.61919),(70 144.74556),(71 230.24556),(72 145.33504),(73 232.80234),(74 146.97855),(75 231.6674),(76 145.65315),(77 233.477),(78 147.45894),(79 233.48764),
(1 155.88536),(2 86.0439),(3 183.42052),(4 103.96846),(5 194.96999),(6 113.04963),(7 202.32738),(8 117.860504),(9 205.86465),(10 123.193184),(11 210.21121),(12 124.99032),(13 213.11601),(14 128.74011),(15 216.42082),(16 130.4215),(17 217.08757),(18 131.69756),(19 217.90543),(20 134.43335),(21 221.40508),(22 135.6256),(23 222.00726),(24 136.18895),(25 222.45067),(26 138.35901),(27 222.91728),(28 139.93622),(29 225.05063),(30 139.69917),(31 225.35071),(32 138.90088),(33 223.79158),(34 138.9223),(35 222.29343),(36 137.67963),(37 222.08711),(38 137.3817),(39 221.11633),(40 136.63911),(41 220.64792),(42 136.07092),(43 221.54222),(44 137.75868),(45 221.7458),(46 137.10654),(47 223.02863),(48 137.56618),(49 222.61734),(50 138.10974),(51 222.02075),(52 137.45247),(53 221.7697),(54 136.68893),(55 220.39925),(56 137.0623),(57 221.44733),(58 136.9962),(59 222.21),(60 136.45464),(61 222.70879),(62 137.91278),(63 223.00226),(64 138.04483),(65 223.49599),(66 138.57335),(67 222.4154),(68 138.93323),(69 226.46776),(70 140.69005),(71 224.53667),(72 139.4737),(73 225.51297),(74 141.40358),(75 225.21445),(76 142.22383),(77 227.5732),(78 141.8342),(79 225.30858),
(1 155.27089),(2 87.026596),(3 183.82504),(4 106.026276),(5 197.20883),(6 114.181366),(7 203.02376),(8 120.4156),(9 207.96007),(10 125.87695),(11 211.4381),(12 128.4491),(13 215.11572),(14 130.7152),(15 216.88936),(16 133.02399),(17 219.67297),(18 136.59459),(19 220.61711),(20 137.40517),(21 222.81094),(22 138.09344),(23 223.12558),(24 137.95517),(25 223.10577),(26 138.76505),(27 223.7609),(28 139.4472),(29 223.22536),(30 138.79997),(31 222.44994),(32 139.09749),(33 222.27074),(34 137.93211),(35 222.07292),(36 138.36946),(37 223.80286),(38 139.99393),(39 222.35246),(40 139.68005),(41 224.26537),(42 140.16595),(43 222.10591),(44 139.3601),(45 223.38266),(46 139.85094),(47 224.1505),(48 140.45561),(49 223.53783),(50 139.93343),(51 224.29248),(52 139.85474),(53 223.78683),(54 139.53596),(55 221.17311),(56 139.08525),(57 223.53828),(58 139.15327),(59 222.45949),(60 137.9309),(61 224.44225),(62 139.15312),(63 224.13101),(64 140.8081),(65 225.96703),(66 140.25212),(67 224.09714),(68 141.78821),(69 226.37788),(70 142.61157),(71 227.07309),(72 143.76547),(73 229.32677),(74 145.46051),(75 229.3334),(76 146.1105),(77 230.83858),(78 145.8351),(79 230.21954),
(1 153.46768),(2 83.56289),(3 181.292),(4 102.19944),(5 193.27078),(6 111.23103),(7 199.38342),(8 117.35714),(9 205.04991),(10 121.604294),(11 208.9356),(12 125.782425),(13 210.69003),(14 128.1417),(15 212.00194),(16 128.70749),(17 214.02258),(18 129.64972),(19 215.1851),(20 132.48509),(21 218.7384),(22 134.15929),(23 220.3623),(24 135.33669),(25 222.19965),(26 138.10962),(27 221.83614),(28 136.29604),(29 221.99536),(30 136.77026),(31 220.84604),(32 136.32603),(33 220.49661),(34 137.47885),(35 221.14961),(36 137.24379),(37 221.16777),(38 136.02419),(39 219.26468),(40 137.08875),(41 220.36757),(42 137.30049),(43 219.90726),(44 136.01414),(45 220.50166),(46 136.02968),(47 220.58139),(48 136.85684),(49 219.89415),(50 135.23528),(51 219.71158),(52 134.93475),(53 220.30902),(54 135.81819),(55 219.05885),(56 136.17572),(57 221.76952),(58 137.65414),(59 222.2103),(60 136.81444),(61 222.04431),(62 137.40967),(63 222.5412),(64 137.32625),(65 223.8728),(66 138.79091),(67 223.243),(68 139.579),(69 224.46735),(70 139.31802),(71 224.61652),(72 139.28209),(73 224.65753),(74 141.02173),(75 226.89539),(76 140.1407),(77 226.556),(78 140.53795),(79 225.38797),
(1 152.12543),(2 83.050224),(3 178.8805),(4 100.575966),(5 190.182),(6 109.995735),(7 197.90514),(8 115.586845),(9 202.45631),(10 119.74977),(11 205.21344),(12 124.249504),(13 207.1186),(14 125.31011),(15 209.84724),(16 127.79486),(17 212.56737),(18 130.28549),(19 213.19821),(20 131.58012),(21 215.6269),(22 132.50336),(23 215.75473),(24 134.07616),(25 216.24805),(26 134.86113),(27 217.60966),(28 135.15529),(29 219.3898),(30 136.31749),(31 219.72304),(32 137.08131),(33 220.23172),(34 137.36432),(35 219.85303),(36 137.31638),(37 219.7237),(38 137.74487),(39 220.01399),(40 137.10132),(41 219.29121),(42 136.3536),(43 218.97177),(44 136.87456),(45 219.69283),(46 135.7849),(47 219.12617),(48 136.56969),(49 220.01215),(50 136.30644),(51 219.18385),(52 134.85991),(53 217.64905),(54 135.279),(55 216.62886),(56 134.21211),(57 216.82149),(58 134.0218),(59 216.2263),(60 132.51776),(61 216.33154),(62 133.82837),(63 215.82593),(64 133.89206),(65 216.9654),(66 135.57913),(67 218.91565),(68 137.14989),(69 221.41476),(70 137.61761),(71 222.36082),(72 139.9518),(73 223.96556),(74 140.46631),(75 222.71364),(76 141.50757),(77 224.15364),(78 140.88391),(79 223.22897),
(1 150.25801),(2 82.17426),(3 175.69922),(4 98.58992),(5 187.59818),(6 107.2176),(7 194.42165),(8 114.0537),(9 199.52055),(10 117.86236),(11 201.34312),(12 120.6159),(13 205.2993),(14 123.45346),(15 207.27374),(16 124.08684),(17 208.01274),(18 126.0303),(19 208.27022),(20 127.55694),(21 210.61188),(22 129.62347),(23 211.98549),(24 129.80157),(25 212.82008),(26 130.72429),(27 212.76471),(28 130.0168),(29 212.24101),(30 132.01782),(31 214.98839),(32 132.89777),(33 216.10704),(34 134.36377),(35 215.82663),(36 134.54669),(37 218.53433),(38 135.19533),(39 217.57487),(40 135.62657),(41 218.49625),(42 134.80559),(43 217.1635),(44 135.58984),(45 218.40572),(46 134.1487),(47 216.80775),(48 134.51762),(49 216.71165),(50 134.13112),(51 216.70612),(52 131.72589),(53 215.21613),(54 132.20285),(55 214.62047),(56 131.54347),(57 214.15457),(58 130.53151),(59 214.00746),(60 130.56743),(61 214.15868),(62 130.24167),(63 213.13725),(64 131.98772),(65 214.09755),(66 131.36935),(67 214.64496),(68 132.56015),(69 215.34367),(70 133.42473),(71 215.73378),(72 134.24043),(73 218.16045),(74 135.43463),(75 218.99353),(76 136.35341),(77 219.40668),(78 136.37404),(79 218.43222),
(1 146.03514),(2 81.62468),(3 173.44981),(4 99.46056),(5 184.11949),(6 107.26169),(7 190.36235),(8 114.04238),(9 195.97263),(10 118.4781),(11 199.12714),(12 120.88724),(13 201.09514),(14 122.50132),(15 203.11945),(16 124.82659),(17 204.20844),(18 125.72115),(19 204.6027),(20 126.876915),(21 206.45918),(22 127.33798),(23 206.3542),(24 127.73662),(25 207.05074),(26 128.3229),(27 207.46126),(28 128.2671),(29 207.3052),(30 128.81071),(31 208.05641),(32 129.25194),(33 208.76308),(34 129.68161),(35 208.5638),(36 130.73784),(37 210.23169),(38 130.8505),(39 211.04956),(40 132.2696),(41 211.36673),(42 133.74933),(43 211.84433),(44 134.68073),(45 212.80774),(46 134.71297),(47 212.8779),(48 134.36008),(49 214.19632),(50 133.82253),(51 212.75325),(52 133.19077),(53 213.11606),(54 133.03264),(55 212.88837),(56 134.02133),(57 212.78886),(58 133.11249),(59 210.82256),(60 131.68712),(61 211.76299),(62 132.66211),(63 211.95505),(64 131.92662),(65 213.31682),(66 133.74843),(67 213.74251),(68 135.39287),(69 215.18878),(70 135.49094),(71 214.6188),(72 136.53136),(73 216.49498),(74 137.38475),(75 216.96243),(76 137.29858),(77 217.07515),(78 137.4547),(79 216.32843),
(1 149.5897),(2 79.952446),(3 176.8204),(4 98.4009),(5 187.91731),(6 107.03933),(7 192.77722),(8 112.412155),(9 198.05104),(10 116.59259),(11 199.54156),(12 117.82472),(13 201.41875),(14 119.7762),(15 204.20192),(16 122.90029),(17 206.44331),(18 124.710396),(19 207.96014),(20 126.456184),(21 209.86914),(22 128.08984),(23 211.43521),(24 129.85854),(25 213.4572),(26 131.48503),(27 214.00323),(28 131.75563),(29 214.35033),(30 132.08897),(31 213.82239),(32 132.44391),(33 215.6888),(34 134.47188),(35 217.40817),(36 136.81197),(37 219.06897),(38 136.9816),(39 217.25082),(40 135.5788),(41 217.5775),(42 135.33527),(43 215.55818),(44 133.67868),(45 215.87932),(46 133.56726),(47 215.00525),(48 132.81496),(49 215.58864),(50 133.16551),(51 214.95009),(52 132.70918),(53 215.34117),(54 133.40181),(55 215.55344),(56 133.29599),(57 215.89188),(58 133.53784),(59 214.69095),(60 131.71547),(61 215.05215),(62 133.15083),(63 215.85675),(64 134.33304),(65 217.99738),(66 135.75587),(67 217.6883),(68 135.72656),(69 219.62624),(70 136.568),(71 219.14473),(72 136.48015),(73 219.77148),(74 137.60677),(75 220.07413),(76 137.57506),(77 219.74197),(78 136.37196),(79 218.34389),
(1 148.24298),(2 79.7123),(3 175.01811),(4 97.034294),(5 186.42712),(6 106.86327),(7 191.8068),(8 111.00205),(9 196.68826),(10 115.406105),(11 200.7934),(12 118.13068),(13 202.49104),(14 121.58087),(15 203.36198),(16 122.70614),(17 205.49484),(18 123.88927),(19 206.08714),(20 125.24593),(21 207.7761),(22 125.29398),(23 206.12328),(24 127.128624),(25 209.0527),(26 128.0231),(27 210.74916),(28 129.22069),(29 210.82841),(30 129.4697),(31 211.49556),(32 128.57893),(33 210.43436),(34 128.91966),(35 210.13887),(36 129.73766),(37 211.4009),(38 128.86896),(39 210.65398),(40 129.0499),(41 210.69801),(42 129.3417),(43 209.95555),(44 129.1338),(45 211.0834),(46 128.6828),(47 210.85541),(48 129.09059),(49 210.46172),(50 128.33034),(51 209.13573),(52 126.845406),(53 209.2631),(54 127.30177),(55 208.69537),(56 126.8905),(57 209.65758),(58 125.87299),(59 207.91011),(60 125.60944),(61 208.6162),(62 125.65734),(63 209.89397),(64 128.04399),(65 211.01128),(66 129.33818),(67 210.44),(68 129.37473),(69 212.89314),(70 129.6133),(71 212.70848),(72 132.43759),(73 216.45833),(74 134.39711),(75 216.78336),(76 134.87256),(77 217.11215),(78 134.74509),(79 217.68993),
(1 146.77032),(2 79.487816),(3 172.90822),(4 96.24164),(5 184.68822),(6 104.47136),(7 190.20276),(8 110.15187),(9 195.70294),(10 115.36446),(11 197.63751),(12 117.790436),(13 199.81464),(14 120.206375),(15 202.17351),(16 122.3242),(17 203.3906),(18 123.09883),(19 204.32779),(20 124.26156),(21 206.93408),(22 124.84109),(23 205.32742),(24 125.741),(25 207.75522),(26 127.15259),(27 209.08414),(28 127.09562),(29 208.32033),(30 127.56996),(31 208.2492),(32 127.746254),(33 209.6902),(34 128.29436),(35 209.65471),(36 128.87848),(37 210.96625),(38 129.44513),(39 212.30003),(40 130.23387),(41 214.02208),(42 130.96564),(43 212.07896),(44 132.05055),(45 212.56828),(46 129.41278),(47 211.46591),(48 129.87436),(49 211.65746),(50 130.07407),(51 211.75624),(52 129.18115),(53 211.59724),(54 129.64381),(55 212.14809),(56 130.02563),(57 212.07341),(58 130.45581),(59 212.22876),(60 130.02457),(61 211.07755),(62 130.34373),(63 212.74155),(64 129.78903),(65 214.42012),(66 130.36739),(67 212.86629),(68 131.004),(69 214.07158),(70 131.01639),(71 214.85422),(72 132.35611),(73 216.44409),(74 133.26065),(75 215.64395),(76 133.2418),(77 215.38649),(78 133.4046),(79 215.94963),
(1 144.15398),(2 79.00422),(3 169.66707),(4 95.90639),(5 182.09908),(6 105.90767),(7 187.90794),(8 110.26237),(9 192.32922),(10 113.66832),(11 194.63164),(12 117.11814),(13 197.56325),(14 120.142395),(15 200.09685),(16 122.032875),(17 201.86067),(18 123.26825),(19 202.69475),(20 124.87784),(21 204.84563),(22 126.17842),(23 205.1858),(24 127.688896),(25 206.00359),(26 128.6298),(27 206.45218),(28 127.83991),(29 206.43004),(30 128.02745),(31 205.75697),(32 129.08029),(33 208.62721),(34 129.69908),(35 208.60275),(36 130.15468),(37 210.23035),(38 131.71559),(39 209.83797),(40 131.06783),(41 211.43852),(42 130.93323),(43 208.3581),(44 130.44788),(45 209.9079),(46 130.73282),(47 208.73743),(48 130.12898),(49 208.04279),(50 130.1699),(51 208.65007),(52 129.90135),(53 208.83884),(54 130.36304),(55 207.67032),(56 129.49414),(57 207.92986),(58 130.09875),(59 206.56258),(60 128.4399),(61 206.0839),(62 128.86765),(63 206.79555),(64 130.30771),(65 207.96138),(66 130.41087),(67 209.18289),(68 131.17409),(69 211.1574),(70 132.09448),(71 210.98103),(72 132.78934),(73 211.47429),(74 133.62965),(75 211.34352),(76 132.83084),(77 212.13757),(78 131.89993),(79 209.88486),
(1 142.6533),(2 77.42641),(3 168.81842),(4 95.43452),(5 181.06276),(6 103.67041),(7 185.04085),(8 106.76127),(9 189.99554),(10 112.41568),(11 193.76411),(12 115.33185),(13 195.96117),(14 117.598045),(15 197.9523),(16 119.15152),(17 198.30013),(18 119.31509),(19 198.8467),(20 121.33351),(21 201.18117),(22 123.0446),(23 202.62271),(24 124.38179),(25 204.09082),(26 125.075615),(27 203.71948),(28 125.21205),(29 204.0629),(30 125.40706),(31 204.55406),(32 126.82706),(33 205.65424),(34 126.90406),(35 204.46782),(36 126.9494),(37 205.66544),(38 127.85903),(39 205.48688),(40 127.49371),(41 206.05405),(42 128.77245),(43 206.50568),(44 128.44226),(45 207.06277),(46 128.69589),(47 205.79713),(48 128.36),(49 205.84877),(50 127.97716),(51 206.1197),(52 127.496956),(53 205.90747),(54 127.33101),(55 205.49081),(56 128.12627),(57 205.54027),(58 127.57323),(59 204.43692),(60 126.59552),(61 205.6959),(62 128.37244),(63 205.2136),(64 126.71378),(65 206.7407),(66 127.73927),(67 204.81013),(68 127.84215),(69 207.44574),(70 128.96494),(71 207.99658),(72 130.72987),(73 209.37547),(74 130.84009),(75 209.83707),(76 130.62971),(77 209.09302),(78 131.33464),(79 208.83813),
(1 141.29427),(2 76.49279),(3 167.1467),(4 92.895454),(5 179.01855),(6 101.62249),(7 183.93187),(8 106.7616),(9 187.52693),(10 110.486946),(11 191.04898),(12 113.54285),(13 193.93262),(14 115.787445),(15 195.04526),(16 118.05718),(17 198.39713),(18 121.36648),(19 200.73962),(20 122.960846),(21 203.90239),(22 125.186264),(23 204.31047),(24 125.52008),(25 204.86353),(26 126.19839),(27 206.02048),(28 128.5647),(29 208.25836),(30 129.30652),(31 208.23616),(32 131.09445),(33 210.13081),(34 131.45065),(35 211.12366),(36 132.75343),(37 213.06407),(38 134.21837),(39 212.5189),(40 133.72003),(41 212.11777),(42 133.6105),(43 211.30081),(44 133.04007),(45 211.33276),(46 132.40617),(47 210.98169),(48 131.16158),(49 209.5932),(50 130.36989),(51 209.32285),(52 129.36247),(53 209.01497),(54 129.64911),(55 209.71399),(56 129.34032),(57 209.05579),(58 128.40825),(59 207.48424),(60 126.7457),(61 207.76508),(62 127.345024),(63 207.89882),(64 127.02461),(65 208.07271),(66 127.503944),(67 207.36307),(68 128.20677),(69 209.58981),(70 128.87099),(71 208.99861),(72 130.46028),(73 212.31667),(74 132.41547),(75 212.03563),(76 131.3256),(77 210.31491),(78 130.028),(79 209.15384),
(1 140.69759),(2 77.418884),(3 166.37164),(4 93.35945),(5 178.70067),(6 102.69021),(7 183.54216),(8 106.74551),(9 187.39467),(10 110.96853),(11 190.20444),(12 112.32635),(13 192.19812),(14 113.65458),(15 193.36784),(16 115.47286),(17 194.62639),(18 117.68549),(19 196.24687),(20 119.302414),(21 198.70534),(22 121.08538),(23 198.52138),(24 122.58266),(25 200.63829),(26 123.44069),(27 200.52615),(28 123.507),(29 201.16055),(30 124.12958),(31 201.78358),(32 123.89874),(33 202.48872),(34 124.54127),(35 202.78671),(36 125.52903),(37 204.56993),(38 125.911064),(39 203.36497),(40 125.74753),(41 204.44226),(42 127.22926),(43 204.69669),(44 126.76926),(45 205.49968),(46 127.25675),(47 205.29814),(48 126.9917),(49 206.12383),(50 126.27452),(51 204.60216),(52 125.9131),(53 204.36986),(54 124.594765),(55 203.07329),(56 123.98742),(57 202.08319),(58 122.41683),(59 201.14423),(60 123.173676),(61 203.27644),(62 124.889656),(63 202.99097),(64 125.07692),(65 204.61192),(66 126.976654),(67 204.2141),(68 126.829994),(69 206.05449),(70 128.20242),(71 206.28658),(72 128.68045),(73 208.18912),(74 129.70517),(75 207.17503),(76 129.58676),(77 208.12526),(78 129.05133),(79 206.1845),
(1 139.86166),(2 75.3666),(3 166.14563),(4 91.14105),(5 176.26164),(6 99.63442),(7 180.83226),(8 104.691925),(9 186.01804),(10 108.61961),(11 188.07909),(12 109.98776),(13 189.56892),(14 111.59894),(15 192.25084),(16 113.6957),(17 193.31702),(18 116.16536),(19 193.78755),(20 116.61923),(21 195.62299),(22 118.504684),(23 195.35239),(24 118.430115),(25 197.85655),(26 120.56916),(27 199.41167),(28 121.55169),(29 199.84033),(30 121.40497),(31 198.82013),(32 120.722824),(33 199.64758),(34 122.03542),(35 199.88437),(36 122.771545),(37 200.5704),(38 123.285484),(39 200.18954),(40 122.34841),(41 200.73029),(42 122.661026),(43 199.61641),(44 121.84435),(45 200.0999),(46 121.806526),(47 198.90874),(48 121.86041),(49 200.2878),(50 122.143234),(51 200.14467),(52 121.87198),(53 200.9063),(54 123.044136),(55 198.83446),(56 121.98553),(57 200.8554),(58 122.19236),(59 200.32584),(60 122.58915),(61 201.34244),(62 123.50714),(63 201.58601),(64 123.822395),(65 201.21494),(66 124.301025),(67 202.55855),(68 124.31562),(69 202.8777),(70 124.55158),(71 202.4059),(72 125.94142),(73 204.53142),(74 127.51434),(75 206.9138),(76 128.33289),(77 205.79433),(78 127.08413),(79 204.34706),
(1 137.2709),(2 73.93752),(3 161.1915),(4 89.6985),(5 171.95827),(6 97.90466),(7 176.0943),(8 102.11334),(9 179.48401),(10 105.59072),(11 182.39476),(12 107.016205),(13 183.98714),(14 109.55948),(15 185.49234),(16 111.24261),(17 186.77472),(18 112.50816),(19 187.83122),(20 114.63758),(21 190.05412),(22 115.6587),(23 190.74643),(24 116.8734),(25 192.2495),(26 118.45253),(27 193.63351),(28 119.42962),(29 194.86703),(30 120.03994),(31 195.55136),(32 121.56025),(33 196.52524),(34 122.17022),(35 197.6463),(36 123.60164),(37 199.65785),(38 125.19227),(39 199.79251),(40 125.69575),(41 200.62013),(42 126.33586),(43 200.75153),(44 125.805855),(45 201.53685),(46 126.11117),(47 200.23682),(48 126.049995),(49 200.81645),(50 125.62303),(51 199.77063),(52 124.096664),(53 199.96805),(54 124.213615),(55 198.37119),(56 123.76253),(57 198.97855),(58 123.25877),(59 199.22133),(60 122.57485),(61 199.36703),(62 123.44526),(63 199.2487),(64 123.51979),(65 200.67297),(66 124.77729),(67 200.93007),(68 124.4461),(69 201.34622),(70 125.22677),(71 201.11891),(72 125.23537),(73 202.34357),(74 125.97989),(75 202.71631),(76 125.83691),(77 202.2921),(78 124.99563),(79 200.91005),
(1 135.86925),(2 72.60716),(3 159.74025),(4 88.766624),(5 170.98488),(6 97.56499),(7 177.00354),(8 102.918846),(9 181.06194),(10 105.96185),(11 184.10721),(12 108.06933),(13 184.99371),(14 109.38353),(15 185.91438),(16 110.57461),(17 188.28918),(18 112.849075),(19 190.23582),(20 115.10261),(21 192.45578),(22 117.118484),(23 194.46126),(24 118.560165),(25 195.1615),(26 120.49766),(27 195.39854),(28 120.535706),(29 196.47035),(30 120.691505),(31 195.43185),(32 119.95076),(33 196.25632),(34 120.996445),(35 196.58992),(36 122.24261),(37 198.7656),(38 122.85521),(39 198.22809),(40 121.37122),(41 197.84514),(42 122.07782),(43 196.52821),(44 121.49137),(45 198.79424),(46 122.42998),(47 197.69405),(48 122.13125),(49 198.53957),(50 122.39187),(51 197.34436),(52 121.35802),(53 196.82372),(54 121.06705),(55 195.39384),(56 120.094505),(57 196.33047),(58 120.10424),(59 196.2049),(60 120.98921),(61 198.22658),(62 121.99482),(63 197.11586),(64 121.706825),(65 198.49522),(66 122.3021),(67 197.86116),(68 122.52092),(69 199.18355),(70 122.6289),(71 198.54625),(72 123.152885),(73 199.99654),(74 123.50861),(75 200.38617),(76 124.06225),(77 200.0453),(78 124.827614),(79 200.27147),
(1 137.05502),(2 72.32406),(3 161.0728),(4 88.81045),(5 171.93478),(6 98.48631),(7 177.6835),(8 103.54102),(9 181.80525),(10 106.665375),(11 185.22931),(12 109.69188),(13 186.6438),(14 111.19535),(15 187.78932),(16 112.69665),(17 191.33508),(18 115.28858),(19 191.68265),(20 116.87265),(21 193.81218),(22 118.51492),(23 194.04382),(24 119.09097),(25 195.84073),(26 119.37607),(27 195.2974),(28 120.35586),(29 197.49683),(30 120.345055),(31 196.30132),(32 120.386375),(33 196.76714),(34 120.67582),(35 196.7008),(36 121.54932),(37 198.22548),(38 121.84848),(39 199.19273),(40 122.70783),(41 198.72609),(42 122.985535),(43 197.77357),(44 122.38382),(45 199.05487),(46 121.65778),(47 197.79523),(48 121.61862),(49 198.12042),(50 120.72645),(51 196.64851),(52 120.245094),(53 196.17073),(54 119.53134),(55 195.58356),(56 119.092545),(57 196.67184),(58 120.50217),(59 196.99301),(60 120.48091),(61 198.26807),(62 122.2418),(63 198.02156),(64 121.819305),(65 199.12242),(66 121.93626),(67 198.10703),(68 122.52021),(69 200.2317),(70 123.72911),(71 200.4429),(72 123.55735),(73 200.76173),(74 124.557846),(75 200.45483),(76 123.30248),(77 201.02144),(78 124.48799),(79 200.44785),
(1 133.50961),(2 71.27034),(3 157.44333),(4 87.0652),(5 168.7679),(6 96.33868),(7 174.66843),(8 101.23132),(9 178.85664),(10 105.95159),(11 182.38715),(12 107.81384),(13 182.52145),(14 109.38591),(15 184.70331),(16 111.03691),(17 186.12213),(18 111.72505),(19 186.96725),(20 113.35523),(21 188.1505),(22 113.899826),(23 187.91862),(24 114.0158),(25 189.12778),(26 115.26902),(27 189.12567),(28 116.69701),(29 190.48381),(30 116.55639),(31 191.22705),(32 116.94291),(33 191.57936),(34 117.428345),(35 192.86876),(36 118.18412),(37 194.40388),(38 119.10963),(39 193.94044),(40 118.98343),(41 194.00232),(42 119.653305),(43 193.91617),(44 119.8233),(45 194.02803),(46 119.39608),(47 192.97844),(48 119.27693),(49 194.2816),(50 119.416435),(51 194.29779),(52 118.11576),(53 193.22125),(54 118.47828),(55 193.56563),(56 119.40227),(57 194.02936),(58 118.732),(59 193.7255),(60 118.10593),(61 194.01888),(62 119.02186),(63 194.07886),(64 119.02635),(65 195.0621),(66 119.951126),(67 195.63614),(68 120.75734),(69 196.75253),(70 121.1067),(71 197.20941),(72 121.22418),(73 196.97823),(74 122.28102),(75 197.22961),(76 121.233315),(77 196.66127),(78 121.161255),(79 196.59775),
(1 133.28242),(2 72.00482),(3 158.71626),(4 87.12693),(5 168.32625),(6 95.33387),(7 173.59767),(8 99.09204),(9 176.8905),(10 102.82546),(11 179.81442),(12 105.4423),(13 182.73882),(14 107.09051),(15 184.8895),(16 109.50013),(17 186.19528),(18 110.54391),(19 186.04341),(20 112.156654),(21 187.97166),(22 113.51635),(23 188.07726),(24 114.114784),(25 189.5528),(26 115.006035),(27 190.26746),(28 115.47713),(29 190.8932),(30 117.00216),(31 191.68779),(32 118.21545),(33 194.27138),(34 118.96493),(35 193.81412),(36 120.17507),(37 195.73114),(38 121.327156),(39 196.05548),(40 120.5766),(41 197.04196),(42 121.21182),(43 197.11162),(44 121.725464),(45 196.93402),(46 121.00457),(47 195.5584),(48 120.42712),(49 194.9546),(50 120.19076),(51 195.26527),(52 118.52801),(53 193.08784),(54 117.74545),(55 192.60173),(56 118.19225),(57 193.00916),(58 118.19356),(59 192.05537),(60 118.26251),(61 194.08366),(62 118.95974),(63 193.6953),(64 118.433),(65 193.64468),(66 119.48419),(67 195.32782),(68 122.139786),(69 198.11816),(70 123.13837),(71 198.48984),(72 122.58607),(73 198.40477),(74 122.593),(75 198.24193),(76 123.8304),(77 199.06042),(78 124.37826),(79 198.94489),
(1 133.49284),(2 71.1427),(3 155.69737),(4 84.43705),(5 165.68298),(6 92.877075),(7 171.17812),(8 97.28616),(9 174.56285),(10 100.786545),(11 176.62117),(12 103.38415),(13 179.63284),(14 105.52974),(15 180.93977),(16 107.490234),(17 183.25148),(18 108.48642),(19 183.4137),(20 109.82498),(21 184.30115),(22 110.31041),(23 186.43268),(24 112.46924),(25 187.90884),(26 112.65389),(27 187.9264),(28 112.87851),(29 187.65025),(30 113.41604),(31 187.22624),(32 113.181625),(33 188.99712),(34 114.493126),(35 189.0909),(36 115.38857),(37 190.20648),(38 116.30766),(39 190.61182),(40 116.46699),(41 191.28336),(42 116.020615),(43 190.96349),(44 116.551865),(45 190.39674),(46 114.8975),(47 189.27808),(48 115.96832),(49 190.05626),(50 116.292206),(51 190.59775),(52 115.31339),(53 190.32816),(54 115.695274),(55 190.14688),(56 116.54545),(57 190.25882),(58 115.483795),(59 189.61658),(60 114.88784),(61 190.46132),(62 116.10666),(63 190.66087),(64 117.479546),(65 192.33188),(66 117.94741),(67 191.93636),(68 118.32743),(69 193.99663),(70 119.41772),(71 194.58417),(72 119.52101),(73 195.5369),(74 120.22932),(75 197.159),(76 120.66871),(77 196.77939),(78 122.37723),(79 196.2735),
(1 132.23485),(2 70.82808),(3 156.72389),(4 85.67753),(5 165.84747),(6 94.10003),(7 171.84267),(8 99.615746),(9 176.8525),(10 103.73421),(11 178.81674),(12 104.95121),(13 180.46547),(14 107.508385),(15 181.37244),(16 108.52473),(17 181.71983),(18 109.10724),(19 183.90369),(20 111.16188),(21 185.47867),(22 111.73081),(23 186.12411),(24 113.2416),(25 187.11884),(26 112.69569),(27 187.50331),(28 113.45919),(29 188.16707),(30 114.1288),(31 187.97821),(32 114.144615),(33 188.90881),(34 114.374275),(35 189.71312),(36 114.827354),(37 189.8416),(38 116.35846),(39 190.13385),(40 116.86774),(41 191.79593),(42 117.673134),(43 191.75383),(44 118.841225),(45 192.64053),(46 117.373924),(47 192.32771),(48 117.966606),(49 192.79828),(50 116.46303),(51 190.90672),(52 115.66751),(53 190.33777),(54 115.55499),(55 190.32611),(56 115.48028),(57 191.0882),(58 116.54133),(59 191.99487),(60 116.86101),(61 192.69167),(62 116.95531),(63 192.18205),(64 117.46725),(65 194.03386),(66 117.92349),(67 194.20633),(68 119.3427),(69 195.48734),(70 121.093796),(71 196.96767),(72 121.22244),(73 197.71019),(74 122.10947),(75 197.58606),(76 122.09886),(77 198.50012),(78 122.712875),(79 199.26012),
(1 133.8391),(2 71.15264),(3 157.10439),(4 85.97449),(5 166.53731),(6 94.47338),(7 172.91797),(8 99.927185),(9 177.96786),(10 105.23212),(11 181.42825),(12 107.500824),(13 184.93086),(14 110.716255),(15 187.19894),(16 112.96124),(17 190.08206),(18 115.07908),(19 190.1924),(20 115.99739),(21 192.14952),(22 117.60127),(23 193.77313),(24 119.9438),(25 196.07347),(26 121.36267),(27 197.95099),(28 121.71123),(29 197.36815),(30 121.873764),(31 195.82233),(32 120.71388),(33 195.66733),(34 121.06023),(35 196.25041),(36 122.72661),(37 197.8029),(38 122.68617),(39 197.28023),(40 121.308136),(41 196.65514),(42 121.552956),(43 197.15927),(44 122.07961),(45 198.0745),(46 121.344696),(47 196.06564),(48 121.169846),(49 196.61908),(50 121.79028),(51 195.97122),(52 119.57755),(53 195.44423),(54 118.6777),(55 193.9426),(56 118.860054),(57 195.82701),(58 119.28798),(59 194.42036),(60 118.9518),(61 194.36995),(62 118.97456),(63 195.4273),(64 119.97981),(65 196.55006),(66 119.44854),(67 195.51256),(68 120.22902),(69 196.57658),(70 121.38188),(71 197.04736),(72 121.990105),(73 197.76457),(74 122.675476),(75 197.9473),(76 121.95314),(77 199.0112),(78 122.50458),(79 199.08586),
(1 129.17746),(2 69.30512),(3 151.3169),(4 84.27833),(5 161.51393),(6 91.93194),(7 166.73839),(8 96.2686),(9 171.16711),(10 100.426254),(11 173.10342),(12 103.00216),(13 176.21884),(14 106.301895),(15 179.56207),(16 107.39387),(17 180.61824),(18 109.80041),(19 181.10744),(20 109.804756),(21 182.49493),(22 110.80878),(23 182.98636),(24 112.006454),(25 184.02849),(26 112.9941),(27 184.66194),(28 113.11709),(29 184.54723),(30 113.91963),(31 183.56645),(32 112.87639),(33 184.37927),(34 113.6063),(35 184.78333),(36 115.24847),(37 187.10797),(38 116.60356),(39 187.66267),(40 115.819725),(41 187.22707),(42 116.29951),(43 187.8003),(44 115.9421),(45 187.13342),(46 116.19409),(47 187.07841),(48 116.71305),(49 187.68935),(50 116.36991),(51 186.94292),(52 116.187546),(53 187.7829),(54 116.35053),(55 186.48616),(56 115.23622),(57 185.96906),(58 114.71436),(59 186.1395),(60 114.23513),(61 187.05681),(62 116.45524),(63 188.00238),(64 116.72754),(65 188.69363),(66 117.03419),(67 188.98541),(68 118.369965),(69 190.05067),(70 118.74635),(71 190.64394),(72 119.01046),(73 189.74547),(74 119.591324),(75 190.69724),(76 119.22338),(77 192.1099),(78 120.96627),(79 191.74597),
(1 130.16711),(2 67.84944),(3 152.14827),(4 83.46981),(5 162.90509),(6 91.57759),(7 167.91342),(8 95.99054),(9 172.44133),(10 100.06412),(11 174.44666),(12 101.88019),(13 176.98389),(14 105.05588),(15 179.47769),(16 106.959404),(17 181.1772),(18 108.937454),(19 182.31322),(20 110.66747),(21 184.55418),(22 112.23977),(23 184.6198),(24 112.98967),(25 185.49971),(26 113.733765),(27 186.59828),(28 113.43394),(29 186.04929),(30 113.8364),(31 185.92076),(32 114.10765),(33 188.01413),(34 114.57042),(35 188.2642),(36 115.39438),(37 189.20499),(38 117.389854),(39 190.17508),(40 116.9082),(41 190.42747),(42 117.509605),(43 190.39813),(44 117.33462),(45 190.13545),(46 116.1598),(47 188.48701),(48 115.36131),(49 189.00562),(50 114.31138),(51 187.8403),(52 114.04057),(53 186.55907),(54 113.281746),(55 186.03131),(56 112.4672),(57 186.47672),(58 112.47549),(59 185.92213),(60 112.26452),(61 186.17776),(62 112.28459),(63 186.62167),(64 112.97596),(65 188.09735),(66 114.60659),(67 189.58913),(68 116.55395),(69 190.73547),(70 116.492905),(71 190.11635),(72 118.05588),(73 191.06981),(74 118.52364),(75 191.30135),(76 118.06792),(77 192.09106),(78 118.24197),(79 191.94647),
(1 127.144615),(2 67.145676),(3 149.49855),(4 83.2224),(5 159.69136),(6 90.80447),(7 163.57814),(8 95.65438),(9 168.93446),(10 100.00846),(11 171.8706),(12 102.83914),(13 175.0458),(14 105.16008),(15 176.93446),(16 106.29587),(17 178.83502),(18 108.154816),(19 180.3062),(20 111.271965),(21 182.79587),(22 112.294876),(23 182.27802),(24 112.32836),(25 183.6661),(26 114.36047),(27 185.32596),(28 114.14084),(29 184.95125),(30 114.59391),(31 184.6877),(32 115.41621),(33 186.08499),(34 115.57716),(35 185.15512),(36 115.55197),(37 186.19366),(38 116.18538),(39 185.78958),(40 115.0405),(41 184.96117),(42 114.66887),(43 183.02153),(44 114.19914),(45 183.86787),(46 113.89495),(47 183.18245),(48 113.30357),(49 183.35316),(50 113.27777),(51 183.25758),(52 112.85493),(53 182.92403),(54 111.71998),(55 180.70934),(56 112.2394),(57 182.55841),(58 111.84687),(59 181.98456),(60 112.378365),(61 184.21175),(62 113.75731),(63 185.03386),(64 114.10028),(65 185.65616),(66 114.69688),(67 185.09962),(68 114.55945),(69 186.17163),(70 114.740906),(71 186.19044),(72 114.98236),(73 187.26807),(74 116.08307),(75 187.18112),(76 115.431656),(77 187.52269),(78 116.037865),(79 187.2833),
(1 128.16002),(2 67.796165),(3 150.99261),(4 82.763954),(5 160.99326),(6 91.36465),(7 166.76088),(8 96.438095),(9 171.81454),(10 101.49648),(11 175.41905),(12 104.31455),(13 176.79703),(14 107.40534),(15 180.24252),(16 109.5269),(17 182.19865),(18 111.064384),(19 183.67387),(20 112.72449),(21 184.91563),(22 113.946686),(23 186.85316),(24 115.86438),(25 187.38672),(26 116.68352),(27 189.56052),(28 117.639046),(29 189.68283),(30 118.56354),(31 189.52216),(32 119.01777),(33 191.2177),(34 119.83682),(35 191.80272),(36 121.14793),(37 193.0973),(38 122.27584),(39 192.80307),(40 120.40749),(41 192.06229),(42 120.69407),(43 192.2722),(44 120.3026),(45 192.78842),(46 120.42234),(47 191.04161),(48 118.85708),(49 190.57414),(50 117.48292),(51 189.00458),(52 116.34369),(53 187.98605),(54 114.82598),(55 187.23534),(56 115.2663),(57 187.84207),(58 114.93043),(59 186.69453),(60 115.45042),(61 188.25224),(62 116.696526),(63 190.62413),(64 117.75155),(65 191.20837),(66 117.32419),(67 190.19463),(68 118.97156),(69 191.53542),(70 119.541374),(71 192.00082),(72 118.36129),(73 191.46977),(74 119.99874),(75 192.42015),(76 119.50345),(77 192.62357),(78 119.58313),(79 192.64769),
(1 126.493126),(2 67.046455),(3 149.04863),(4 81.67018),(5 158.89545),(6 89.91873),(7 163.9465),(8 94.593666),(9 167.65433),(10 98.66007),(11 170.32489),(12 101.18294),(13 173.0731),(14 103.88926),(15 175.40555),(16 105.672195),(17 177.31148),(18 107.56413),(19 178.07104),(20 109.277306),(21 180.33006),(22 109.87937),(23 181.32092),(24 111.16526),(25 182.87175),(26 112.96239),(27 184.2923),(28 113.98741),(29 184.49818),(30 113.48136),(31 184.28279),(32 114.02867),(33 185.85593),(34 114.876755),(35 186.13596),(36 116.33631),(37 188.91214),(38 117.48297),(39 188.9523),(40 118.0589),(41 189.48137),(42 117.460846),(43 188.99023),(44 117.434784),(45 189.93745),(46 116.879326),(47 188.20268),(48 117.6018),(49 189.1995),(50 116.54188),(51 188.99939),(52 115.88921),(53 188.02214),(54 114.1972),(55 186.47632),(56 114.92312),(57 187.16986),(58 113.47071),(59 185.8639),(60 112.67344),(61 186.18571),(62 114.53169),(63 187.30214),(64 115.14949),(65 187.768),(66 115.20456),(67 188.73055),(68 115.84672),(69 190.16019),(70 117.626884),(71 189.48903),(72 117.92265),(73 190.9055),(74 118.337204),(75 192.39716),(76 119.320366),(77 192.12366),(78 118.68188),(79 190.60298),
(1 124.99766),(2 67.41086),(3 149.89287),(4 82.94685),(5 159.59615),(6 90.41624),(7 163.4822),(8 94.56701),(9 167.3687),(10 98.5509),(11 169.4928),(12 100.33639),(13 171.69365),(14 101.684074),(15 173.48756),(16 103.52416),(17 175.30807),(18 104.98054),(19 175.21066),(20 104.86824),(21 175.60796),(22 105.97692),(23 177.19101),(24 107.03698),(25 177.45601),(26 107.72685),(27 179.07332),(28 108.124405),(29 178.86127),(30 109.46986),(31 179.003),(32 109.01127),(33 179.65337),(34 110.37327),(35 180.50551),(36 111.03671),(37 180.53874),(38 110.05584),(39 179.72377),(40 109.809074),(41 181.07973),(42 111.17573),(43 181.337),(44 111.55747),(45 182.51068),(46 112.90369),(47 182.77126),(48 113.19003),(49 184.0392),(50 113.13409),(51 183.89937),(52 113.0747),(53 183.36145),(54 112.6755),(55 183.6382),(56 112.73021),(57 184.63858),(58 112.72588),(59 182.1619),(60 111.575874),(61 184.04689),(62 113.0028),(63 184.28716),(64 112.73931),(65 184.35385),(66 113.4306),(67 184.78783),(68 114.27324),(69 186.05634),(70 114.39198),(71 185.95601),(72 114.65654),(73 186.8475),(74 115.276474),(75 187.213),(76 114.360016),(77 186.2323),(78 114.845795),(79 186.33995),
(1 125.95053),(2 66.37329),(3 149.06676),(4 80.91285),(5 157.4597),(6 89.41032),(7 163.56876),(8 93.884186),(9 167.64394),(10 97.8065),(11 169.96109),(12 100.06315),(13 172.42987),(14 101.13635),(15 173.63663),(16 103.05868),(17 174.96815),(18 104.55872),(19 176.06717),(20 105.390396),(21 176.64929),(22 106.79799),(23 177.42772),(24 108.42241),(25 179.59393),(26 109.79166),(27 180.1631),(28 109.2963),(29 180.45815),(30 109.80745),(31 180.7068),(32 110.0931),(33 182.16132),(34 112.320305),(35 183.16922),(36 113.62671),(37 183.98865),(38 115.073074),(39 185.06937),(40 113.64697),(41 185.70084),(42 116.45968),(43 186.87375),(44 116.50171),(45 186.38705),(46 116.613),(47 185.99832),(48 116.92267),(49 187.48407),(50 116.32502),(51 188.33725),(52 116.303535),(53 187.5677),(54 116.40127),(55 186.73956),(56 117.043465),(57 188.49724),(58 116.86406),(59 186.2275),(60 115.47227),(61 186.33963),(62 115.51177),(63 187.19148),(64 116.0678),(65 187.90186),(66 116.34503),(67 187.12141),(68 117.66512),(69 189.62349),(70 117.74149),(71 189.02116),(72 118.26099),(73 189.64873),(74 118.70557),(75 190.20409),(76 118.278625),(77 190.88454),(78 119.048225),(79 190.17337),
(1 122.84008),(2 64.873245),(3 144.72421),(4 79.25756),(5 153.9437),(6 87.23612),(7 159.11116),(8 92.32438),(9 163.09442),(10 95.291374),(11 166.70485),(12 98.235405),(13 167.95853),(14 99.967384),(15 169.48137),(16 102.09474),(17 171.34079),(18 103.547165),(19 173.47168),(20 104.8928),(21 174.86942),(22 107.629555),(23 174.9667),(24 107.428474),(25 176.24493),(26 108.127144),(27 177.41376),(28 109.83176),(29 178.43082),(30 110.63628),(31 178.03665),(32 109.74248),(33 178.81017),(34 110.56618),(35 179.45847),(36 111.06112),(37 180.32687),(38 111.51678),(39 180.6047),(40 111.83406),(41 181.4342),(42 113.38882),(43 180.92464),(44 112.15516),(45 180.01936),(46 111.24284),(47 178.58537),(48 110.48024),(49 179.59126),(50 110.38671),(51 180.2158),(52 111.11242),(53 181.1191),(54 110.740456),(55 179.8152),(56 111.81988),(57 181.09793),(58 110.88187),(59 180.37871),(60 110.902824),(61 181.5891),(62 111.77995),(63 182.27373),(64 112.860954),(65 183.91727),(66 112.68978),(67 183.30696),(68 113.99958),(69 184.62106),(70 115.85045),(71 185.52988),(72 115.69101),(73 185.85182),(74 116.75557),(75 186.891),(76 117.331535),(77 187.99144),(78 117.39856),(79 186.25957),
(1 125.11952),(2 65.02556),(3 147.11972),(4 80.40057),(5 157.02916),(6 89.24663),(7 162.12526),(8 94.02586),(9 167.1496),(10 98.01886),(11 169.9984),(12 99.77482),(13 171.76389),(14 100.94812),(15 173.3205),(16 102.80385),(17 174.10614),(18 104.286934),(19 174.74739),(20 103.61773),(21 175.493),(22 105.444954),(23 175.04834),(24 105.685844),(25 176.7951),(26 106.751),(27 178.0099),(28 107.18972),(29 178.34949),(30 107.52505),(31 177.8033),(32 107.93622),(33 177.90128),(34 108.12276),(35 179.07695),(36 109.44543),(37 180.20396),(38 110.27378),(39 180.69083),(40 110.36946),(41 181.6989),(42 111.33032),(43 181.77275),(44 110.81892),(45 182.25133),(46 111.50747),(47 180.6657),(48 109.86053),(49 180.39417),(50 109.14952),(51 178.98657),(52 108.47501),(53 180.4114),(54 108.64787),(55 179.7598),(56 109.10963),(57 180.49498),(58 109.68092),(59 180.79865),(60 110.76172),(61 183.768),(62 113.02948),(63 184.8062),(64 114.1832),(65 186.24506),(66 114.84205),(67 185.78352),(68 114.845604),(69 187.49196),(70 116.99632),(71 187.0177),(72 115.92588),(73 187.84448),(74 116.61059),(75 187.85669),(76 116.13673),(77 187.10115),(78 116.7232),(79 186.67642),
(1 122.42348),(2 64.33967),(3 143.71161),(4 78.36681),(5 153.63849),(6 86.07929),(7 158.26295),(8 90.22172),(9 162.52864),(10 93.63547),(11 163.88391),(12 94.819534),(13 166.22183),(14 97.280205),(15 168.65784),(16 99.36317),(17 170.2854),(18 101.15512),(19 171.22943),(20 103.01024),(21 173.56006),(22 105.52268),(23 174.3526),(24 105.72769),(25 175.64804),(26 106.69834),(27 176.34578),(28 107.304405),(29 177.19958),(30 108.31375),(31 176.99118),(32 108.1339),(33 178.43721),(34 109.33151),(35 178.0619),(36 109.122635),(37 178.88324),(38 110.06615),(39 179.17404),(40 109.09177),(41 179.81963),(42 109.85597),(43 178.51772),(44 109.26538),(45 179.2847),(46 110.24323),(47 179.74051),(48 111.049385),(49 180.68999),(50 110.99175),(51 180.41168),(52 111.803215),(53 181.7285),(54 110.78892),(55 180.38931),(56 110.828926),(57 180.80423),(58 110.86156),(59 179.62048),(60 110.5356),(61 180.64424),(62 111.53496),(63 180.78944),(64 111.11218),(65 180.50827),(66 111.41834),(67 181.04472),(68 112.10608),(69 182.30272),(70 113.25326),(71 181.8725),(72 112.98742),(73 182.60344),(74 113.48315),(75 182.8194),(76 113.227264),(77 182.23116),(78 113.49066),(79 181.80441),
(1 123.256775),(2 63.537308),(3 144.83115),(4 77.53542),(5 154.67065),(6 85.77478),(7 160.48288),(8 90.328384),(9 163.53668),(10 93.44638),(11 165.80257),(12 95.90101),(13 167.7802),(14 98.33634),(15 169.65121),(16 100.53023),(17 171.33704),(18 101.300835),(19 170.84921),(20 101.52728),(21 173.02458),(22 104.01308),(23 174.4777),(24 104.58485),(25 174.6762),(26 104.4476),(27 174.8616),(28 104.72815),(29 175.45932),(30 105.84767),(31 174.39445),(32 105.87979),(33 176.08772),(34 106.78278),(35 176.75887),(36 107.03346),(37 177.28764),(38 107.93863),(39 178.159),(40 108.84314),(41 179.5746),(42 108.98653),(43 179.5763),(44 108.73816),(45 179.2485),(46 109.38867),(47 179.88431),(48 108.78139),(49 178.21053),(50 107.9382),(51 178.11172),(52 108.9486),(53 178.60707),(54 108.35216),(55 177.78928),(56 106.97653),(57 177.5523),(58 106.895325),(59 177.30264),(60 106.772736),(61 177.96387),(62 107.05815),(63 178.51039),(64 108.539825),(65 179.71788),(66 108.81648),(67 180.12482),(68 109.60721),(69 180.14369),(70 109.58128),(71 179.41348),(72 110.42085),(73 180.78854),(74 111.008995),(75 182.20343),(76 110.975716),(77 182.90091),(78 111.460846),(79 182.78006),
(1 125.07502),(2 63.962524),(3 146.2392),(4 78.69697),(5 155.12383),(6 85.84294),(7 160.12335),(8 91.06683),(9 164.69072),(10 96.23428),(11 167.95345),(12 99.21445),(13 171.32516),(14 101.917854),(15 173.60785),(16 103.6355),(17 175.6817),(18 105.621735),(19 174.95415),(20 105.32879),(21 177.50638),(22 107.64734),(23 177.84918),(24 107.66115),(25 179.10684),(26 109.47861),(27 180.41234),(28 109.37748),(29 179.97536),(30 109.9585),(31 179.25949),(32 110.71831),(33 181.56107),(34 111.610016),(35 181.34654),(36 112.3562),(37 182.86987),(38 113.161644),(39 183.46353),(40 112.79504),(41 183.66177),(42 112.499306),(43 182.90161),(44 112.20829),(45 183.10149),(46 112.84247),(47 182.45465),(48 112.73424),(49 183.14227),(50 112.25996),(51 183.0183),(52 112.27036),(53 183.34341),(54 112.48432),(55 182.88193),(56 112.621185),(57 183.33368),(58 111.99824),(59 182.97665),(60 112.20485),(61 184.58665),(62 113.86287),(63 185.70839),(64 115.16413),(65 186.99109),(66 116.14331),(67 187.79585),(68 117.15816),(69 188.50562),(70 117.65519),(71 189.42331),(72 117.981155),(73 189.51874),(74 118.64534),(75 190.2422),(76 118.90568),(77 190.58934),(78 118.68833),(79 189.45178),
(1 118.26782),(2 62.70707),(3 140.00996),(4 77.344055),(5 148.77974),(6 84.36813),(7 152.77704),(8 88.77907),(9 157.87723),(10 93.50459),(11 159.557),(12 94.611206),(13 162.14949),(14 97.084335),(15 164.86058),(16 99.472046),(17 166.72849),(18 101.71948),(19 167.37479),(20 102.1922),(21 169.35347),(22 103.353),(23 168.82631),(24 103.27174),(25 169.67986),(26 104.322685),(27 170.59029),(28 104.11445),(29 170.39482),(30 104.97662),(31 170.0616),(32 104.90736),(33 170.25363),(34 104.79457),(35 170.98865),(36 105.62318),(37 171.77008),(38 105.984344),(39 171.36842),(40 106.156075),(41 172.46362),(42 106.84126),(43 172.50908),(44 106.91625),(45 173.57494),(46 107.08167),(47 173.10594),(48 106.938965),(49 173.38362),(50 107.12967),(51 173.17912),(52 106.97853),(53 173.70044),(54 107.00693),(55 172.8552),(56 107.052155),(57 173.87492),(58 106.45321),(59 172.65521),(60 105.67817),(61 172.69478),(62 106.38231),(63 173.26889),(64 106.64247),(65 174.06554),(66 107.701035),(67 174.78574),(68 108.63193),(69 174.84525),(70 109.081985),(71 175.01334),(72 110.01876),(73 176.15112),(74 110.03168),(75 177.55898),(76 110.93248),(77 177.15309),(78 110.4931),(79 176.74382),
(1 120.92672),(2 62.43269),(3 142.9074),(4 76.344345),(5 151.67793),(6 84.059685),(7 156.92929),(8 88.675354),(9 160.58405),(10 91.99393),(11 161.9506),(12 93.637566),(13 164.99805),(14 96.04788),(15 167.03062),(16 97.63865),(17 167.62096),(18 99.25502),(19 168.32033),(20 100.415825),(21 171.11229),(22 102.22347),(23 170.7185),(24 102.85516),(25 173.04453),(26 104.59645),(27 173.63634),(28 105.516945),(29 174.6925),(30 105.82227),(31 173.9146),(32 105.216354),(33 174.55826),(34 105.98051),(35 175.82124),(36 106.52733),(37 177.24394),(38 108.903496),(39 177.2029),(40 107.14995),(41 177.67708),(42 108.107445),(43 177.15872),(44 108.02058),(45 176.72633),(46 107.09217),(47 176.46191),(48 106.90501),(49 175.43889),(50 105.98283),(51 176.25725),(52 106.48096),(53 175.89859),(54 106.22419),(55 174.5999),(56 105.61877),(57 176.06772),(58 106.67581),(59 176.28752),(60 107.374374),(61 177.19647),(62 107.670494),(63 177.66766),(64 108.67496),(65 178.80789),(66 108.49321),(67 178.48845),(68 109.47754),(69 180.6591),(70 110.360695),(71 180.64717),(72 111.07095),(73 182.59944),(74 112.3838),(75 185.04652),(76 113.99642),(77 184.88338),(78 114.73201),(79 183.89793),
(1 119.28673),(2 62.59855),(3 141.88934),(4 76.80772),(5 149.18253),(6 83.64005),(7 154.58713),(8 88.16902),(9 158.77502),(10 91.68107),(11 161.3145),(12 94.69007),(13 163.94499),(14 96.26367),(15 165.48557),(16 98.6888),(17 167.50279),(18 99.22157),(19 166.9513),(20 99.589836),(21 168.05348),(22 101.05491),(23 168.908),(24 101.74725),(25 170.48796),(26 102.76195),(27 171.31728),(28 103.679016),(29 171.17871),(30 103.27282),(31 169.81897),(32 102.65667),(33 170.98605),(34 103.40288),(35 170.35626),(36 103.73954),(37 172.69232),(38 104.4253),(39 172.30507),(40 104.29588),(41 172.30627),(42 104.7142),(43 171.98552),(44 106.06738),(45 173.493),(46 105.68438),(47 172.98009),(48 105.61448),(49 172.73955),(50 105.62842),(51 174.34514),(52 104.718445),(53 173.03223),(54 104.91496),(55 171.14897),(56 103.947914),(57 172.22365),(58 104.170494),(59 171.94495),(60 104.976),(61 173.89377),(62 105.172424),(63 173.23761),(64 105.29021),(65 173.83151),(66 105.18345),(67 173.5344),(68 105.876656),(69 175.32718),(70 106.386284),(71 174.83157),(72 106.05704),(73 176.38606),(74 107.26285),(75 176.00053),(76 107.27312),(77 176.97365),(78 107.546524),(79 175.75038),
(1 119.12527),(2 61.135727),(3 140.50487),(4 75.483406),(5 148.75935),(6 82.885086),(7 154.26071),(8 87.39107),(9 157.94614),(10 90.533356),(11 160.139),(12 92.44883),(13 161.62445),(14 94.00323),(15 163.2818),(16 95.973755),(17 164.52168),(18 97.245155),(19 165.62375),(20 98.41942),(21 167.31357),(22 99.93788),(23 167.32603),(24 99.835014),(25 168.7653),(26 101.5558),(27 169.66043),(28 102.693085),(29 170.4529),(30 103.57165),(31 170.94106),(32 102.833275),(33 171.24641),(34 102.79583),(35 170.91206),(36 103.68833),(37 172.29936),(38 104.48593),(39 172.34709),(40 103.266335),(41 171.04805),(42 102.898285),(43 170.03035),(44 102.62609),(45 169.97673),(46 102.27504),(47 169.53105),(48 103.250725),(49 170.3399),(50 102.78149),(51 172.4327),(52 103.240555),(53 171.19084),(54 103.44163),(55 170.78154),(56 103.49505),(57 171.9493),(58 104.34222),(59 171.43277),(60 105.41947),(61 174.2403),(62 105.26794),(63 173.98534),(64 106.13509),(65 174.54211),(66 106.12207),(67 174.23093),(68 106.24573),(69 175.18271),(70 106.475975),(71 174.7383),(72 105.794586),(73 175.42867),(74 106.90625),(75 175.17096),(76 105.91648),(77 174.99904),(78 106.54489),(79 175.09229),
(1 121.12526),(2 61.734016),(3 142.19211),(4 76.006615),(5 151.38423),(6 83.575905),(7 156.84512),(8 88.93524),(9 160.97728),(10 93.12194),(11 164.28659),(12 95.39274),(13 165.07008),(14 97.37685),(15 166.97166),(16 100.02695),(17 169.2435),(18 100.63813),(19 169.11165),(20 101.57655),(21 170.32356),(22 102.46978),(23 171.28752),(24 103.75438),(25 173.19704),(26 104.45614),(27 173.0973),(28 104.4693),(29 174.17888),(30 105.08719),(31 174.13196),(32 105.39007),(33 174.89165),(34 105.90712),(35 175.58221),(36 106.15729),(37 177.39258),(38 106.94935),(39 176.72441),(40 107.460266),(41 176.8618),(42 107.42492),(43 176.64981),(44 107.230934),(45 176.55554),(46 106.738945),(47 175.84251),(48 105.68785),(49 175.76953),(50 105.63721),(51 176.70117),(52 105.81815),(53 177.35352),(54 106.43319),(55 176.00325),(56 106.744286),(57 177.50916),(58 106.86655),(59 176.05177),(60 106.19092),(61 177.04373),(62 106.41494),(63 176.8148),(64 106.36412),(65 177.72198),(66 107.02557),(67 178.57697),(68 108.3877),(69 179.52507),(70 109.13689),(71 179.96304),(72 109.643776),(73 179.75305),(74 109.65834),(75 181.53043),(76 109.835655),(77 181.76802),(78 109.92741),(79 181.4745),
(1 115.30828),(2 60.17879),(3 135.41003),(4 74.512726),(5 145.04219),(6 82.25229),(7 149.90279),(8 86.47538),(9 154.37862),(10 90.467026),(11 157.6065),(12 93.35425),(13 159.74104),(14 96.16044),(15 162.6608),(16 98.48878),(17 165.1666),(18 99.578316),(19 165.0491),(20 100.74056),(21 166.49449),(22 101.749245),(23 166.41127),(24 102.75887),(25 168.4482),(26 104.024315),(27 169.1483),(28 103.429344),(29 168.22733),(30 103.15278),(31 167.91754),(32 103.181335),(33 167.99808),(34 102.746025),(35 167.41586),(36 103.255684),(37 168.4967),(38 103.771576),(39 169.17412),(40 103.97882),(41 169.56555),(42 104.96533),(43 170.20767),(44 105.59844),(45 171.05545),(46 104.90334),(47 169.46344),(48 103.98864),(49 168.8932),(50 103.49427),(51 169.0348),(52 103.42752),(53 168.8145),(54 102.81156),(55 167.8885),(56 101.61343),(57 168.5576),(58 102.61375),(59 169.34189),(60 103.41475),(61 170.00441),(62 104.11473),(63 169.86583),(64 104.909584),(65 171.46234),(66 105.36739),(67 171.04791),(68 106.18854),(69 172.6898),(70 107.73383),(71 173.21324),(72 107.85807),(73 175.02159),(74 108.53791),(75 174.25723),(76 107.87327),(77 174.05167),(78 107.7885),(79 173.83446),
(1 117.710205),(2 59.96391),(3 137.6809),(4 74.08639),(5 147.80772),(6 82.09629),(7 152.37329),(8 86.08949),(9 156.34862),(10 89.97085),(11 158.45265),(12 92.00373),(13 161.00543),(14 94.568275),(15 163.78488),(16 96.49203),(17 165.2696),(18 98.32295),(19 165.095),(20 99.52565),(21 166.89508),(22 100.007996),(23 166.90642),(24 101.11234),(25 168.08379),(26 101.31776),(27 168.77974),(28 102.14058),(29 169.4145),(30 102.35948),(31 169.46811),(32 102.80891),(33 169.03583),(34 101.904144),(35 168.65523),(36 102.21116),(37 168.74629),(38 102.68789),(39 170.12325),(40 102.702034),(41 169.27882),(42 102.316055),(43 168.41078),(44 102.11273),(45 169.3929),(46 102.22965),(47 168.32898),(48 101.49759),(49 168.7111),(50 102.18448),(51 168.76599),(52 101.67213),(53 168.51096),(54 101.18805),(55 168.1922),(56 101.094215),(57 168.92754),(58 100.79236),(59 167.24539),(60 101.31465),(61 169.28555),(62 102.7444),(63 169.72318),(64 102.68607),(65 172.09488),(66 105.39636),(67 172.60893),(68 105.80659),(69 173.9875),(70 106.62238),(71 173.21808),(72 106.420425),(73 174.81415),(74 107.15384),(75 175.14294),(76 107.12733),(77 174.27089),(78 107.15983),(79 174.75113),
(1 117.14425),(2 59.205883),(3 137.156),(4 74.013885),(5 146.16443),(6 81.54384),(7 151.11723),(8 84.97099),(9 155.02629),(10 89.172104),(11 157.18701),(12 91.738014),(13 160.00789),(14 93.397484),(15 161.6149),(16 94.0205),(17 161.10876),(18 94.6425),(19 160.87209),(20 95.792885),(21 162.29115),(22 96.19425),(23 163.323),(24 97.68327),(25 164.26224),(26 99.567406),(27 165.17204),(28 99.614),(29 166.7329),(30 101.67665),(31 167.13232),(32 102.80661),(33 168.25218),(34 102.46936),(35 168.4452),(36 103.30638),(37 169.81558),(38 104.214836),(39 170.11613),(40 104.06203),(41 170.52014),(42 104.47039),(43 170.19289),(44 104.51648),(45 171.2158),(46 105.10823),(47 170.78305),(48 104.66642),(49 170.91805),(50 104.97813),(51 172.09476),(52 104.457344),(53 170.95213),(54 103.533745),(55 169.66359),(56 102.80439),(57 170.64696),(58 102.88066),(59 169.43678),(60 102.54234),(61 170.88719),(62 102.71605),(63 170.74156),(64 103.12407),(65 172.62428),(66 104.21218),(67 171.65483),(68 104.47191),(69 173.25818),(70 105.15074),(71 172.30336),(72 105.08852),(73 173.03195),(74 105.64108),(75 174.70993),(76 105.76297),(77 174.25233),(78 105.944244),(79 173.26242),
(1 117.70308),(2 58.66156),(3 138.23706),(4 73.18815),(5 147.61787),(6 80.91551),(7 152.3633),(8 86.38781),(9 157.5156),(10 90.13342),(11 159.63203),(12 90.98594),(13 160.91164),(14 93.912506),(15 164.08723),(16 95.71792),(17 165.42113),(18 96.73729),(19 164.95792),(20 97.88035),(21 166.63264),(22 98.67579),(23 166.6662),(24 99.07251),(25 167.20183),(26 100.24702),(27 168.7272),(28 101.44334),(29 169.33687),(30 101.9234),(31 168.92673),(32 102.185135),(33 171.3318),(34 103.24554),(35 170.95793),(36 103.59452),(37 172.19846),(38 103.3144),(39 172.09044),(40 103.0822),(41 171.79648),(42 103.700874),(43 171.41129),(44 102.974106),(45 170.86855),(46 102.46616),(47 169.8015),(48 101.097786),(49 170.31271),(50 101.62264),(51 170.52844),(52 101.9697),(53 169.9858),(54 101.80653),(55 169.67079),(56 101.494064),(57 170.19188),(58 101.804054),(59 169.94794),(60 101.12709),(61 171.25159),(62 102.06864),(63 172.44516),(64 103.332985),(65 172.46684),(66 103.31617),(67 171.61154),(68 104.000916),(69 173.4266),(70 105.14146),(71 173.42299),(72 105.72345),(73 175.2133),(74 107.279495),(75 175.90118),(76 107.1411),(77 176.1255),(78 107.306046),(79 175.4797),
(1 116.322624),(2 58.812748),(3 136.80894),(4 72.95705),(5 146.18988),(6 80.42901),(7 150.69211),(8 85.4151),(9 155.64946),(10 90.37599),(11 158.15579),(12 92.92519),(13 160.94572),(14 94.4415),(15 162.7797),(16 95.89117),(17 164.10333),(18 98.165276),(19 165.18578),(20 99.530266),(21 166.62164),(22 99.732666),(23 166.87402),(24 100.2191),(25 167.64172),(26 100.508675),(27 168.60687),(28 101.30132),(29 168.60931),(30 101.48567),(31 168.04468),(32 101.99784),(33 169.66321),(34 102.17011),(35 169.97148),(36 102.20978),(37 170.21417),(38 101.88534),(39 169.40907),(40 100.58122),(41 168.84196),(42 101.452774),(43 168.77928),(44 101.710945),(45 169.96237),(46 101.69645),(47 168.9104),(48 101.37475),(49 170.06459),(50 101.77184),(51 169.49019),(52 101.60856),(53 169.23569),(54 100.73058),(55 168.76366),(56 100.64025),(57 168.97528),(58 100.55795),(59 167.87119),(60 100.466),(61 168.7783),(62 101.15315),(63 169.61545),(64 101.66851),(65 170.72534),(66 103.60541),(67 170.25227),(68 104.30871),(69 172.3695),(70 104.61927),(71 172.0432),(72 104.91352),(73 173.48602),(74 106.14839),(75 173.81395),(76 105.518234),(77 173.95477),(78 106.60332),(79 173.94482),
(1 113.892296),(2 57.833458),(3 133.61134),(4 71.50285),(5 142.29301),(6 77.41145),(7 145.94789),(8 82.73159),(9 150.58585),(10 87.120705),(11 154.4075),(12 90.30464),(13 155.6195),(14 90.9806),(15 157.01067),(16 92.63642),(17 158.44278),(18 94.928665),(19 159.69975),(20 96.080635),(21 161.72658),(22 96.76042),(23 161.37018),(24 97.00319),(25 162.41571),(26 97.41749),(27 164.66786),(28 99.94527),(29 164.68842),(30 100.23696),(31 164.73726),(32 100.48741),(33 166.30605),(34 100.98455),(35 165.26416),(36 101.2461),(37 166.03464),(38 101.96288),(39 167.78511),(40 102.61384),(41 167.84808),(42 102.79018),(43 167.40921),(44 102.71254),(45 167.76474),(46 102.423096),(47 166.89597),(48 101.81078),(49 167.14005),(50 101.644356),(51 167.71161),(52 101.674194),(53 167.34926),(54 101.66422),(55 166.33167),(56 100.43827),(57 166.15544),(58 100.50765),(59 166.03616),(60 100.56973),(61 167.03108),(62 101.140236),(63 167.07832),(64 101.90636),(65 169.12883),(66 103.24496),(67 168.65819),(68 103.474655),(69 169.21602),(70 104.26227),(71 169.35658),(72 103.99995),(73 170.21716),(74 104.33179),(75 169.55525),(76 103.84434),(77 169.90611),(78 103.544106),(79 168.89368),
(1 116.85982),(2 58.82023),(3 136.84526),(4 72.39652),(5 145.76793),(6 80.77723),(7 150.6366),(8 85.074646),(9 155.80005),(10 90.09737),(11 159.99812),(12 92.7545),(13 161.49411),(14 94.45386),(15 164.02582),(16 96.46108),(17 164.87741),(18 97.658104),(19 166.77777),(20 99.66779),(21 167.59303),(22 100.065765),(23 167.73752),(24 100.18785),(25 167.29984),(26 100.08259),(27 168.19307),(28 100.005875),(29 166.63129),(30 99.94407),(31 167.36261),(32 100.61917),(33 167.64656),(34 100.17281),(35 168.21921),(36 101.19906),(37 168.81015),(38 101.693016),(39 169.06075),(40 101.942986),(41 169.90718),(42 102.90738),(43 169.0361),(44 103.046165),(45 170.67238),(46 102.26104),(47 170.06152),(48 102.92959),(49 169.43774),(50 102.764984),(51 170.07353),(52 100.95224),(53 168.7745),(54 100.91484),(55 168.85579),(56 101.29266),(57 169.44717),(58 101.08615),(59 168.66805),(60 101.29158),(61 169.31317),(62 102.328835),(63 169.99924),(64 103.39221),(65 171.80656),(66 104.13768),(67 171.73949),(68 104.9639),(69 173.67442),(70 105.06823),(71 173.8035),(72 106.166275),(73 174.82863),(74 106.939095),(75 174.41388),(76 105.738655),(77 173.87805),(78 105.974),(79 174.11551),
(1 113.63186),(2 58.098133),(3 132.5467),(4 71.40418),(5 142.02762),(6 79.29307),(7 146.24892),(8 83.169876),(9 150.97946),(10 88.17),(11 154.65747),(12 91.3289),(13 157.40211),(14 93.7276),(15 160.40865),(16 95.7143),(17 161.84326),(18 97.17291),(19 161.68196),(20 97.83343),(21 164.55403),(22 99.409904),(23 164.85625),(24 100.379234),(25 165.21509),(26 100.35258),(27 165.37378),(28 99.0994),(29 163.96959),(30 98.57652),(31 163.61163),(32 99.24331),(33 164.858),(34 99.13846),(35 165.37248),(36 100.456055),(37 166.32903),(38 101.095474),(39 166.80846),(40 101.10396),(41 167.30228),(42 100.81483),(43 165.3393),(44 100.317894),(45 165.97995),(46 101.17582),(47 166.44444),(48 100.228485),(49 165.1055),(50 100.24365),(51 165.84758),(52 99.657425),(53 164.74995),(54 99.67396),(55 164.23256),(56 98.75061),(57 163.50127),(58 98.32478),(59 162.89551),(60 97.569725),(61 163.99147),(62 99.0408),(63 164.69781),(64 100.53528),(65 167.3884),(66 102.239075),(67 168.06358),(68 103.916306),(69 170.32788),(70 104.43503),(71 170.705),(72 105.41135),(73 170.6827),(74 105.78896),(75 171.0811),(76 105.28221),(77 170.0836),(78 104.19391),(79 169.54752),
(1 113.94629),(2 57.27858),(3 132.85483),(4 70.635544),(5 142.01027),(6 78.09552),(7 146.69514),(8 82.15488),(9 149.85007),(10 85.765656),(11 152.98824),(12 87.838776),(13 154.10997),(14 90.06977),(15 157.13966),(16 92.1577),(17 157.70773),(18 93.332),(19 158.4717),(20 94.41183),(21 160.21332),(22 96.038635),(23 160.33125),(24 97.07315),(25 161.75636),(26 96.78699),(27 162.75159),(28 96.71211),(29 162.24527),(30 97.3997),(31 162.1118),(32 97.83054),(33 163.72278),(34 98.330345),(35 163.96756),(36 98.37782),(37 163.99165),(38 99.03834),(39 164.94075),(40 100.06194),(41 166.42613),(42 100.54986),(43 164.97888),(44 100.33146),(45 166.13641),(46 100.407394),(47 166.03181),(48 100.21819),(49 165.83362),(50 100.11449),(51 166.19789),(52 99.66548),(53 166.08119),(54 99.34532),(55 165.60289),(56 99.53194),(57 166.34546),(58 99.42731),(59 165.53973),(60 99.72787),(61 167.22484),(62 100.38468),(63 167.94968),(64 100.80236),(65 168.5796),(66 101.77126),(67 168.91936),(68 102.95986),(69 169.57094),(70 102.65156),(71 168.3714),(72 102.31262),(73 168.48125),(74 102.33082),(75 169.17828),(76 103.04669),(77 170.09921),(78 102.92201),(79 169.30763),
(1 113.68521),(2 56.995735),(3 132.88597),(4 70.705124),(5 141.4816),(6 77.53579),(7 145.57564),(8 81.971466),(9 150.1886),(10 86.223465),(11 152.98444),(12 89.67677),(13 156.10004),(14 92.40846),(15 158.96439),(16 94.481155),(17 160.72423),(18 95.4876),(19 161.28906),(20 96.733),(21 162.74773),(22 98.52777),(23 163.07544),(24 98.70078),(25 163.60632),(26 99.29068),(27 165.16237),(28 99.31666),(29 164.4866),(30 99.14416),(31 164.42732),(32 99.09039),(33 163.72621),(34 99.02805),(35 164.40291),(36 100.42532),(37 166.12021),(38 101.10604),(39 167.42303),(40 101.9875),(41 167.72873),(42 102.871284),(43 167.82922),(44 102.252045),(45 168.06331),(46 102.62423),(47 167.20302),(48 101.63783),(49 166.28812),(50 100.742546),(51 166.12569),(52 100.80278),(53 166.05795),(54 100.965576),(55 166.09552),(56 99.82168),(57 165.88159),(58 99.90803),(59 165.28145),(60 99.53927),(61 164.07668),(62 100.08421),(63 165.8682),(64 100.32073),(65 166.96716),(66 101.19854),(67 166.03874),(68 101.63704),(69 167.64339),(70 102.34688),(71 167.59154),(72 103.417076),(73 168.7976),(74 103.67419),(75 167.93471),(76 102.630226),(77 168.23088),(78 102.45565),(79 167.68892),
(1 112.70013),(2 57.47386),(3 132.23944),(4 71.119286),(5 140.25107),(6 77.24001),(7 144.24422),(8 81.21077),(9 147.80313),(10 84.65694),(11 149.8181),(12 87.12629),(13 152.3203),(14 88.96638),(15 155.00438),(16 90.95216),(17 156.46156),(18 92.9599),(19 157.12788),(20 94.02981),(21 159.96858),(22 95.935905),(23 160.84123),(24 96.34427),(25 161.5951),(26 97.81119),(27 162.25223),(28 98.42572),(29 163.30406),(30 99.99317),(31 164.68097),(32 101.14903),(33 165.41594),(34 100.92865),(35 165.63062),(36 101.34968),(37 165.68843),(38 101.86295),(39 165.9472),(40 101.562004),(41 166.56837),(42 102.87622),(43 166.81857),(44 102.45807),(45 167.18939),(46 102.07067),(47 166.47002),(48 101.76116),(49 166.73665),(50 101.08989),(51 165.13461),(52 100.21271),(53 164.48259),(54 99.86061),(55 163.52878),(56 99.410515),(57 163.64395),(58 99.49321),(59 163.30727),(60 99.5209),(61 163.2527),(62 98.832886),(63 163.66055),(64 99.10488),(65 163.97012),(66 99.47646),(67 163.55621),(68 100.19477),(69 165.0075),(70 100.29806),(71 164.5259),(72 101.30962),(73 165.26389),(74 101.93957),(75 166.49966),(76 102.00915),(77 166.1049),(78 101.54628),(79 165.97914),
(1 114.10742),(2 57.86587),(3 134.91891),(4 71.96271),(5 142.86461),(6 79.38448),(7 148.83229),(8 84.442),(9 152.51541),(10 88.3885),(11 155.49048),(12 90.27178),(13 157.64082),(14 93.01062),(15 160.40025),(16 95.239914),(17 162.69574),(18 97.18151),(19 162.36943),(20 97.85192),(21 163.69519),(22 98.22657),(23 164.03745),(24 99.23956),(25 164.10092),(26 99.35029),(27 165.36972),(28 99.70298),(29 165.11725),(30 100.25011),(31 166.14082),(32 101.17589),(33 166.55525),(34 101.34724),(35 166.5128),(36 101.78813),(37 167.97932),(38 102.70386),(39 168.56467),(40 102.57658),(41 167.81615),(42 101.76217),(43 166.80946),(44 102.229034),(45 167.42134),(46 101.245186),(47 165.53711),(48 99.76608),(49 166.6167),(50 99.90254),(51 167.493),(52 100.90367),(53 166.9866),(54 101.23488),(55 166.86368),(56 100.96755),(57 166.98224),(58 101.474464),(59 166.42577),(60 100.82091),(61 166.8556),(62 100.70568),(63 167.17572),(64 100.7289),(65 167.3919),(66 101.871315),(67 168.4703),(68 103.00509),(69 169.28584),(70 102.609795),(71 169.14061),(72 104.1112),(73 171.25073),(74 106.113625),(75 173.22093),(76 106.72509),(77 173.92871),(78 106.60239),(79 172.83316),
(1 110.9432),(2 55.99284),(3 130.97641),(4 69.58045),(5 138.26483),(6 76.16822),(7 143.22069),(8 80.25355),(9 147.14853),(10 83.940094),(11 148.63013),(12 85.43912),(13 151.14362),(14 88.55777),(15 154.1033),(16 89.86545),(17 155.22836),(18 91.28196),(19 154.80212),(20 92.09364),(21 156.61731),(22 92.997894),(23 157.22006),(24 93.54531),(25 158.55232),(26 94.44597),(27 160.32207),(28 95.41971),(29 159.52292),(30 96.01043),(31 160.25102),(32 96.49586),(33 160.67683),(34 96.41841),(35 160.60924),(36 97.14227),(37 161.22696),(38 97.326614),(39 161.36598),(40 98.10237),(41 162.0125),(42 97.81079),(43 161.30305),(44 97.57782),(45 161.61888),(46 96.600105),(47 160.54413),(48 96.02273),(49 161.03178),(50 95.82039),(51 160.39021),(52 96.17567),(53 160.56583),(54 95.03044),(55 159.42386),(56 95.46951),(57 160.0098),(58 94.800804),(59 159.72495),(60 95.173515),(61 160.20857),(62 95.33877),(63 160.2599),(64 95.21461),(65 159.62537),(66 95.17879),(67 160.71614),(68 96.23818),(69 161.43965),(70 97.14177),(71 162.22427),(72 97.762794),(73 163.29982),(74 98.80431),(75 164.96973),(76 99.77416),(77 164.47415),(78 99.98129),(79 164.86584),
(1 112.39197),(2 56.481373),(3 132.55896),(4 69.884254),(5 141.01862),(6 76.446655),(7 145.46564),(8 80.45189),(9 148.58315),(10 83.63458),(11 151.3536),(12 85.74935),(13 153.90933),(14 88.61457),(15 156.31682),(16 90.75162),(17 158.32613),(18 91.728645),(19 158.02159),(20 93.122246),(21 160.68591),(22 95.026794),(23 160.7083),(24 96.01975),(25 163.43268),(26 97.26231),(27 164.22337),(28 97.0215),(29 164.12753),(30 99.15452),(31 165.22105),(32 99.41347),(33 165.02382),(34 99.87214),(35 165.90924),(36 99.49274),(37 165.6892),(38 99.5039),(39 166.90312),(40 101.396866),(41 167.36414),(42 101.583336),(43 166.74936),(44 100.27998),(45 166.22644),(46 100.6465),(47 165.58147),(48 99.20325),(49 165.3054),(50 98.7713),(51 164.61641),(52 98.05036),(53 163.94177),(54 97.81391),(55 163.28056),(56 97.54187),(57 163.48483),(58 96.649605),(59 163.79044),(60 97.89327),(61 164.94812),(62 98.691216),(63 165.63104),(64 99.54175),(65 165.78105),(66 99.207245),(67 165.46693),(68 99.20075),(69 165.47072),(70 99.30578),(71 166.98775),(72 100.07777),(73 167.66756),(74 101.142),(75 167.47043),(76 101.26273),(77 168.42746),(78 101.93407),(79 168.01231),
(1 110.2769),(2 55.01454),(3 129.87556),(4 68.67702),(5 138.39058),(6 75.621574),(7 142.4094),(8 79.73274),(9 146.69127),(10 83.73675),(11 148.70398),(12 85.93769),(13 151.419),(14 87.85775),(15 153.0659),(16 89.74686),(17 154.37994),(18 91.01503),(19 155.49799),(20 92.80062),(21 157.75455),(22 94.07771),(23 158.33286),(24 94.543915),(25 159.40355),(26 95.30461),(27 160.48067),(28 96.001564),(29 160.28166),(30 96.75609),(31 160.70215),(32 96.96072),(33 161.05865),(34 97.19101),(35 161.6825),(36 97.8085),(37 162.3429),(38 98.45499),(39 162.35088),(40 98.29461),(41 162.08557),(42 97.73767),(43 161.35367),(44 97.57424),(45 161.19661),(46 97.653885),(47 160.58748),(48 96.73581),(49 160.0507),(50 96.92638),(51 161.43993),(52 96.67209),(53 161.04886),(54 96.56878),(55 160.19763),(56 97.00645),(57 159.99223),(58 95.5812),(59 160.45415),(60 96.05568),(61 160.73396),(62 96.331955),(63 161.39233),(64 96.98208),(65 162.48735),(66 98.52667),(67 162.66234),(68 98.85943),(69 163.22324),(70 98.439575),(71 162.95782),(72 98.52831),(73 163.29492),(74 99.25858),(75 164.90326),(76 99.86593),(77 164.81732),(78 100.33223),(79 165.1186),
(1 111.50269),(2 55.61609),(3 131.16167),(4 69.61659),(5 139.22949),(6 76.58961),(7 143.91156),(8 81.25762),(9 147.93735),(10 85.329994),(11 151.06422),(12 87.49003),(13 153.69035),(14 90.455635),(15 155.93076),(16 91.33568),(17 156.59186),(18 92.08779),(19 156.71738),(20 93.27208),(21 157.71693),(22 93.82374),(23 157.23412),(24 94.33636),(25 159.13359),(26 95.94122),(27 160.50307),(28 96.79999),(29 161.4232),(30 97.384285),(31 162.22112),(32 98.02793),(33 162.20163),(34 98.28123),(35 162.97072),(36 99.16084),(37 163.45273),(38 99.4545),(39 163.15073),(40 98.60863),(41 162.26497),(42 98.83505),(43 161.86517),(44 98.755264),(45 162.21323),(46 98.484406),(47 162.36281),(48 98.1383),(49 161.72104),(50 97.04369),(51 161.58244),(52 96.49103),(53 161.12172),(54 96.10455),(55 159.69113),(56 96.0046),(57 160.8199),(58 96.03014),(59 160.48712),(60 95.530685),(61 160.8968),(62 96.84306),(63 162.99852),(64 97.13503),(65 161.5813),(66 97.345245),(67 162.05249),(68 97.90642),(69 162.16966),(70 97.570694),(71 161.53569),(72 97.92482),(73 162.32196),(74 98.4782),(75 162.90846),(76 98.93875),(77 163.66579),(78 98.956345),(79 163.44519),
(1 110.9979),(2 56.44531),(3 131.1587),(4 69.911896),(5 138.53346),(6 76.42628),(7 143.26192),(8 80.86587),(9 146.6788),(10 84.736916),(11 149.00638),(12 87.23218),(13 151.67574),(14 89.11341),(15 155.10182),(16 90.48799),(17 155.11987),(18 92.12543),(19 155.19794),(20 92.96993),(21 157.38243),(22 93.99549),(23 156.71858),(24 93.73454),(25 156.57155),(26 94.17274),(27 158.18475),(28 94.999596),(29 158.04115),(30 95.15209),(31 159.59546),(32 96.4445),(33 159.75624),(34 96.73081),(35 159.74872),(36 96.839325),(37 161.49817),(38 98.43),(39 162.36028),(40 99.09536),(41 163.04646),(42 99.36103),(43 162.88223),(44 99.406975),(45 163.45403),(46 99.99955),(47 163.52802),(48 99.76958),(49 163.79134),(50 99.253204),(51 162.49295),(52 98.77428),(53 162.637),(54 98.06106),(55 161.91878),(56 97.84721),(57 162.21982),(58 97.452614),(59 161.9018),(60 97.78764),(61 161.7157),(62 97.99511),(63 162.59193),(64 98.1205),(65 162.8068),(66 98.76424),(67 162.39073),(68 98.605484),(69 163.4348),(70 98.469376),(71 162.99068),(72 99.15392),(73 163.69833),(74 100.29201),(75 164.2886),(76 101.02953),(77 165.28242),(78 100.669815),(79 164.13913),
(1 108.38053),(2 54.26415),(3 127.287346),(4 67.230545),(5 135.9319),(6 74.10275),(7 139.79419),(8 78.59412),(9 143.81526),(10 82.12375),(11 145.42542),(12 83.74173),(13 147.3532),(14 85.60277),(15 149.53662),(16 87.23409),(17 150.37366),(18 88.99511),(19 150.95137),(20 90.27289),(21 152.56987),(22 91.78268),(23 153.35396),(24 92.131905),(25 154.43146),(26 93.38659),(27 156.5584),(28 93.679855),(29 155.98259),(30 94.199646),(31 156.52208),(32 95.05772),(33 158.29793),(34 95.64625),(35 158.27753),(36 96.15653),(37 159.32097),(38 96.67821),(39 159.13503),(40 95.593666),(41 159.44313),(42 96.39565),(43 159.20384),(44 96.426155),(45 160.23915),(46 95.85446),(47 159.97502),(48 96.987045),(49 160.76254),(50 97.22821),(51 159.8156),(52 96.866),(53 160.99115),(54 96.15814),(55 159.4469),(56 96.397484),(57 160.207),(58 96.15222),(59 159.80203),(60 95.37019),(61 159.93823),(62 95.83864),(63 160.45744),(64 95.7219),(65 160.44241),(66 96.68239),(67 161.08487),(68 97.05568),(69 161.25671),(70 97.16373),(71 161.44144),(72 98.03412),(73 162.59294),(74 98.6399),(75 162.24461),(76 98.25979),(77 162.39558),(78 99.13147),(79 162.94678),
(1 110.70109),(2 55.05939),(3 129.89018),(4 68.858),(5 138.04504),(6 75.5925),(7 143.46115),(8 80.554565),(9 147.61877),(10 84.58856),(11 150.17038),(12 87.24584),(13 151.58205),(14 88.70534),(15 154.2411),(16 89.95219),(17 155.88564),(18 91.58719),(19 155.27954),(20 92.764694),(21 157.71613),(22 94.581665),(23 158.0729),(24 95.87646),(25 160.07321),(26 96.947815),(27 162.07817),(28 97.15031),(29 161.61977),(30 97.47076),(31 162.3256),(32 97.70899),(33 162.24065),(34 97.903854),(35 162.27617),(36 98.631714),(37 163.06793),(38 99.275696),(39 163.26189),(40 99.541725),(41 164.08058),(42 99.93773),(43 163.47794),(44 100.409454),(45 163.3744),(46 98.467545),(47 163.16621),(48 99.260315),(49 163.52614),(50 98.322205),(51 163.52225),(52 98.48912),(53 163.85374),(54 98.69381),(55 163.58192),(56 99.30164),(57 165.3386),(58 99.437325),(59 164.30583),(60 99.20589),(61 164.51614),(62 99.22864),(63 165.02142),(64 99.45919),(65 164.4203),(66 99.00937),(67 164.45966),(68 98.92091),(69 163.56834),(70 98.58201),(71 163.36098),(72 99.07003),(73 164.18132),(74 98.499115),(75 164.54292),(76 98.81277),(77 163.81964),(78 98.35984),(79 162.96991),
(1 108.96985),(2 53.810234),(3 127.26434),(4 65.70976),(5 133.90204),(6 72.43032),(7 138.3511),(8 76.96576),(9 141.82156),(10 80.27202),(11 144.00464),(12 82.171875),(13 146.87685),(14 84.93337),(15 149.17696),(16 86.5369),(17 149.80275),(18 87.638824),(19 150.36418),(20 88.435425),(21 151.7342),(22 88.10195),(23 151.09666),(24 88.41527),(25 151.74072),(26 90.41165),(27 153.54565),(28 90.94217),(29 153.42113),(30 91.26947),(31 154.1538),(32 91.60006),(33 154.72176),(34 91.949814),(35 154.11876),(36 92.38405),(37 155.7822),(38 93.32006),(39 155.62848),(40 93.49839),(41 157.59883),(42 95.28828),(43 157.17299),(44 95.535034),(45 158.04103),(46 95.9523),(47 158.67502),(48 95.17794),(49 158.0905),(50 94.24358),(51 157.49876),(52 94.24743),(53 156.92384),(54 94.10561),(55 155.89343),(56 93.91104),(57 155.92567),(58 93.53962),(59 155.03214),(60 92.60641),(61 155.86389),(62 92.68379),(63 155.13608),(64 92.7568),(65 156.26324),(66 93.40826),(67 156.12329),(68 94.082535),(69 157.18393),(70 94.81387),(71 158.49132),(72 95.58212),(73 158.8779),(74 96.04901),(75 159.5129),(76 96.0134),(77 159.07497),(78 96.585335),(79 159.01392),
(1 109.85679),(2 54.63624),(3 129.1951),(4 67.23515),(5 136.34203),(6 73.58839),(7 140.7593),(8 77.49249),(9 144.69121),(10 81.40589),(11 146.26323),(12 83.5454),(13 148.36356),(14 86.15447),(15 150.6601),(16 87.90065),(17 152.95734),(18 89.60796),(19 152.93596),(20 90.810074),(21 154.79793),(22 91.910805),(23 155.27673),(24 92.577484),(25 155.39948),(26 92.31788),(27 155.10893),(28 92.40205),(29 155.14177),(30 92.924255),(31 155.35838),(32 93.37729),(33 156.38597),(34 94.39241),(35 157.67197),(36 95.394844),(37 159.0814),(38 95.78012),(39 158.42662),(40 95.86375),(41 158.26224),(42 95.75717),(43 157.23491),(44 94.71251),(45 157.81981),(46 95.557236),(47 157.90129),(48 95.37066),(49 157.84724),(50 94.918236),(51 157.8689),(52 94.33741),(53 157.96849),(54 94.70089),(55 156.97224),(56 93.73984),(57 157.41647),(58 93.24075),(59 157.33603),(60 93.64554),(61 158.66287),(62 94.5423),(63 158.95355),(64 95.260056),(65 160.47801),(66 96.4594),(67 160.5087),(68 96.45196),(69 161.09964),(70 97.14742),(71 160.57115),(72 97.26301),(73 161.07722),(74 96.9278),(75 162.32858),(76 98.17798),(77 163.03183),(78 99.28315),(79 162.71364),
(1 108.72148),(2 53.5809),(3 127.63085),(4 66.74424),(5 135.02158),(6 73.618645),(7 139.71675),(8 78.15067),(9 143.83759),(10 82.92123),(11 147.92848),(12 85.48887),(13 149.76431),(14 87.822754),(15 153.03464),(16 89.67668),(17 153.89944),(18 90.755066),(19 154.37514),(20 91.659836),(21 156.05264),(22 92.6035),(23 156.73894),(24 93.136505),(25 157.62788),(26 94.23023),(27 158.00288),(28 93.30744),(29 157.0919),(30 93.86555),(31 156.90742),(32 94.320305),(33 157.70172),(34 94.46295),(35 157.41005),(36 94.094025),(37 158.29016),(38 95.53628),(39 158.47632),(40 95.03596),(41 158.64162),(42 95.38701),(43 158.27298),(44 94.8461),(45 157.83888),(46 94.0837),(47 156.86377),(48 93.88127),(49 156.86725),(50 93.38423),(51 156.96272),(52 92.827835),(53 156.73376),(54 93.73642),(55 157.11644),(56 93.51735),(57 157.15819),(58 93.9475),(59 157.17317),(60 93.95127),(61 158.40562),(62 94.597206),(63 159.87677),(64 94.67682),(65 159.39928),(66 95.2717),(67 160.80144),(68 96.43637),(69 161.92613),(70 97.245766),(71 160.94135),(72 97.021484),(73 162.36467),(74 97.78878),(75 163.15428),(76 98.80465),(77 163.21872),(78 99.01644),(79 163.10121),
(1 108.11326),(2 54.039925),(3 126.09726),(4 66.031044),(5 134.74112),(6 73.72263),(7 139.95416),(8 78.36005),(9 144.37582),(10 83.750885),(11 148.2537),(12 86.31837),(13 150.8734),(14 89.301056),(15 154.21495),(16 90.87642),(17 155.21321),(18 92.78055),(19 155.6667),(20 94.03591),(21 157.51926),(22 94.24797),(23 157.39156),(24 94.66128),(25 158.75937),(26 94.784256),(27 158.22836),(28 94.7851),(29 157.92671),(30 94.010445),(31 156.20285),(32 93.874954),(33 157.11656),(34 93.88483),(35 156.4841),(36 93.66997),(37 156.91039),(38 94.35976),(39 157.70601),(40 95.64846),(41 157.63017),(42 95.78201),(43 158.50446),(44 96.41509),(45 158.88766),(46 95.96309),(47 158.50966),(48 96.23943),(49 158.58519),(50 96.0178),(51 158.98776),(52 95.53698),(53 158.82715),(54 95.72053),(55 158.87013),(56 97.044395),(57 159.33313),(58 97.57774),(59 158.97755),(60 96.582664),(61 159.70068),(62 97.823524),(63 161.5762),(64 98.412285),(65 161.49577),(66 98.92778),(67 161.34615),(68 99.15418),(69 162.57806),(70 99.88281),(71 163.10732),(72 100.21941),(73 163.76709),(74 100.47342),(75 164.1825),(76 100.505325),(77 163.30792),(78 100.77327),(79 163.1823),
(1 108.33653),(2 54.142033),(3 127.63294),(4 66.16439),(5 134.59216),(6 72.43662),(7 138.775),(8 76.53404),(9 142.87997),(10 81.277176),(11 146.67674),(12 84.41769),(13 148.60257),(14 86.00104),(15 150.49742),(16 87.017914),(17 151.39333),(18 88.7083),(19 152.81622),(20 90.65158),(21 154.82588),(22 91.920715),(23 155.23508),(24 92.87382),(25 156.12404),(26 93.2628),(27 157.43678),(28 94.24826),(29 157.08931),(30 94.40932),(31 157.13828),(32 94.925125),(33 158.17047),(34 95.59401),(35 158.48232),(36 96.79717),(37 160.134),(38 97.8086),(39 160.56393),(40 97.0229),(41 159.87329),(42 97.457924),(43 159.83876),(44 96.85691),(45 159.81287),(46 95.87828),(47 158.7043),(48 95.5573),(49 158.68689),(50 95.35761),(51 158.55588),(52 94.54771),(53 158.74722),(54 94.84017),(55 158.43932),(56 95.99239),(57 160.03453),(58 96.30166),(59 159.4798),(60 95.65491),(61 160.40813),(62 97.360695),(63 161.96967),(64 98.19168),(65 163.23444),(66 99.47717),(67 163.12302),(68 99.45059),(69 163.83034),(70 99.77782),(71 163.90648),(72 99.95953),(73 165.0932),(74 101.19706),(75 165.52913),(76 101.41365),(77 165.30658),(78 101.43101),(79 165.04477),
(1 106.48201),(2 52.674377),(3 124.79608),(4 65.33186),(5 133.25403),(6 72.6574),(7 138.01848),(8 77.21833),(9 141.65736),(10 81.05468),(11 144.79565),(12 83.56357),(13 146.85115),(14 85.01795),(15 149.15707),(16 86.56055),(17 150.01114),(18 88.495636),(19 151.15948),(20 89.81625),(21 153.35632),(22 90.79665),(23 153.45648),(24 91.41898),(25 153.66118),(26 91.727036),(27 155.26277),(28 92.84236),(29 154.90073),(30 93.08799),(31 154.82062),(32 93.735405),(33 156.48822),(34 94.6096),(35 157.06967),(36 95.74277),(37 158.30449),(38 95.83513),(39 158.14978),(40 95.454094),(41 158.66461),(42 96.399506),(43 158.56752),(44 96.09057),(45 158.80904),(46 96.13664),(47 158.47522),(48 94.71155),(49 157.3238),(50 95.17456),(51 158.03589),(52 94.54622),(53 157.37126),(54 95.17282),(55 157.39412),(56 94.633995),(57 157.47798),(58 93.94989),(59 156.72934),(60 95.09362),(61 158.50029),(62 96.73672),(63 160.0541),(64 97.76987),(65 162.06035),(66 98.767136),(67 162.794),(68 100.38585),(69 163.90077),(70 99.608215),(71 162.69014),(72 99.866806),(73 163.06938),(74 100.25484),(75 163.03499),(76 100.5074),(77 163.4995),(78 101.11471),(79 164.16179),
(1 106.470406),(2 53.001743),(3 123.69955),(4 66.00964),(5 131.84933),(6 73.41183),(7 136.65712),(8 77.40372),(9 140.4915),(10 80.85032),(11 142.26749),(12 83.32806),(13 145.26523),(14 85.219826),(15 147.09274),(16 86.9681),(17 148.20103),(18 88.056465),(19 148.38582),(20 88.833),(21 150.09976),(22 90.11657),(23 150.37807),(24 91.23523),(25 151.4987),(26 92.11995),(27 153.38266),(28 93.1004),(29 152.90727),(30 93.30075),(31 153.98564),(32 94.78084),(33 155.56068),(34 94.99423),(35 155.65671),(36 95.939125),(37 156.52051),(38 96.83733),(39 158.25835),(40 97.76994),(41 159.77043),(42 99.216995),(43 158.77475),(44 98.45389),(45 159.61348),(46 98.19673),(47 158.32788),(48 97.49464),(49 158.28966),(50 97.51278),(51 158.7029),(52 97.30212),(53 157.588),(54 96.31614),(55 157.429),(56 96.0533),(57 157.23354),(58 95.63539),(59 156.75966),(60 96.09177),(61 156.87228),(62 96.29209),(63 157.64766),(64 96.94475),(65 157.73401),(66 96.04794),(67 156.41466),(68 97.29066),(69 157.88588),(70 97.17505),(71 158.09918),(72 96.9761),(73 158.9217),(74 97.797676),(75 159.0511),(76 96.715195),(77 157.51851),(78 96.98414),(79 158.0297),
(1 106.641846),(2 52.233017),(3 124.59996),(4 64.53915),(5 131.75635),(6 71.63188),(7 137.06969),(8 75.4277),(9 141.48181),(10 79.6922),(11 143.53693),(12 81.70786),(13 145.3207),(14 83.28678),(15 148.22789),(16 84.931625),(17 148.42397),(18 86.44374),(19 148.60754),(20 87.128334),(21 150.34837),(22 87.94765),(23 150.4535),(24 88.751015),(25 152.08432),(26 90.19485),(27 153.82217),(28 89.92702),(29 153.31871),(30 91.255066),(31 153.38008),(32 91.93522),(33 154.42122),(34 92.3602),(35 154.89012),(36 93.9411),(37 155.75992),(38 93.86835),(39 157.316),(40 94.56946),(41 157.63857),(42 94.53576),(43 157.07501),(44 94.22089),(45 157.30496),(46 93.62053),(47 156.88463),(48 93.508156),(49 155.70021),(50 93.072105),(51 155.71088),(52 91.79819),(53 154.79695),(54 91.56177),(55 154.34743),(56 91.30108),(57 155.28217),(58 91.78452),(59 154.26506),(60 91.176094),(61 155.47707),(62 91.9142),(63 155.7692),(64 92.05126),(65 155.5058),(66 91.67053),(67 154.70964),(68 93.09679),(69 156.25523),(70 93.58088),(71 157.19284),(72 94.77327),(73 158.66354),(74 95.44633),(75 160.03047),(76 96.02451),(77 159.06476),(78 95.27706),(79 157.9913),
(1 106.27382),(2 52.072117),(3 124.55743),(4 63.990963),(5 132.12791),(6 71.58584),(7 137.01915),(8 76.146774),(9 140.47784),(10 79.495094),(11 142.9304),(12 81.492096),(13 145.42166),(14 83.81448),(15 147.95631),(16 85.10567),(17 148.59161),(18 86.85843),(19 150.03256),(20 87.98758),(21 150.9608),(22 89.477135),(23 152.28699),(24 90.27294),(25 153.14122),(26 91.040474),(27 154.59898),(28 91.31612),(29 154.94667),(30 92.25069),(31 155.2662),(32 93.205315),(33 155.83534),(34 92.82031),(35 155.59624),(36 93.97049),(37 156.63757),(38 94.25808),(39 157.16685),(40 94.437164),(41 156.81613),(42 94.192856),(43 156.32233),(44 94.3593),(45 157.16841),(46 94.11304),(47 155.73488),(48 92.12431),(49 155.01166),(50 92.39563),(51 155.37952),(52 92.77309),(53 155.92491),(54 92.43377),(55 155.36124),(56 92.53503),(57 155.17618),(58 91.683975),(59 153.73463),(60 91.29864),(61 154.46027),(62 92.49531),(63 155.91203),(64 92.23203),(65 155.77884),(66 92.14592),(67 155.121),(68 92.70171),(69 155.57187),(70 92.747795),(71 154.78851),(72 92.813225),(73 156.78477),(74 93.698395),(75 157.86685),(76 94.47775),(77 157.16801),(78 93.934555),(79 156.6673),
(1 107.15614),(2 52.92376),(3 125.714165),(4 65.27516),(5 133.04443),(6 71.77894),(7 137.99557),(8 76.16916),(9 141.31607),(10 80.0301),(11 143.85066),(12 81.933334),(13 145.85402),(14 84.16778),(15 149.42058),(16 86.752975),(17 150.88123),(18 88.78242),(19 151.58073),(20 89.58856),(21 153.06174),(22 91.15616),(23 154.24782),(24 91.96454),(25 155.04561),(26 92.465576),(27 156.30444),(28 93.457504),(29 155.85803),(30 93.828514),(31 156.28273),(32 94.31033),(33 157.39159),(34 94.02932),(35 157.30147),(36 94.75588),(37 157.85103),(38 95.13201),(39 157.75436),(40 94.483086),(41 157.60852),(42 94.40353),(43 156.91446),(44 94.167725),(45 157.17856),(46 94.236824),(47 157.03134),(48 93.62762),(49 156.66095),(50 93.49323),(51 156.74893),(52 92.96743),(53 155.82881),(54 92.98112),(55 155.853),(56 93.90107),(57 156.19917),(58 93.31182),(59 155.76816),(60 93.012566),(61 155.81996),(62 93.36085),(63 156.92099),(64 94.17936),(65 157.44481),(66 94.82947),(67 157.19586),(68 95.53746),(69 158.93216),(70 95.99353),(71 158.82225),(72 95.40952),(73 159.15738),(74 96.01977),(75 159.33679),(76 95.723785),(77 158.70473),(78 95.012474),(79 157.79251),
(1 104.38029),(2 51.041187),(3 122.40291),(4 64.202156),(5 130.33708),(6 70.78378),(7 134.89145),(8 74.64844),(9 139.0775),(10 79.707214),(11 142.02728),(12 82.19981),(13 144.2088),(14 84.56792),(15 146.53323),(16 86.53368),(17 148.03625),(18 87.94924),(19 148.72092),(20 89.09218),(21 150.55504),(22 90.46358),(23 150.62723),(24 90.643364),(25 151.81837),(26 91.46343),(27 152.00494),(28 91.10025),(29 151.87694),(30 91.579124),(31 151.87666),(32 91.39165),(33 152.05473),(34 91.843056),(35 152.2775),(36 91.86076),(37 152.32727),(38 91.8412),(39 152.97379),(40 91.72962),(41 152.31921),(42 91.37695),(43 151.73424),(44 91.00589),(45 151.88289),(46 91.04943),(47 151.67715),(48 91.3158),(49 152.32133),(50 91.25773),(51 151.96013),(52 90.843636),(53 151.24396),(54 90.878586),(55 151.77515),(56 90.983376),(57 151.77287),(58 91.38522),(59 151.69379),(60 91.5455),(61 152.3575),(62 91.76553),(63 152.57886),(64 92.04673),(65 153.44772),(66 92.8846),(67 153.58458),(68 92.72355),(69 154.53639),(70 93.803566),(71 154.69533),(72 93.383934),(73 156.23077),(74 95.63942),(75 157.50389),(76 95.69072),(77 157.78426),(78 95.76624),(79 156.65114),
(1 105.73026),(2 52.499825),(3 123.895584),(4 64.87675),(5 131.73508),(6 71.56449),(7 136.5496),(8 76.38338),(9 140.59093),(10 81.09101),(11 143.2671),(12 82.82792),(13 144.96024),(14 84.39065),(15 147.27863),(16 86.54994),(17 148.72412),(18 88.737015),(19 149.45845),(20 89.10528),(21 151.06268),(22 90.51128),(23 151.64043),(24 91.28064),(25 153.17493),(26 92.00593),(27 153.96155),(28 91.66636),(29 154.12802),(30 92.751854),(31 153.67244),(32 92.22542),(33 155.00406),(34 93.1752),(35 155.2286),(36 94.604416),(37 155.75711),(38 94.4685),(39 156.40028),(40 93.907486),(41 155.50162),(42 93.78562),(43 154.57616),(44 92.43051),(45 154.1939),(46 93.0022),(47 153.45583),(48 91.52737),(49 152.59584),(50 90.95213),(51 153.37718),(52 91.258156),(53 152.7017),(54 91.47453),(55 152.72023),(56 91.341576),(57 152.99179),(58 91.01837),(59 152.31755),(60 90.721725),(61 152.72789),(62 92.12708),(63 154.00845),(64 93.31524),(65 155.63708),(66 94.87824),(67 156.38634),(68 95.08234),(69 156.12816),(70 95.08567),(71 155.92249),(72 94.60667),(73 156.92863),(74 94.761826),(75 156.53918),(76 94.30083),(77 155.68903),(78 95.16349),(79 156.12775),
(1 103.70224),(2 50.877132),(3 121.55027),(4 62.952698),(5 128.78659),(6 68.78351),(7 131.99687),(8 72.61597),(9 135.157),(10 75.12937),(11 136.8855),(12 77.08815),(13 139.19102),(14 79.4783),(15 141.63365),(16 80.76417),(17 142.30887),(18 82.962875),(19 143.57793),(20 84.32733),(21 145.18639),(22 85.04468),(23 145.96558),(24 86.20696),(25 147.06427),(26 86.69184),(27 148.45975),(28 87.95469),(29 148.64684),(30 88.27846),(31 149.05968),(32 88.882515),(33 149.26147),(34 88.04519),(35 148.65895),(36 89.320335),(37 149.35385),(38 89.4846),(39 149.76807),(40 88.79458),(41 149.01329),(42 88.98619),(43 149.72092),(44 89.38215),(45 149.90688),(46 89.19868),(47 149.29292),(48 88.88342),(49 149.14815),(50 88.47744),(51 149.526),(52 88.404686),(53 149.46349),(54 88.49016),(55 149.10538),(56 88.79094),(57 149.30095),(58 89.05339),(59 149.02802),(60 89.48128),(61 149.08893),(62 90.416916),(63 150.4277),(64 91.15383),(65 150.39114),(66 91.73045),(67 150.17787),(68 91.60129),(69 151.90997),(70 92.70469),(71 152.20879),(72 93.443695),(73 153.96307),(74 94.833244),(75 154.79088),(76 94.73486),(77 154.00638),(78 94.43205),(79 153.96573),
(1 105.25954),(2 50.695885),(3 122.38114),(4 62.6943),(5 129.23058),(6 68.36322),(7 133.08665),(8 72.40996),(9 136.42502),(10 76.38658),(11 139.4657),(12 78.962845),(13 141.78284),(14 80.91235),(15 143.23679),(16 82.4243),(17 143.82172),(18 82.39916),(19 144.46391),(20 84.33294),(21 145.98526),(22 84.96389),(23 146.42722),(24 85.65007),(25 148.0194),(26 86.97619),(27 149.71964),(28 87.82201),(29 149.90744),(30 88.55799),(31 149.93762),(32 88.73377),(33 150.80945),(34 89.22338),(35 152.08015),(36 90.14643),(37 152.38846),(38 90.62658),(39 154.1815),(40 92.35861),(41 154.81204),(42 93.39913),(43 154.55902),(44 93.173134),(45 154.1904),(46 92.852),(47 153.1463),(48 91.802124),(49 152.76964),(50 91.557915),(51 153.93605),(52 91.86861),(53 154.00258),(54 91.96767),(55 153.54456),(56 92.37192),(57 154.00996),(58 92.183914),(59 153.5477),(60 92.501205),(61 153.99162),(62 92.49375),(63 154.70142),(64 93.20609),(65 155.7678),(66 94.25565),(67 156.47684),(68 94.71332),(69 157.66312),(70 95.024185),(71 156.88008),(72 95.20664),(73 158.74371),(74 96.33929),(75 159.49466),(76 97.088745),(77 159.72856),(78 96.89065),(79 158.99046),
(1 103.33717),(2 50.574787),(3 121.45277),(4 62.988598),(5 129.23895),(6 69.60551),(7 133.03537),(8 72.510445),(9 135.68683),(10 75.708565),(11 137.34665),(12 77.832825),(13 139.3282),(14 79.62779),(15 141.48463),(16 80.33618),(17 141.21686),(18 80.8673),(19 142.48674),(20 81.90799),(21 143.2508),(22 83.06915),(23 144.38676),(24 83.81325),(25 144.23367),(26 83.7555),(27 146.82141),(28 85.35551),(29 146.39374),(30 86.13389),(31 146.59593),(32 86.171684),(33 147.30434),(34 86.60329),(35 147.56227),(36 87.69132),(37 149.3131),(38 89.16751),(39 150.51674),(40 88.90206),(41 150.0169),(42 88.98799),(43 149.23883),(44 87.92906),(45 148.57959),(46 88.501236),(47 148.06357),(48 87.70244),(49 148.07991),(50 86.974594),(51 148.31218),(52 86.5951),(53 148.03836),(54 86.75171),(55 147.7209),(56 87.310905),(57 148.09676),(58 86.9565),(59 148.07077),(60 87.10153),(61 148.52058),(62 87.41455),(63 148.74918),(64 87.25046),(65 149.19196),(66 87.47867),(67 148.7796),(68 87.59552),(69 150.44359),(70 88.48652),(71 150.38322),(72 89.06314),(73 151.62955),(74 90.24215),(75 153.02971),(76 90.38614),(77 153.06076),(78 90.51167),(79 152.58691),
(1 103.98446),(2 50.746407),(3 121.315765),(4 62.714077),(5 128.35834),(6 69.29825),(7 132.77287),(8 74.03583),(9 137.22963),(10 77.262726),(11 138.93498),(12 78.22197),(13 140.84564),(14 80.75385),(15 144.45438),(16 83.60258),(17 144.95564),(18 84.518394),(19 146.41399),(20 86.27699),(21 147.76971),(22 87.78626),(23 149.03732),(24 88.274704),(25 149.64471),(26 88.92405),(27 150.6702),(28 89.747856),(29 150.85492),(30 90.673645),(31 150.97305),(32 90.514626),(33 150.73505),(34 90.543526),(35 150.70323),(36 91.186264),(37 151.9379),(38 92.023186),(39 152.5107),(40 91.40998),(41 152.07034),(42 91.61149),(43 151.1961),(44 91.26057),(45 152.35837),(46 91.43389),(47 151.19164),(48 90.50386),(49 151.35664),(50 90.65616),(51 152.4554),(52 90.321915),(53 150.87111),(54 90.18416),(55 150.5465),(56 90.29863),(57 151.3115),(58 89.99657),(59 150.0366),(60 90.22016),(61 151.0519),(62 89.902145),(63 151.2859),(64 90.569595),(65 150.76958),(66 90.74604),(67 150.88942),(68 92.35642),(69 153.42921),(70 92.88762),(71 154.31316),(72 93.30842),(73 154.71136),(74 93.47022),(75 155.44759),(76 94.36641),(77 155.03624),(78 93.56352),(79 154.98145),
(1 104.61613),(2 51.01913),(3 121.39358),(4 63.284958),(5 129.33597),(6 69.46823),(7 132.73941),(8 72.9791),(9 136.69589),(10 76.312935),(11 138.74733),(12 78.96522),(13 141.11035),(14 80.06962),(15 142.80202),(16 81.865746),(17 142.9877),(18 83.33739),(19 143.96199),(20 84.6414),(21 145.88841),(22 85.80733),(23 145.52658),(24 86.374176),(25 146.72232),(26 86.282455),(27 147.56807),(28 86.5606),(29 148.50423),(30 87.79097),(31 148.83647),(32 88.35526),(33 148.79033),(34 89.138214),(35 149.91324),(36 89.56361),(37 150.65286),(38 90.44274),(39 150.5365),(40 89.792305),(41 150.70793),(42 90.16802),(43 150.25026),(44 89.39311),(45 151.2752),(46 90.04989),(47 150.63263),(48 89.506096),(49 150.36307),(50 89.67419),(51 151.2158),(52 88.98663),(53 150.35602),(54 88.703354),(55 149.81566),(56 88.89479),(57 150.53873),(58 88.80031),(59 149.98622),(60 88.61245),(61 151.02924),(62 89.02409),(63 150.84163),(64 88.89679),(65 150.5055),(66 89.219955),(67 151.10945),(68 90.9837),(69 152.89084),(70 91.21141),(71 152.62842),(72 91.15874),(73 153.46432),(74 91.14515),(75 153.31813),(76 90.992424),(77 153.3452),(78 92.269905),(79 153.77061),
(1 102.390564),(2 50.538452),(3 119.164635),(4 61.83873),(5 126.69899),(6 68.18125),(7 130.76692),(8 71.97743),(9 134.45569),(10 75.7767),(11 136.78992),(12 78.47704),(13 138.90894),(14 80.45059),(15 142.10681),(16 81.796394),(17 142.13565),(18 83.311066),(19 143.6156),(20 84.11988),(21 144.70412),(22 85.46018),(23 145.65611),(24 86.59867),(25 146.32039),(26 86.786156),(27 146.60535),(28 87.000084),(29 147.09654),(30 88.89503),(31 148.28592),(32 88.887764),(33 148.02728),(34 90.011696),(35 149.09944),(36 90.21917),(37 150.49707),(38 91.655685),(39 151.40802),(40 91.73363),(41 150.32368),(42 91.61244),(43 150.58052),(44 91.10077),(45 150.49644),(46 90.65588),(47 149.24101),(48 89.764145),(49 149.50278),(50 89.88464),(51 149.49164),(52 88.08992),(53 147.80614),(54 87.64147),(55 147.86948),(56 88.053986),(57 147.73917),(58 87.81341),(59 148.21967),(60 87.86797),(61 148.45699),(62 88.091866),(63 148.45755),(64 89.08603),(65 149.18306),(66 89.45489),(67 148.90887),(68 89.96407),(69 149.79973),(70 90.58086),(71 150.7292),(72 91.440346),(73 151.40924),(74 92.34048),(75 152.0749),(76 92.00883),(77 152.14789),(78 92.48801),(79 152.0375),
(1 105.559616),(2 51.098133),(3 122.93296),(4 63.355125),(5 130.97675),(6 69.39666),(7 135.3999),(8 73.897835),(9 138.52655),(10 77.66074),(11 141.59734),(12 80.06058),(13 143.60426),(14 82.928764),(15 147.49457),(16 84.86283),(17 147.91379),(18 86.23088),(19 148.64067),(20 87.12057),(21 150.08061),(22 87.65631),(23 150.6928),(24 88.31849),(25 150.90201),(26 88.19695),(27 151.47365),(28 88.77329),(29 151.55241),(30 88.43127),(31 151.18733),(32 88.56663),(33 151.85092),(34 89.831604),(35 153.19902),(36 89.885185),(37 153.07127),(38 90.50752),(39 153.41492),(40 90.27087),(41 152.48184),(42 90.4219),(43 152.59444),(44 89.874825),(45 152.57143),(46 89.078514),(47 151.45523),(48 88.76892),(49 150.80609),(50 88.48231),(51 151.0804),(52 88.05447),(53 150.46628),(54 87.88071),(55 150.14705),(56 87.64086),(57 149.93277),(58 87.99357),(59 149.86906),(60 88.46806),(61 151.6532),(62 90.14159),(63 153.33966),(64 91.7667),(65 153.63202),(66 91.77688),(67 153.84187),(68 92.557205),(69 155.5665),(70 92.10805),(71 154.49506),(72 92.26438),(73 156.17012),(74 93.953514),(75 156.79836),(76 93.39582),(77 155.8459),(78 92.85779),(79 155.67305),
(1 100.56986),(2 49.863438),(3 118.24966),(4 61.21669),(5 124.99508),(6 67.07859),(7 129.35948),(8 71.862625),(9 132.61874),(10 75.909134),(11 135.58083),(12 77.97072),(13 137.79333),(14 80.13278),(15 140.81868),(16 81.650154),(17 140.87004),(18 83.09122),(19 141.48547),(20 83.719795),(21 142.76869),(22 85.08969),(23 143.77742),(24 86.15491),(25 144.56577),(26 87.23873),(27 145.60834),(28 87.25171),(29 145.96667),(30 87.82436),(31 145.74722),(32 87.46346),(33 145.97876),(34 87.55831),(35 146.01291),(36 87.54085),(37 146.29178),(38 88.168846),(39 146.50597),(40 88.284966),(41 147.61008),(42 89.782005),(43 147.36816),(44 89.22271),(45 147.2545),(46 88.25683),(47 145.79031),(48 88.06741),(49 145.97493),(50 88.52757),(51 146.3969),(52 87.94225),(53 146.43982),(54 88.18971),(55 147.02591),(56 89.28711),(57 147.76192),(58 89.5319),(59 147.62485),(60 89.449),(61 149.22536),(62 90.74276),(63 149.58847),(64 89.99886),(65 149.75203),(66 90.36885),(67 149.59068),(68 90.5742),(69 150.35014),(70 91.04263),(71 150.06427),(72 90.67822),(73 150.17957),(74 91.37401),(75 151.63354),(76 91.298454),(77 151.31192),(78 92.09311),(79 150.79955),
(1 102.03174),(2 50.2585),(3 119.48387),(4 61.462807),(5 126.71452),(6 68.73497),(7 131.66287),(8 71.99692),(9 135.33623),(10 76.96983),(11 138.38339),(12 79.078865),(13 139.80637),(14 80.41421),(15 142.51509),(16 82.09943),(17 143.87624),(18 83.45953),(19 143.8899),(20 83.72676),(21 144.8119),(22 85.896034),(23 145.94223),(24 85.95152),(25 146.34552),(26 87.02805),(27 147.50664),(28 87.30073),(29 147.76627),(30 88.18562),(31 148.02802),(32 88.22371),(33 148.8956),(34 88.827286),(35 148.95117),(36 89.09329),(37 149.12595),(38 89.90526),(39 150.36026),(40 90.60351),(41 151.45668),(42 91.66497),(43 151.17122),(44 91.17787),(45 150.56845),(46 90.469215),(47 149.88208),(48 90.24372),(49 150.62526),(50 90.03384),(51 151.56133),(52 90.23389),(53 150.99211),(54 90.46631),(55 150.76833),(56 90.62262),(57 150.62552),(58 89.86344),(59 149.77045),(60 88.886284),(61 149.94504),(62 89.36546),(63 150.94266),(64 89.068),(65 150.26888),(66 89.1256),(67 150.50047),(68 90.1778),(69 151.59985),(70 90.98641),(71 151.22713),(72 91.32101),(73 151.4302),(74 91.30422),(75 153.15907),(76 91.68916),(77 152.14557),(78 90.990814),(79 151.19958),
(1 104.11266),(2 50.765568),(3 120.860245),(4 61.115894),(5 127.32749),(6 67.92948),(7 132.17319),(8 72.016594),(9 136.03108),(10 75.56823),(11 137.91219),(12 77.529564),(13 140.40692),(14 79.76446),(15 143.60039),(16 81.70403),(17 144.87257),(18 83.748116),(19 145.44359),(20 83.72088),(21 146.40315),(22 85.74755),(23 146.8247),(24 85.783905),(25 147.37383),(26 86.76459),(27 149.76605),(28 87.552605),(29 149.9157),(30 87.77589),(31 150.70978),(32 88.72688),(33 150.70743),(34 89.585304),(35 151.49225),(36 90.18128),(37 151.85605),(38 90.65483),(39 153.50859),(40 90.889755),(41 153.48811),(42 91.59691),(43 153.51277),(44 91.654655),(45 154.08623),(46 91.33535),(47 153.99274),(48 91.29272),(49 153.61183),(50 90.14295),(51 152.97931),(52 89.913345),(53 152.70134),(54 89.5999),(55 152.38936),(56 90.12584),(57 152.66212),(58 90.072495),(59 152.57811),(60 90.22868),(61 152.70364),(62 90.45728),(63 152.81125),(64 90.265976),(65 152.4872),(66 90.773506),(67 152.38942),(68 90.44781),(69 153.47594),(70 91.553246),(71 154.83986),(72 92.9698),(73 154.95555),(74 93.48264),(75 156.62),(76 94.35273),(77 155.82149),(78 94.15184),(79 156.00656),
(1 101.41072),(2 49.131783),(3 118.14165),(4 60.70051),(5 124.02995),(6 66.11159),(7 128.64061),(8 70.06079),(9 131.77107),(10 73.80927),(11 134.56778),(12 76.10207),(13 136.84464),(14 78.71514),(15 139.73938),(16 80.18158),(17 140.65605),(18 80.98546),(19 140.93158),(20 82.53538),(21 142.5133),(22 83.3821),(23 142.92444),(24 83.62704),(25 143.355),(26 84.1823),(27 144.81961),(28 84.706795),(29 144.01105),(30 85.17936),(31 143.60664),(32 85.06807),(33 145.36424),(34 85.09741),(35 144.5779),(36 85.75387),(37 146.15134),(38 87.19649),(39 147.49059),(40 86.98202),(41 147.52258),(42 87.42632),(43 146.85265),(44 87.356125),(45 147.62492),(46 87.66382),(47 147.26717),(48 87.50564),(49 148.32884),(50 87.87172),(51 148.67902),(52 88.9004),(53 149.51683),(54 88.468895),(55 149.11722),(56 88.84699),(57 149.79208),(58 88.59583),(59 148.82228),(60 88.258606),(61 149.21532),(62 89.110596),(63 150.0379),(64 89.775665),(65 151.13858),(66 89.61949),(67 150.39989),(68 89.77132),(69 151.19211),(70 90.15358),(71 150.65793),(72 90.05327),(73 150.84956),(74 90.02046),(75 151.87053),(76 90.25232),(77 150.9567),(78 89.933495),(79 150.29321),
(1 101.80595),(2 49.99414),(3 118.87921),(4 60.77625),(5 124.818535),(6 66.720856),(7 129.10872),(8 70.74751),(9 131.97124),(10 74.228714),(11 135.15231),(12 76.60472),(13 137.36714),(14 78.514275),(15 139.16946),(16 79.8071),(17 140.48239),(18 80.525894),(19 140.25722),(20 81.28975),(21 141.37086),(22 81.5206),(23 142.01804),(24 82.6329),(25 142.54488),(26 83.19821),(27 143.0244),(28 83.276764),(29 143.45023),(30 84.417534),(31 144.24922),(32 84.024),(33 144.862),(34 84.96012),(35 145.70946),(36 86.221344),(37 147.17377),(38 87.82987),(39 148.05864),(40 86.930855),(41 147.79773),(42 87.46823),(43 147.4325),(44 87.27669),(45 146.77692),(46 86.677574),(47 146.57852),(48 87.26867),(49 146.96684),(50 86.83972),(51 147.16783),(52 86.25836),(53 146.42534),(54 85.93888),(55 146.27782),(56 86.66364),(57 146.59433),(58 86.55185),(59 146.84734),(60 85.69444),(61 147.53397),(62 86.63456),(63 148.79147),(64 88.15213),(65 149.24617),(66 88.103615),(67 149.07529),(68 88.49433),(69 150.38034),(70 89.50101),(71 150.32364),(72 90.496376),(73 152.0406),(74 90.52151),(75 152.53181),(76 89.968346),(77 150.59218),(78 89.778656),(79 150.77278),
(1 101.272064),(2 49.009186),(3 117.72749),(4 59.8206),(5 124.05636),(6 66.18085),(7 128.68031),(8 70.308586),(9 132.10475),(10 73.10861),(11 133.41345),(12 75.656204),(13 135.46082),(14 77.82454),(15 138.28654),(16 78.99525),(17 138.60527),(18 80.74236),(19 140.0161),(20 81.5251),(21 141.34468),(22 82.50513),(23 141.93678),(24 83.29529),(25 143.46587),(26 84.75553),(27 144.71529),(28 84.562),(29 143.56744),(30 85.19763),(31 144.4953),(32 85.79443),(33 144.957),(34 86.35912),(35 145.31937),(36 86.50035),(37 145.70953),(38 86.825165),(39 146.54987),(40 86.29104),(41 146.1404),(42 86.78765),(43 145.0464),(44 85.98354),(45 145.82759),(46 85.61574),(47 144.61089),(48 85.76985),(49 144.31683),(50 85.64421),(51 144.72533),(52 85.71724),(53 144.57245),(54 84.94992),(55 144.02417),(56 85.40894),(57 145.04655),(58 84.61445),(59 143.61734),(60 84.393005),(61 144.40346),(62 84.47672),(63 145.17677),(64 85.57072),(65 145.36967),(66 86.01031),(67 145.20715),(68 86.34237),(69 147.59251),(70 87.56497),(71 147.08226),(72 87.31388),(73 147.54305),(74 88.19374),(75 147.89143),(76 87.64114),(77 146.72821),(78 87.815834),(79 147.01607),
(1 100.738266),(2 48.605698),(3 118.07554),(4 60.1848),(5 124.315994),(6 66.288216),(7 128.77716),(8 70.245445),(9 132.08604),(10 72.94304),(11 134.17474),(12 76.29928),(13 136.64993),(14 78.29021),(15 139.3525),(16 80.778275),(17 140.23932),(18 82.33776),(19 141.64758),(20 84.3174),(21 143.17395),(22 84.91505),(23 143.62415),(24 85.57883),(25 144.26714),(26 86.419),(27 145.78098),(28 86.24271),(29 145.773),(30 86.45549),(31 145.62955),(32 86.99578),(33 145.92001),(34 87.47196),(35 146.12485),(36 87.31004),(37 146.92377),(38 88.578316),(39 146.84268),(40 87.63434),(41 147.38202),(42 88.10763),(43 146.50093),(44 87.2804),(45 146.35509),(46 86.79484),(47 145.04086),(48 86.25535),(49 145.72382),(50 86.64102),(51 145.39043),(52 85.03741),(53 144.51671),(54 85.02247),(55 144.50896),(56 85.14083),(57 144.11316),(58 84.415565),(59 143.14963),(60 84.69666),(61 143.71086),(62 84.75737),(63 144.74208),(64 85.12341),(65 144.97664),(66 85.33355),(67 144.66373),(68 85.79312),(69 145.72588),(70 86.2406),(71 144.93051),(72 85.81206),(73 145.11562),(74 87.03265),(75 147.69974),(76 87.71165),(77 147.70924),(78 88.59619),(79 148.29335),
(1 102.03919),(2 49.06385),(3 118.63657),(4 59.658577),(5 125.041855),(6 66.240875),(7 128.99754),(8 69.95415),(9 133.36967),(10 73.60021),(11 135.95593),(12 76.664154),(13 138.41472),(14 78.94769),(15 140.71643),(16 80.433395),(17 141.9287),(18 82.07038),(19 142.7758),(20 82.9171),(21 143.64873),(22 84.336494),(23 144.41899),(24 84.9194),(25 146.09706),(26 86.24745),(27 146.58186),(28 85.921),(29 145.90555),(30 85.75388),(31 145.97578),(32 86.32516),(33 146.48224),(34 86.76764),(35 147.4924),(36 87.367),(37 147.73183),(38 88.426926),(39 148.55112),(40 87.71695),(41 147.848),(42 88.41343),(43 147.86794),(44 88.05042),(45 148.10133),(46 88.0409),(47 148.05397),(48 87.74485),(49 148.85895),(50 88.05469),(51 148.73367),(52 87.02449),(53 148.01949),(54 87.84469),(55 148.3406),(56 87.723595),(57 148.12787),(58 88.255844),(59 148.76563),(60 88.41363),(61 149.60008),(62 89.88569),(63 151.69548),(64 90.12047),(65 151.58492),(66 90.26529),(67 151.52547),(68 90.01689),(69 151.20447),(70 90.88559),(71 150.80023),(72 91.00673),(73 151.23932),(74 91.42576),(75 152.435),(76 91.40307),(77 151.84735),(78 91.16939),(79 152.24487),
(1 99.20254),(2 48.428223),(3 115.92651),(4 59.540604),(5 122.42237),(6 65.429146),(7 125.63369),(8 68.7812),(9 129.7573),(10 71.94627),(11 131.72299),(12 75.05873),(13 133.85458),(14 75.8338),(15 137.15573),(16 78.12015),(17 138.29376),(18 79.89461),(19 138.61116),(20 81.07309),(21 139.7729),(22 82.24429),(23 140.62437),(24 83.02746),(25 141.70251),(26 83.90048),(27 142.6247),(28 83.74669),(29 143.08205),(30 84.046425),(31 143.11765),(32 85.54259),(33 143.59813),(34 85.22891),(35 143.60556),(36 85.42766),(37 143.9361),(38 86.17461),(39 144.58163),(40 86.385376),(41 144.37636),(42 86.498924),(43 143.31439),(44 85.03957),(45 143.30948),(46 84.795654),(47 142.92403),(48 85.19584),(49 143.28596),(50 85.18356),(51 143.8291),(52 85.45718),(53 143.01726),(54 84.87646),(55 142.83156),(56 84.24809),(57 142.42479),(58 84.358925),(59 141.87689),(60 84.07992),(61 142.02507),(62 84.29182),(63 143.24788),(64 84.97615),(65 143.70726),(66 85.073975),(67 143.7764),(68 85.55335),(69 144.81837),(70 86.08466),(71 144.39139),(72 86.43969),(73 145.1176),(74 87.439255),(75 146.93971),(76 88.15691),(77 145.8625),(78 87.40573),(79 145.912),
(1 101.90211),(2 49.38724),(3 119.93362),(4 60.467518),(5 126.3527),(6 66.96687),(7 130.45781),(8 70.91946),(9 133.63734),(10 74.774086),(11 137.16396),(12 77.49633),(13 138.74428),(14 78.89585),(15 141.53745),(16 80.84765),(17 143.77014),(18 83.54344),(19 145.01099),(20 84.25248),(21 145.98798),(22 85.44888),(23 145.9053),(24 85.576294),(25 146.53716),(26 86.7439),(27 147.23207),(28 86.35937),(29 147.44804),(30 86.351585),(31 146.62871),(32 86.33905),(33 147.0049),(34 86.30831),(35 147.2272),(36 86.98305),(37 147.7988),(38 87.64781),(39 147.64284),(40 87.266075),(41 147.94374),(42 86.77947),(43 146.9417),(44 86.010025),(45 147.21588),(46 85.99877),(47 147.12631),(48 86.50223),(49 148.03847),(50 87.15673),(51 148.27414),(52 85.49565),(53 147.31927),(54 86.118484),(55 147.465),(56 85.91261),(57 147.55666),(58 86.58449),(59 147.76697),(60 86.869934),(61 148.89522),(62 87.159195),(63 148.62802),(64 87.643486),(65 150.24362),(66 87.8097),(67 149.19466),(68 88.249916),(69 151.00449),(70 88.53416),(71 149.80037),(72 89.05435),(73 151.30942),(74 90.333626),(75 153.17012),(76 90.76085),(77 152.44614),(78 89.7408),(79 151.93001),
(1 99.810646),(2 48.013557),(3 116.385086),(4 57.979828),(5 122.598175),(6 65.03773),(7 126.55785),(8 68.61649),(9 129.64726),(10 71.749405),(11 132.10072),(12 73.9635),(13 134.3885),(14 75.74905),(15 136.62498),(16 76.596504),(17 136.65666),(18 78.45876),(19 138.74045),(20 79.60741),(21 139.80498),(22 80.53884),(23 139.68983),(24 80.98893),(25 140.70825),(26 81.77611),(27 141.95764),(28 81.95324),(29 142.33876),(30 82.94532),(31 142.3936),(32 83.09325),(33 144.06316),(34 84.64833),(35 144.10811),(36 85.50802),(37 145.57039),(38 86.82302),(39 145.95808),(40 86.2983),(41 145.48027),(42 85.82015),(43 144.33575),(44 85.22396),(45 145.09203),(46 85.53684),(47 144.7506),(48 85.19064),(49 144.6425),(50 84.704895),(51 145.28171),(52 84.80103),(53 145.1038),(54 84.79199),(55 144.60153),(56 85.09416),(57 144.90251),(58 84.239555),(59 143.68965),(60 84.966675),(61 144.79907),(62 85.200714),(63 145.3491),(64 86.264786),(65 146.63574),(66 86.77084),(67 147.26492),(68 87.18568),(69 147.78087),(70 86.85015),(71 147.43752),(72 88.41271),(73 148.41864),(74 89.24788),(75 148.39192),(76 88.967995),(77 148.91873),(78 88.9159),(79 149.07608),
(1 100.69721),(2 47.53989),(3 117.86874),(4 59.024033),(5 123.585045),(6 65.116425),(7 127.5276),(8 69.0303),(9 131.4195),(10 72.79541),(11 134.3175),(12 75.7757),(13 137.07173),(14 78.18923),(15 139.25456),(16 79.09946),(17 140.10284),(18 80.6119),(19 141.26753),(20 81.50106),(21 142.18637),(22 82.40903),(23 142.45963),(24 82.69399),(25 143.54436),(26 83.54008),(27 144.26299),(28 83.726654),(29 144.10245),(30 84.01074),(31 144.01549),(32 84.14995),(33 144.43124),(34 84.280106),(35 143.90207),(36 84.06691),(37 144.4135),(38 84.65584),(39 144.34619),(40 83.73824),(41 144.49913),(42 84.64881),(43 143.78062),(44 84.640465),(45 144.24791),(46 84.09819),(47 144.20715),(48 84.52286),(49 144.90579),(50 85.43064),(51 145.3735),(52 83.83987),(53 144.42873),(54 83.82992),(55 143.09198),(56 83.54242),(57 143.21259),(58 83.35223),(59 143.00107),(60 83.76027),(61 144.26889),(62 84.582924),(63 145.44118),(64 85.913284),(65 146.9511),(66 86.48691),(67 146.01917),(68 86.76373),(69 148.02057),(70 87.23147),(71 147.74245),(72 87.71618),(73 148.13466),(74 88.06462),(75 148.62895),(76 87.8271),(77 147.46461),(78 87.176575),(79 147.78946),
(1 84.9597),(2 47.430466),(3 100.61561),(4 58.446045),(5 107.01184),(6 63.124504),(7 110.59791),(8 66.80392),(9 114.03735),(10 70.34877),(11 116.20041),(12 72.384895),(13 118.73538),(14 74.129395),(15 120.08253),(16 75.8337),(17 120.72044),(18 76.98671),(19 121.67132),(20 77.58034),(21 122.164),(22 78.21036),(23 122.0561),(24 78.93097),(25 123.19285),(26 78.98147),(27 123.77869),(28 79.60528),(29 123.78994),(30 79.78208),(31 123.93246),(32 80.16071),(33 124.63519),(34 80.52688),(35 125.590096),(36 81.41835),(37 126.53022),(38 82.5623),(39 127.13378),(40 82.784096),(41 126.96788),(42 82.85329),(43 127.29263),(44 82.82883),(45 127.5237),(46 82.991264),(47 127.01087),(48 82.533066),(49 127.298775),(50 83.5675),(51 128.201),(52 82.769455),(53 127.791405),(54 82.87509),(55 127.26292),(56 82.422264),(57 127.75197),(58 82.86406),(59 127.07726),(60 82.05206),(61 127.27959),(62 82.28011),(63 127.98136),(64 83.09976),(65 129.29208),(66 84.085625),(67 128.25798),(68 84.34124),(69 129.68376),(70 84.400604),(71 129.56915),(72 84.47654),(73 129.88719),(74 85.1117),(75 130.59639),(76 85.1938),(77 129.51117),(78 83.79188),(79 129.00267),
