1,2,3,4,5,6,7,8,9,10,11,12,13,14,15,16,17,18,19,20,21,22,23,24,25,26,27,28,29,30,31,32,33,34,35,36,37,38,39,40,41,42,43,44,45,46,47,48,49,50,51,52,53,54,55,56,57,58,59,60,61,62,63,64,65,66,67,68,69,70,71,72,73,74,75,76,77,78,79,
(1.5 31577.56),(2.5 32897.375),(3.5 28720.553),(4.5 19919.469),(5.5 18476.219),(6.5 20479.54),(7.5 21885.426),(8.5 25124.264),(9.5 18540.678),(10.5 18512.04),(11.5 16308.015),(12.5 19774.97),(13.5 20473.521),(14.5 18138.533),(15.5 17510.35),(16.5 20992.22),(17.5 19213.396),(18.5 15216.831),(19.5 15495.738),(20.5 15113.301),(21.5 19849.76),(22.5 15621.571),(23.5 12605.566),(24.5 12989.763),(25.5 15337.105),(26.5 13410.157),(27.5 12614.622),(28.5 14295.266),(29.5 13793.05),(30.5 13530.192),(31.5 13568.911),(32.5 12433.261),(33.5 12166.258),(34.5 11919.376),(35.5 11545.977),(36.5 12302.709),(37.5 11991.975),(38.5 11945.948),(39.5 11051.289),(40.5 11663.415),(41.5 10862.902),(42.5 10362.001),(43.5 10193.875),(44.5 10519.14),(45.5 10685.788),(46.5 10334.141),(47.5 10170.341),(48.5 11019.376),(49.5 10776.237),(50.5 9463.743),(51.5 8912.664),(52.5 9520.816),(53.5 9565.345),(54.5 9372.926),(55.5 9582.988),(56.5 9007.987),(57.5 9466.786),(58.5 8576.812),(59.5 8748.705),(60.5 8602.927),(61.5 8995.789),(62.5 8512.196),(63.5 8136.5547),(64.5 8359.687),(65.5 7913.5103),(66.5 7920.047),(67.5 7709.454),(68.5 7913.588),(69.5 7781.5986),(70.5 8175.7544),(71.5 7747.051),(72.5 7409.483),(73.5 7528.668),(74.5 7652.1904),(75.5 7248.5215),(76.5 7036.147),(77.5 7362.631),(78.5 7188.234),(79.5 7020.8975),(80.5 7161.3833),(81.5 6938.1104),(82.5 6744.028),(83.5 6637.2285),(84.5 6423.353),(85.5 6601.5664),(86.5 6720.5254),(87.5 6460.514),(88.5 6279.5776),(89.5 6164.0967),(90.5 6228.0557),(91.5 6051.7783),(92.5 6279.325),(93.5 5789.222),(94.5 5829.874),(95.5 5493.883),(96.5 5451.3433),(97.5 5538.9775),(98.5 5415.722),(99.5 5362.9326),(100.5 5249.972),(101.5 5298.6084),(102.5 5216.0425),(103.5 5158.251),(104.5 5139.469),(105.5 5116.768),(106.5 4963.914),(107.5 4879.8726),(108.5 4756.1563),(109.5 4964.5156),(110.5 4925.07),(111.5 4567.544),(112.5 4591.513),(113.5 4603.1953),(114.5 4647.5503),(115.5 4472.959),(116.5 4356.58),(117.5 4261.5366),(118.5 4397.09),(119.5 4201.6963),(120.5 4235.2075),(121.5 4256.6807),(122.5 3943.0615),(123.5 3896.8452),(124.5 3913.173),(125.5 3926.7275),(126.5 3715.025),(127.5 3879.7698),(128.5 3864.0786),(129.5 3638.8972),(130.5 3556.9792),(131.5 3486.5688),(132.5 3554.0125),(133.5 3544.6685),(134.5 3553.126),(135.5 3470.6238),(136.5 3387.1677),(137.5 3344.9763),(138.5 3384.8489),(139.5 3382.3396),(140.5 3327.2683),(141.5 3281.1548),(142.5 3311.3367),(143.5 3126.6035),(144.5 3248.1755),(145.5 3187.1748),(146.5 3129.412),(147.5 3130.139),(148.5 3114.944),(149.5 3064.2405),(150.5 3097.1238),(151.5 2914.3306),(152.5 2875.0073),(153.5 2874.1711),(154.5 2920.2207),(155.5 2837.2834),(156.5 2837.9426),(157.5 2801.729),(158.5 2794.4841),(159.5 2707.2046),(160.5 2740.1013),(161.5 2653.839),(162.5 2594.7893),(163.5 2537.381),(164.5 2538.062),(165.5 2452.9988),(166.5 2505.9763),(167.5 2440.2256),(168.5 2472.574),(169.5 2373.6611),(170.5 2335.0332),(171.5 2339.1064),(172.5 2257.273),(173.5 2324.3315),(174.5 2215.3967),(175.5 2262.9417),(176.5 2181.1875),(177.5 2180.847),(178.5 2206.5881),(179.5 2147.8032),(180.5 2198.9153),(181.5 2162.536),(182.5 2101.6475),(183.5 2056.4023),(184.5 2084.752),(185.5 2063.0608),(186.5 2055.674),(187.5 2039.2313),(188.5 1964.109),(189.5 1913.1847),(190.5 1887.8217),(191.5 1872.6259),(192.5 1904.0156),(193.5 1827.4169),(194.5 1825.9409),(195.5 1831.8018),(196.5 1782.2211),(197.5 1749.7903),(198.5 1740.7988),(199.5 1719.5537),(200.5 1663.9766),(201.5 1673.7284),(202.5 1667.3357),(203.5 1583.6088),(204.5 1574.4198),(205.5 1613.5293),(206.5 1588.4777),(207.5 1574.2728),(208.5 1549.5496),(209.5 1519.453),(210.5 1488.4475),(211.5 1483.8217),(212.5 1466.9486),(213.5 1442.7281),(214.5 1416.8479),(215.5 1395.5944),(216.5 1398.4562),(217.5 1364.8688),(218.5 1344.7094),(219.5 1340.0817),(220.5 1310.9398),(221.5 1315.322),(222.5 1286.0425),(223.5 1296.2754),(224.5 1285.8845),(225.5 1247.9965),(226.5 1234.1792),(227.5 1217.9539),(228.5 1195.5919),(229.5 1181.789),(230.5 1190.4214),(231.5 1152.9911),(232.5 1158.3207),(233.5 1144.3291),(234.5 1114.8083),(235.5 1113.2443),(236.5 1099.0806),(237.5 1092.4232),(238.5 1071.0991),(239.5 1052.1024),(240.5 1032.3135),(241.5 1033.0732),(242.5 1021.959),(243.5 1010.8855),(244.5 987.64136),(245.5 1000.53613),(246.5 970.16437),(247.5 966.4173),(248.5 931.1081),(249.5 920.0677),(250.5 895.8277),(251.5 886.1462),(252.5 899.42426),(253.5 863.24677),(254.5 850.8718),(255.5 842.1444),(256.5 832.3534),(257.5 827.84576),(258.5 813.77637),(259.5 810.27545),(260.5 789.6803),(261.5 775.2164),(262.5 776.99536),(263.5 755.78894),(264.5 743.7113),(265.5 732.30066),(266.5 727.27527),(267.5 714.55945),(268.5 703.1977),(269.5 693.92505),(270.5 675.95447),(271.5 672.8271),(272.5 656.2053),(273.5 665.3548),(274.5 640.3185),(275.5 632.25934),(276.5 627.2711),(277.5 620.3481),(278.5 615.84656),(279.5 614.9362),(280.5 601.1708),(281.5 584.8456),(282.5 569.8629),(283.5 566.7693),(284.5 552.9422),(285.5 547.4311),(286.5 541.7625),(287.5 520.7923),(288.5 524.00616),(289.5 526.7724),(290.5 515.92053),(291.5 508.2303),(292.5 497.5914),(293.5 494.7908),(294.5 484.09976),(295.5 479.01303),(296.5 465.0654),(297.5 460.87668),(298.5 450.52765),(299.5 453.5024),(300.5 449.45197),(301.5 447.25385),(302.5 434.07822),(303.5 424.18033),(304.5 412.7784),(305.5 419.67737),(306.5 413.30963),(307.5 409.0173),(308.5 404.43002),(309.5 389.98004),(310.5 384.1936),(311.5 382.15582),(312.5 383.37518),(313.5 377.7364),(314.5 370.46497),(315.5 375.79715),(316.5 362.84045),(317.5 354.89627),(318.5 345.61935),(319.5 340.06448),(320.5 342.3514),(321.5 336.79553),(322.5 330.02222),(323.5 323.74915),(324.5 333.04846),(325.5 323.55722),(326.5 312.01404),(327.5 316.79578),(328.5 306.42035),(329.5 303.205),(330.5 294.78485),(331.5 295.5256),(332.5 293.39636),(333.5 286.62646),(334.5 281.63974),(335.5 276.3265),(336.5 276.95483),(337.5 275.04633),(338.5 264.65012),(339.5 267.73254),(340.5 264.83768),(341.5 258.29913),(342.5 257.03687),(343.5 255.89085),(344.5 251.40808),(345.5 246.92673),(346.5 247.2607),(347.5 240.69467),(348.5 236.00462),(349.5 233.7258),(350.5 227.39464),(351.5 231.33322),(352.5 223.7454),(353.5 225.93892),(354.5 219.59923),(355.5 213.60207),(356.5 214.12643),(357.5 210.5567),(358.5 206.02827),(359.5 203.62024),(360.5 203.79985),(361.5 201.38695),(362.5 197.39537),(363.5 194.39774),(364.5 192.07648),(365.5 189.12218),(366.5 189.40852),(367.5 185.57277),(368.5 182.16095),(369.5 180.24223),(370.5 180.50615),(371.5 177.45897),(372.5 171.36858),(373.5 169.59828),(374.5 167.32243),(375.5 166.91931),(376.5 165.8584),(377.5 161.79012),(378.5 164.96162),(379.5 157.84833),(380.5 158.88405),(381.5 155.01282),(382.5 152.57773),(383.5 152.16956),(384.5 150.13066),(385.5 149.49065),(386.5 146.10175),(387.5 146.95506),(388.5 141.7517),(389.5 139.42325),(390.5 139.33316),(391.5 135.64362),(392.5 135.83466),(393.5 133.35245),(394.5 133.23505),(395.5 132.96382),(396.5 128.45123),(397.5 128.96556),(398.5 123.71084),(399.5 125.38952),(400.5 123.435616),(401.5 121.44839),(402.5 119.53494),(403.5 117.9239),(404.5 117.86273),(405.5 113.81612),(406.5 112.956184),(407.5 113.936165),(408.5 112.29454),(409.5 110.41315),(410.5 107.97252),(411.5 106.24697),(412.5 105.22829),(413.5 104.51521),(414.5 104.78581),(415.5 102.33445),(416.5 102.269745),(417.5 100.09458),(418.5 99.77926),(419.5 98.444885),(420.5 94.680756),(421.5 94.942184),(422.5 94.17813),(423.5 93.57621),(424.5 91.00143),(425.5 91.19681),(426.5 90.13698),(427.5 89.40963),(428.5 87.627495),(429.5 88.60712),(430.5 87.64684),(431.5 86.382484),(432.5 83.66761),(433.5 82.83085),(434.5 83.13896),(435.5 82.079185),(436.5 80.255035),(437.5 80.512505),(438.5 80.99677),(439.5 78.63889),(440.5 78.607605),(441.5 76.91835),(442.5 76.93087),(443.5 75.348854),(444.5 73.99016),(445.5 75.14461),(446.5 74.07309),(447.5 73.55588),(448.5 73.44522),(449.5 71.99853),(450.5 71.544365),(451.5 70.76538),(452.5 70.860756),(453.5 70.01185),(454.5 69.69047),(455.5 69.28717),(456.5 68.12287),(457.5 67.26617),(458.5 67.12475),(459.5 66.37674),(460.5 68.03924),(461.5 64.49122),(462.5 65.62221),(463.5 64.95504),(464.5 64.56643),(465.5 64.75342),(466.5 62.839027),(467.5 63.21346),(468.5 62.810722),(469.5 62.108784),(470.5 61.668633),(471.5 61.86913),(472.5 61.03216),(473.5 61.841473),(474.5 60.97343),(475.5 60.764454),(476.5 59.304134),(477.5 60.590237),(478.5 58.41371),(479.5 59.136192),(480.5 59.499344),(481.5 59.045918),(482.5 58.558575),(483.5 58.441628),(484.5 59.23744),(485.5 56.98317),(486.5 58.439774),(487.5 56.837074),(488.5 56.445747),(489.5 56.41103),(490.5 57.231323),(491.5 56.160465),(492.5 56.42671),(493.5 56.586678),(494.5 56.040283),(495.5 56.489685),(496.5 55.710346),(497.5 55.641838),(498.5 55.670547),(499.5 54.451477),
(1.5 47572.86),(2.5 54189.43),(3.5 59386.86),(4.5 49186.082),(5.5 49290.67),(6.5 68440.44),(7.5 76868.84),(8.5 90540.516),(9.5 67273.69),(10.5 67928.234),(11.5 58362.12),(12.5 72663.55),(13.5 75681.12),(14.5 66273.48),(15.5 64767.195),(16.5 78419.22),(17.5 70743.164),(18.5 55810.195),(19.5 57286.57),(20.5 56809.15),(21.5 74242.83),(22.5 57771.793),(23.5 45726.29),(24.5 47403.855),(25.5 56480.684),(26.5 48941.566),(27.5 46045.5),(28.5 52385.977),(29.5 50778.92),(30.5 49674.14),(31.5 49417.3),(32.5 45144.01),(33.5 44029.156),(34.5 42944.574),(35.5 42359.703),(36.5 44922.285),(37.5 43279.664),(38.5 43197.926),(39.5 39830.504),(40.5 42300.957),(41.5 38762.023),(42.5 37301.79),(43.5 36473.58),(44.5 37498.39),(45.5 37889.19),(46.5 36616.453),(47.5 35737.938),(48.5 38798.203),(49.5 37776.582),(50.5 32692.59),(51.5 31024.023),(52.5 32979.777),(53.5 32922.07),(54.5 32024.566),(55.5 32825.168),(56.5 31047.95),(57.5 32487.906),(58.5 28981.168),(59.5 29546.994),(60.5 29068.334),(61.5 30417.855),(62.5 28806.084),(63.5 27344.186),(64.5 28305.148),(65.5 26907.727),(66.5 26811.457),(67.5 25638.723),(68.5 26210.328),(69.5 26182.104),(70.5 27423.96),(71.5 25543.977),(72.5 24370.318),(73.5 24877.738),(74.5 25117.293),(75.5 23322.008),(76.5 22805.37),(77.5 23781.678),(78.5 22986.775),(79.5 22606.775),(80.5 23115.664),(81.5 22301.775),(82.5 21208.174),(83.5 20888.723),(84.5 20365.742),(85.5 20431.371),(86.5 20974.447),(87.5 20217.24),(88.5 19509.67),(89.5 19067.31),(90.5 19188.816),(91.5 18644.625),(92.5 19485.254),(93.5 17875.191),(94.5 17516.707),(95.5 16493.246),(96.5 16415.389),(97.5 16607.625),(98.5 16448.932),(99.5 15985.605),(100.5 15509.178),(101.5 15686.3125),(102.5 15634.811),(103.5 15372.363),(104.5 15091.301),(105.5 14940.172),(106.5 14587.025),(107.5 14281.146),(108.5 13759.821),(109.5 14444.089),(110.5 14259.661),(111.5 13150.851),(112.5 13310.241),(113.5 13230.601),(114.5 13228.354),(115.5 12683.082),(116.5 12324.027),(117.5 11917.985),(118.5 12447.022),(119.5 11773.258),(120.5 11805.316),(121.5 11771.594),(122.5 10794.499),(123.5 10730.096),(124.5 10712.172),(125.5 10731.199),(126.5 10057.546),(127.5 10521.284),(128.5 10486.54),(129.5 9692.849),(130.5 9532.061),(131.5 9219.14),(132.5 9494.598),(133.5 9369.864),(134.5 9422.081),(135.5 9207.241),(136.5 8865.201),(137.5 8723.283),(138.5 8780.831),(139.5 8748.828),(140.5 8648.249),(141.5 8451.785),(142.5 8506.19),(143.5 7958.983),(144.5 8352.168),(145.5 8080.6235),(146.5 7848.541),(147.5 7877.186),(148.5 7741.6133),(149.5 7783.5254),(150.5 7763.2124),(151.5 7261.078),(152.5 7112.782),(153.5 7080.766),(154.5 7133.068),(155.5 6854.3687),(156.5 6970.367),(157.5 6769.422),(158.5 6729.235),(159.5 6515.941),(160.5 6592.432),(161.5 6251.5425),(162.5 6107.5776),(163.5 5964.742),(164.5 5896.063),(165.5 5726.8213),(166.5 5859.381),(167.5 5611.1274),(168.5 5692.6426),(169.5 5436.5264),(170.5 5331.966),(171.5 5282.078),(172.5 5108.523),(173.5 5241.115),(174.5 4949.5103),(175.5 5062.069),(176.5 4907.355),(177.5 4824.6304),(178.5 4896.5015),(179.5 4785.147),(180.5 4894.815),(181.5 4794.7354),(182.5 4634.927),(183.5 4485.6626),(184.5 4572.9585),(185.5 4499.3384),(186.5 4432.8013),(187.5 4435.8647),(188.5 4205.851),(189.5 4062.2542),(190.5 3961.354),(191.5 3926.0894),(192.5 4045.9612),(193.5 3794.4075),(194.5 3743.0674),(195.5 3831.52),(196.5 3748.867),(197.5 3667.6384),(198.5 3606.3904),(199.5 3480.6685),(200.5 3367.1423),(201.5 3382.0325),(202.5 3392.2803),(203.5 3186.94),(204.5 3172.777),(205.5 3213.043),(206.5 3146.7537),(207.5 3118.8662),(208.5 3008.7605),(209.5 2950.6797),(210.5 2864.9705),(211.5 2869.6033),(212.5 2821.906),(213.5 2765.5444),(214.5 2694.1448),(215.5 2666.3984),(216.5 2627.5642),(217.5 2562.609),(218.5 2484.2278),(219.5 2494.5347),(220.5 2415.4783),(221.5 2416.655),(222.5 2348.1663),(223.5 2395.0815),(224.5 2361.8376),(225.5 2283.126),(226.5 2263.0881),(227.5 2140.2598),(228.5 2151.3625),(229.5 2136.177),(230.5 2131.547),(231.5 2088.3193),(232.5 2032.3263),(233.5 2012.6116),(234.5 1971.6055),(235.5 1962.4662),(236.5 1945.1031),(237.5 1932.488),(238.5 1847.3077),(239.5 1853.5824),(240.5 1820.4912),(241.5 1799.3181),(242.5 1751.9375),(243.5 1746.1445),(244.5 1720.2583),(245.5 1742.8176),(246.5 1694.0405),(247.5 1648.4312),(248.5 1594.9104),(249.5 1533.3721),(250.5 1511.5406),(251.5 1473.2699),(252.5 1508.2139),(253.5 1426.022),(254.5 1405.7507),(255.5 1381.3689),(256.5 1353.9475),(257.5 1370.1676),(258.5 1337.881),(259.5 1331.6628),(260.5 1312.3379),(261.5 1286.2122),(262.5 1277.4749),(263.5 1221.6626),(264.5 1224.5122),(265.5 1193.9343),(266.5 1180.5332),(267.5 1160.1373),(268.5 1133.5419),(269.5 1112.1793),(270.5 1088.2994),(271.5 1070.0428),(272.5 1047.5529),(273.5 1063.9132),(274.5 1040.1001),(275.5 1009.229),(276.5 996.538),(277.5 988.49396),(278.5 983.301),(279.5 964.0771),(280.5 934.2237),(281.5 904.28925),(282.5 893.4505),(283.5 884.95514),(284.5 868.4966),(285.5 858.782),(286.5 848.1417),(287.5 809.00336),(288.5 813.8453),(289.5 815.80255),(290.5 792.654),(291.5 787.1644),(292.5 754.98706),(293.5 759.5543),(294.5 726.75006),(295.5 731.0627),(296.5 698.63727),(297.5 692.7184),(298.5 683.3245),(299.5 681.99524),(300.5 669.98346),(301.5 670.6889),(302.5 647.42456),(303.5 638.1206),(304.5 609.7211),(305.5 615.92303),(306.5 603.5221),(307.5 602.7671),(308.5 593.2308),(309.5 574.315),(310.5 566.20044),(311.5 562.35474),(312.5 559.5135),(313.5 554.11847),(314.5 547.30585),(315.5 540.29926),(316.5 529.60693),(317.5 514.1116),(318.5 506.69342),(319.5 504.53552),(320.5 503.59634),(321.5 489.46265),(322.5 476.47385),(323.5 471.13705),(324.5 477.817),(325.5 457.7436),(326.5 447.5732),(327.5 447.09167),(328.5 429.44952),(329.5 430.4676),(330.5 417.97906),(331.5 415.10452),(332.5 412.66714),(333.5 403.78577),(334.5 398.26248),(335.5 384.1475),(336.5 382.30008),(337.5 379.3278),(338.5 367.99744),(339.5 374.93002),(340.5 365.4675),(341.5 352.07965),(342.5 356.0697),(343.5 349.557),(344.5 348.7773),(345.5 336.53787),(346.5 340.236),(347.5 330.50986),(348.5 323.4074),(349.5 314.36728),(350.5 310.3336),(351.5 313.5227),(352.5 305.1043),(353.5 306.59018),(354.5 296.28223),(355.5 288.68896),(356.5 290.69766),(357.5 284.39816),(358.5 279.76),(359.5 275.8864),(360.5 273.9936),(361.5 273.46994),(362.5 266.03915),(363.5 260.59897),(364.5 258.02545),(365.5 256.47076),(366.5 252.57626),(367.5 246.44609),(368.5 245.06166),(369.5 240.73076),(370.5 240.55936),(371.5 235.28041),(372.5 228.51389),(373.5 227.70604),(374.5 221.37238),(375.5 222.92108),(376.5 218.17603),(377.5 214.88419),(378.5 218.71147),(379.5 213.33467),(380.5 211.70976),(381.5 202.16113),(382.5 203.3313),(383.5 202.16698),(384.5 197.25949),(385.5 195.84546),(386.5 193.09663),(387.5 193.99486),(388.5 185.60027),(389.5 183.18962),(390.5 183.51117),(391.5 179.16968),(392.5 180.55498),(393.5 178.1359),(394.5 177.60687),(395.5 177.79536),(396.5 170.45728),(397.5 169.49463),(398.5 162.98094),(399.5 163.00826),(400.5 164.25764),(401.5 160.44336),(402.5 157.1508),(403.5 153.72798),(404.5 153.7601),(405.5 149.95053),(406.5 147.82169),(407.5 147.56757),(408.5 145.59454),(409.5 143.19168),(410.5 140.06145),(411.5 136.25523),(412.5 137.211),(413.5 134.97993),(414.5 135.36922),(415.5 132.81102),(416.5 131.71275),(417.5 129.5327),(418.5 129.23753),(419.5 128.57834),(420.5 123.79985),(421.5 124.322586),(422.5 122.782394),(423.5 120.376656),(424.5 118.25914),(425.5 116.69428),(426.5 116.44667),(427.5 115.352806),(428.5 113.74345),(429.5 115.48471),(430.5 112.531204),(431.5 110.27377),(432.5 107.86293),(433.5 108.063286),(434.5 106.45839),(435.5 105.671646),(436.5 102.210365),(437.5 102.782646),(438.5 102.60504),(439.5 100.574905),(440.5 101.186775),(441.5 98.05017),(442.5 97.65651),(443.5 95.864296),(444.5 94.89188),(445.5 95.07019),(446.5 93.532234),(447.5 92.69139),(448.5 93.46196),(449.5 90.35339),(450.5 91.05621),(451.5 89.50117),(452.5 88.83889),(453.5 88.998695),(454.5 88.69665),(455.5 87.63511),(456.5 85.87852),(457.5 84.5177),(458.5 85.14464),(459.5 84.950005),(460.5 85.97955),(461.5 81.340996),(462.5 83.200294),(463.5 81.83876),(464.5 81.61237),(465.5 81.20184),(466.5 79.324646),(467.5 78.850876),(468.5 78.35652),(469.5 77.581314),(470.5 76.894905),(471.5 77.61541),(472.5 76.507965),(473.5 76.69025),(474.5 74.88867),(475.5 75.68492),(476.5 74.428566),(477.5 74.283455),(478.5 72.53253),(479.5 72.61966),(480.5 73.31535),(481.5 72.323715),(482.5 71.940186),(483.5 71.46481),(484.5 72.55851),(485.5 70.5435),(486.5 72.18246),(487.5 70.604454),(488.5 70.24962),(489.5 70.79219),(490.5 70.86598),(491.5 69.377235),(492.5 70.11184),(493.5 70.12091),(494.5 68.59572),(495.5 68.77288),(496.5 68.412315),(497.5 68.18075),(498.5 68.404564),(499.5 66.612785),
(1.5 58328.64),(2.5 70556.35),(3.5 99701.47),(4.5 89481.7),(5.5 93986.58),(6.5 144908.97),(7.5 164375.22),(8.5 195379.31),(9.5 146125.75),(10.5 146901.94),(11.5 124391.82),(12.5 160568.05),(13.5 165333.56),(14.5 143142.55),(15.5 140212.61),(16.5 169847.7),(17.5 152954.86),(18.5 119556.76),(19.5 122890.33),(20.5 122818.51),(21.5 161476),(22.5 124547.74),(23.5 95804.22),(24.5 102099.02),(25.5 119301.08),(26.5 104014.375),(27.5 98521.19),(28.5 109356.414),(29.5 108228.01),(30.5 106425.5),(31.5 104550.31),(32.5 94241.695),(33.5 92398.56),(34.5 88613.63),(35.5 88637.27),(36.5 93898.4),(37.5 89805.086),(38.5 89739.44),(39.5 82355.11),(40.5 88216.59),(41.5 80304.84),(42.5 77543.72),(43.5 74578.195),(44.5 75859.375),(45.5 76355.12),(46.5 73931.83),(47.5 71275.23),(48.5 78110.78),(49.5 75658.21),(50.5 64270.906),(51.5 61816.703),(52.5 64596.332),(53.5 63722.832),(54.5 62331.06),(55.5 64004.223),(56.5 60578.563),(57.5 63410.066),(58.5 55404.86),(59.5 56688.168),(60.5 55636.18),(61.5 58416.004),(62.5 54971.76),(63.5 52205.227),(64.5 54493.906),(65.5 51665.18),(66.5 50985.22),(67.5 48694.188),(68.5 49371.668),(69.5 50002.176),(70.5 51806.17),(71.5 47441.766),(72.5 45177.94),(73.5 46582.387),(74.5 46178.91),(75.5 42577.883),(76.5 41385.87),(77.5 42951.395),(78.5 41296.516),(79.5 40796.55),(80.5 41721.67),(81.5 39666.336),(82.5 37541.125),(83.5 36725.594),(84.5 36184.28),(85.5 35745.117),(86.5 36702.67),(87.5 35517.387),(88.5 33998.21),(89.5 33063.15),(90.5 33129.547),(91.5 32444.95),(92.5 33089.027),(93.5 30852.66),(94.5 29885.229),(95.5 28266.096),(96.5 27941.125),(97.5 28061.805),(98.5 28068.314),(99.5 26772.115),(100.5 25893.004),(101.5 26152.154),(102.5 26151.463),(103.5 25673.725),(104.5 24938.977),(105.5 24756.285),(106.5 24205.512),(107.5 23647.367),(108.5 22695.537),(109.5 24033.293),(110.5 23306.857),(111.5 21255.19),(112.5 21889.008),(113.5 21612.209),(114.5 21304.674),(115.5 20411.756),(116.5 19915.854),(117.5 19165.395),(118.5 20117.979),(119.5 18726.818),(120.5 18811.129),(121.5 18632.871),(122.5 16959.703),(123.5 17098.47),(124.5 16930.113),(125.5 16910.953),(126.5 15591.606),(127.5 16288.701),(128.5 16390.895),(129.5 14887.1045),(130.5 14907.87),(131.5 14206.438),(132.5 14672.365),(133.5 14560.386),(134.5 14642.68),(135.5 14130.721),(136.5 13465.139),(137.5 13261.169),(138.5 13422.178),(139.5 13513.602),(140.5 13136.111),(141.5 12712.291),(142.5 12779.267),(143.5 12082.983),(144.5 12564.642),(145.5 12088.687),(146.5 11659.023),(147.5 11725.887),(148.5 11506.846),(149.5 11574.553),(150.5 11574.153),(151.5 10581.811),(152.5 10255.4795),(153.5 10302.52),(154.5 10390.994),(155.5 9856.496),(156.5 10022.169),(157.5 9806.16),(158.5 9693.179),(159.5 9309.516),(160.5 9540.138),(161.5 8797.985),(162.5 8671.228),(163.5 8537.9),(164.5 8438.482),(165.5 8136.505),(166.5 8200.273),(167.5 7844.811),(168.5 8015.325),(169.5 7624.7104),(170.5 7522.783),(171.5 7259.0854),(172.5 7049.8813),(173.5 7206.0093),(174.5 6850.2993),(175.5 6987.9287),(176.5 6738.5654),(177.5 6559.2637),(178.5 6660.9663),(179.5 6487.881),(180.5 6704.825),(181.5 6513.229),(182.5 6272.6494),(183.5 6158.687),(184.5 6249.58),(185.5 6109.5967),(186.5 6115.7886),(187.5 6037.813),(188.5 5618.1685),(189.5 5559.61),(190.5 5336.6084),(191.5 5270.6704),(192.5 5445.4766),(193.5 5003.289),(194.5 4925.595),(195.5 5066.2847),(196.5 5020.8643),(197.5 4879.912),(198.5 4758.8247),(199.5 4496.025),(200.5 4325.9575),(201.5 4479.9365),(202.5 4477.5234),(203.5 4206.0044),(204.5 4165.9746),(205.5 4198.0576),(206.5 4099.562),(207.5 4059.5544),(208.5 3913.6638),(209.5 3794.4236),(210.5 3691.084),(211.5 3712.3381),(212.5 3648.43),(213.5 3593.921),(214.5 3460.3467),(215.5 3444.7505),(216.5 3322.9949),(217.5 3260.3123),(218.5 3172.4287),(219.5 3157.852),(220.5 3078.5337),(221.5 3004.3604),(222.5 2978.5479),(223.5 3089.699),(224.5 2977.9387),(225.5 2918.9177),(226.5 2844.0881),(227.5 2670.8586),(228.5 2693.1257),(229.5 2615.94),(230.5 2725.2048),(231.5 2581.779),(232.5 2531.6418),(233.5 2510.2605),(234.5 2475.295),(235.5 2486.4492),(236.5 2486.3384),(237.5 2416.3389),(238.5 2282.5432),(239.5 2290.2356),(240.5 2289.3987),(241.5 2214.9075),(242.5 2195.0789),(243.5 2174.4192),(244.5 2144.7224),(245.5 2195.269),(246.5 2086.5283),(247.5 2054.7148),(248.5 1978.134),(249.5 1914.8882),(250.5 1889.1317),(251.5 1831.193),(252.5 1855.9923),(253.5 1772.4862),(254.5 1741.5176),(255.5 1709.5981),(256.5 1697.7255),(257.5 1724.3356),(258.5 1681.6123),(259.5 1665.7161),(260.5 1636.7928),(261.5 1600.2217),(262.5 1584.7012),(263.5 1518.9818),(264.5 1533.9978),(265.5 1496.5503),(266.5 1469.6704),(267.5 1448.5304),(268.5 1397.2076),(269.5 1384.7277),(270.5 1364.071),(271.5 1334.5876),(272.5 1326.6279),(273.5 1328.6299),(274.5 1301.6594),(275.5 1260.0305),(276.5 1245.2823),(277.5 1222.3646),(278.5 1217.1263),(279.5 1188.4807),(280.5 1151.4858),(281.5 1113.1631),(282.5 1107.3151),(283.5 1120.2836),(284.5 1086.9446),(285.5 1063.139),(286.5 1049.4512),(287.5 1009.1882),(288.5 1005.77545),(289.5 1016.30505),(290.5 1002.86426),(291.5 978.45966),(292.5 940.24945),(293.5 939.971),(294.5 910.7461),(295.5 905.03955),(296.5 871.3835),(297.5 863.7692),(298.5 855.5277),(299.5 849.1528),(300.5 817.69666),(301.5 810.48175),(302.5 789.9151),(303.5 793.0014),(304.5 746.5064),(305.5 759.98376),(306.5 747.7306),(307.5 737.57434),(308.5 732.6628),(309.5 703.0593),(310.5 700.61633),(311.5 695.6601),(312.5 687.8886),(313.5 684.0833),(314.5 679.1678),(315.5 666.2161),(316.5 652.5861),(317.5 630.5377),(318.5 614.3157),(319.5 619.91266),(320.5 622.98755),(321.5 594.1441),(322.5 579.874),(323.5 577.43427),(324.5 588.6837),(325.5 551.4231),(326.5 537.13824),(327.5 544.56635),(328.5 527.9631),(329.5 528.7106),(330.5 509.8398),(331.5 508.80927),(332.5 511.57846),(333.5 497.52505),(334.5 478.63953),(335.5 459.4655),(336.5 455.94147),(337.5 454.2139),(338.5 446.42178),(339.5 453.03726),(340.5 445.16776),(341.5 428.4445),(342.5 429.2211),(343.5 417.87814),(344.5 417.46396),(345.5 403.30667),(346.5 407.495),(347.5 397.833),(348.5 388.88196),(349.5 381.8876),(350.5 377.94083),(351.5 378.63986),(352.5 366.25812),(353.5 369.364),(354.5 356.2362),(355.5 342.92914),(356.5 345.6346),(357.5 339.57666),(358.5 334.0344),(359.5 331.83792),(360.5 330.8024),(361.5 328.68637),(362.5 322.08795),(363.5 309.85995),(364.5 303.46307),(365.5 307.5326),(366.5 305.60202),(367.5 294.27344),(368.5 292.88525),(369.5 283.09912),(370.5 283.79132),(371.5 281.0199),(372.5 271.3886),(373.5 273.4853),(374.5 262.58017),(375.5 266.191),(376.5 259.47443),(377.5 256.15433),(378.5 256.0228),(379.5 252.42184),(380.5 249.94217),(381.5 240.09265),(382.5 245.05817),(383.5 241.2449),(384.5 238.34323),(385.5 234.56067),(386.5 228.54604),(387.5 228.31245),(388.5 221.2935),(389.5 215.1807),(390.5 217.84114),(391.5 213.01733),(392.5 213.95227),(393.5 212.10468),(394.5 207.67851),(395.5 211.0705),(396.5 199.49883),(397.5 200.55528),(398.5 192.34512),(399.5 195.37338),(400.5 197.0759),(401.5 188.4926),(402.5 185.37167),(403.5 183.03389),(404.5 181.14508),(405.5 179.47604),(406.5 176.13518),(407.5 175.94524),(408.5 170.02136),(409.5 168.90587),(410.5 168.14262),(411.5 161.07736),(412.5 160.64755),(413.5 156.82947),(414.5 158.15845),(415.5 155.29253),(416.5 154.88342),(417.5 153.83653),(418.5 151.46912),(419.5 150.7471),(420.5 145.6841),(421.5 145.1456),(422.5 143.4812),(423.5 141.47115),(424.5 139.71945),(425.5 138.47554),(426.5 136.30675),(427.5 134.43382),(428.5 133.47076),(429.5 134.41173),(430.5 132.24214),(431.5 128.81003),(432.5 126.80281),(433.5 128.52809),(434.5 125.93968),(435.5 124.27556),(436.5 119.85795),(437.5 120.82385),(438.5 120.32269),(439.5 118.02772),(440.5 118.00985),(441.5 114.34395),(442.5 114.20173),(443.5 113.764),(444.5 112.07949),(445.5 111.34225),(446.5 109.7184),(447.5 107.954926),(448.5 110.97872),(449.5 107.04256),(450.5 106.0726),(451.5 103.97193),(452.5 104.90775),(453.5 102.90206),(454.5 101.7291),(455.5 101.90463),(456.5 98.20315),(457.5 98.369156),(458.5 99.32508),(459.5 98.80284),(460.5 99.30632),(461.5 94.75582),(462.5 95.81678),(463.5 95.770805),(464.5 94.55557),(465.5 94.77177),(466.5 92.255135),(467.5 91.49606),(468.5 91.73978),(469.5 89.420494),(470.5 89.436646),(471.5 88.44317),(472.5 88.538734),(473.5 88.21634),(474.5 86.35839),(475.5 87.70187),(476.5 85.30682),(477.5 85.50471),(478.5 83.661934),(479.5 83.71949),(480.5 85.71761),(481.5 84.804535),(482.5 83.2081),(483.5 82.50756),(484.5 83.695366),(485.5 82.26365),(486.5 84.54182),(487.5 82.05522),(488.5 81.515076),(489.5 82.522675),(490.5 82.0703),(491.5 80.643585),(492.5 81.1275),(493.5 80.435844),(494.5 79.28161),(495.5 79.31074),(496.5 79.83094),(497.5 79.50008),(498.5 78.8987),(499.5 77.22251),
(1.5 110161.22),(2.5 130955.266),(3.5 175648.92),(4.5 157815.08),(5.5 166035.69),(6.5 255151.25),(7.5 284902.72),(8.5 340992.22),(9.5 251897.63),(10.5 254916.25),(11.5 212242.86),(12.5 276456.1),(13.5 284856.34),(14.5 245534.52),(15.5 240549.58),(16.5 293105.4),(17.5 261513.03),(18.5 202288.36),(19.5 209119.05),(20.5 210102.06),(21.5 276403.78),(22.5 212381.97),(23.5 160429.9),(24.5 172464.6),(25.5 199601.28),(26.5 173094.42),(27.5 164657.66),(28.5 181155.5),(29.5 180555.77),(30.5 177529.11),(31.5 173428.47),(32.5 153163.28),(33.5 151490),(34.5 143036.4),(35.5 144370.11),(36.5 152673.73),(37.5 145930.52),(38.5 145682.5),(39.5 133916.7),(40.5 142980.89),(41.5 128596.086),(42.5 123532.18),(43.5 117673.766),(44.5 118917.484),(45.5 120638.75),(46.5 115753.36),(47.5 110121.77),(48.5 122196.8),(49.5 117178.6),(50.5 97646.53),(51.5 94767.016),(52.5 98444.3),(53.5 96123.59),(54.5 94229.586),(55.5 96681.086),(56.5 91126.164),(57.5 96070.03),(58.5 82411.26),(59.5 84102.19),(60.5 82805.34),(61.5 87207.91),(62.5 81554.32),(63.5 77439.36),(64.5 81006.86),(65.5 76613.8),(66.5 74633.766),(67.5 71585.58),(68.5 71644.49),(69.5 73662.945),(70.5 75450.6),(71.5 68056.695),(72.5 64796.137),(73.5 67153.836),(74.5 65933.625),(75.5 60619.04),(76.5 58235.4),(77.5 59876.41),(78.5 57428.625),(79.5 56641.117),(80.5 58232.21),(81.5 54692.91),(82.5 51801.848),(83.5 49737.234),(84.5 49562.406),(85.5 48607.26),(86.5 50250.496),(87.5 48431.465),(88.5 46085.875),(89.5 44515.24),(90.5 44371.332),(91.5 44011.64),(92.5 43711.992),(93.5 41653.324),(94.5 39394.59),(95.5 37699.49),(96.5 36884.37),(97.5 36782.203),(98.5 37469.38),(99.5 35068.88),(100.5 33797.176),(101.5 33829.13),(102.5 34261.016),(103.5 33831.22),(104.5 32403.412),(105.5 32215.826),(106.5 31493.674),(107.5 30873.967),(108.5 29391.148),(109.5 31353.781),(110.5 30044.623),(111.5 27053.354),(112.5 28012.54),(113.5 27494.37),(114.5 26959.768),(115.5 25826.008),(116.5 25179.123),(117.5 23943.93),(118.5 25460.145),(119.5 23323.959),(120.5 23558.543),(121.5 23177.146),(122.5 21018.66),(123.5 21592.555),(124.5 21250.654),(125.5 21311.916),(126.5 19086.633),(127.5 20119.566),(128.5 20350.46),(129.5 18338.459),(130.5 18852.838),(131.5 17354.727),(132.5 18240.979),(133.5 18001.076),(134.5 18086.996),(135.5 17183.531),(136.5 16452.803),(137.5 16345.92),(138.5 16632.768),(139.5 16606.223),(140.5 15786.636),(141.5 15446.134),(142.5 15507.287),(143.5 14719.756),(144.5 15255.466),(145.5 14581.1045),(146.5 14115.234),(147.5 14144.841),(148.5 13766.883),(149.5 13997.153),(150.5 13980.302),(151.5 12451.634),(152.5 12135.04),(153.5 12254.384),(154.5 12306.504),(155.5 11593.852),(156.5 11666.206),(157.5 11512.895),(158.5 11513.05),(159.5 10941.3545),(160.5 11196.085),(161.5 10272.88),(162.5 10108.594),(163.5 10103.277),(164.5 9937.34),(165.5 9533.345),(166.5 9563.125),(167.5 9064.052),(168.5 9277.338),(169.5 8814.113),(170.5 8764.531),(171.5 8264.475),(172.5 8101.4478),(173.5 8234.112),(174.5 7858.56),(175.5 7972.1514),(176.5 7640.7896),(177.5 7351.168),(178.5 7683.7837),(179.5 7368.0176),(180.5 7601.2617),(181.5 7247.4434),(182.5 7028.005),(183.5 6934.2534),(184.5 7050.9536),(185.5 6950.5015),(186.5 6894.431),(187.5 6796.6963),(188.5 6280.3423),(189.5 6341.207),(190.5 6021.1177),(191.5 5861.696),(192.5 6178.234),(193.5 5548.16),(194.5 5501.0493),(195.5 5713.3574),(196.5 5632.143),(197.5 5465.9966),(198.5 5280.841),(199.5 4934.287),(200.5 4748.7095),(201.5 5014.4653),(202.5 5038.926),(203.5 4640.6357),(204.5 4616.842),(205.5 4696.124),(206.5 4560.6797),(207.5 4499.4697),(208.5 4328.977),(209.5 4150.537),(210.5 4056.4158),(211.5 4071.7283),(212.5 4005.7766),(213.5 3917.032),(214.5 3777.7986),(215.5 3768.5735),(216.5 3622.817),(217.5 3536.0583),(218.5 3475.238),(219.5 3476.6563),(220.5 3353.515),(221.5 3256.3252),(222.5 3280.2769),(223.5 3407.8535),(224.5 3218.5774),(225.5 3185.8406),(226.5 3104.1614),(227.5 2962.9019),(228.5 2968.9895),(229.5 2879.2266),(230.5 3012.124),(231.5 2826.841),(232.5 2751.7932),(233.5 2739.9507),(234.5 2718.0037),(235.5 2719.3142),(236.5 2757.2837),(237.5 2636.735),(238.5 2513.7065),(239.5 2522.2942),(240.5 2492.6646),(241.5 2420.404),(242.5 2424.673),(243.5 2434.771),(244.5 2376.642),(245.5 2429.0945),(246.5 2313.3262),(247.5 2291.0552),(248.5 2186.5193),(249.5 2106.9214),(250.5 2063.784),(251.5 1993.2567),(252.5 2036.1979),(253.5 1929.7848),(254.5 1889.1277),(255.5 1890.0487),(256.5 1854.376),(257.5 1877.9861),(258.5 1851.9955),(259.5 1809.7102),(260.5 1770.7014),(261.5 1729.9054),(262.5 1718.5106),(263.5 1645.1804),(264.5 1662.3983),(265.5 1633.2942),(266.5 1607.1636),(267.5 1571.6295),(268.5 1525.2834),(269.5 1510.3539),(270.5 1487.7899),(271.5 1449.271),(272.5 1451.8278),(273.5 1466.7672),(274.5 1394.0209),(275.5 1364.8373),(276.5 1358.2762),(277.5 1315.7904),(278.5 1315.1975),(279.5 1291.3591),(280.5 1240.8516),(281.5 1209.7974),(282.5 1186.8809),(283.5 1206.138),(284.5 1172.7372),(285.5 1157.4175),(286.5 1144.7278),(287.5 1091.7994),(288.5 1082.3307),(289.5 1100.9128),(290.5 1083.991),(291.5 1061.3021),(292.5 1015.8505),(293.5 1013.9309),(294.5 989.44434),(295.5 987.73126),(296.5 940.16736),(297.5 926.27203),(298.5 914.97784),(299.5 915.61597),(300.5 877.0925),(301.5 880.93884),(302.5 863.2224),(303.5 865.4913),(304.5 809.41815),(305.5 821.2524),(306.5 814.3671),(307.5 808.7498),(308.5 802.1677),(309.5 763.5981),(310.5 758.1736),(311.5 745.16595),(312.5 749.60205),(313.5 740.4325),(314.5 733.6306),(315.5 715.6524),(316.5 706.3789),(317.5 687.7043),(318.5 675.0446),(319.5 676.0757),(320.5 674.5975),(321.5 648.16504),(322.5 628.5462),(323.5 627.9132),(324.5 633.97516),(325.5 590.7575),(326.5 591.88544),(327.5 592.09766),(328.5 570.0273),(329.5 570.29736),(330.5 556.5784),(331.5 554.9566),(332.5 552.8221),(333.5 543.125),(334.5 515.24744),(335.5 500.34875),(336.5 502.58228),(337.5 491.18167),(338.5 487.16782),(339.5 490.4957),(340.5 484.2866),(341.5 463.66406),(342.5 462.3434),(343.5 452.9185),(344.5 454.80994),(345.5 434.3222),(346.5 440.42734),(347.5 429.2069),(348.5 423.4805),(349.5 418.16333),(350.5 411.4771),(351.5 409.017),(352.5 396.98328),(353.5 399.36316),(354.5 380.15237),(355.5 370.8982),(356.5 376.7865),(357.5 365.53647),(358.5 365.04407),(359.5 362.77374),(360.5 358.17767),(361.5 358.21075),(362.5 346.55466),(363.5 331.8484),(364.5 326.72327),(365.5 332.74225),(366.5 328.94968),(367.5 319.27103),(368.5 316.08392),(369.5 306.2828),(370.5 306.40454),(371.5 301.24472),(372.5 293.88397),(373.5 294.47574),(374.5 285.89273),(375.5 288.89166),(376.5 280.00278),(377.5 271.35767),(378.5 272.15207),(379.5 270.41794),(380.5 270.1974),(381.5 261.42307),(382.5 261.96054),(383.5 261.71777),(384.5 257.14093),(385.5 253.6983),(386.5 244.94237),(387.5 246.06963),(388.5 240.65326),(389.5 232.8769),(390.5 235.79683),(391.5 231.26228),(392.5 234.96397),(393.5 230.31473),(394.5 225.28484),(395.5 229.63814),(396.5 216.80916),(397.5 216.40361),(398.5 208.61194),(399.5 210.32428),(400.5 213.7251),(401.5 206.01082),(402.5 201.37961),(403.5 199.89886),(404.5 197.66364),(405.5 194.13655),(406.5 190.61424),(407.5 190.46756),(408.5 183.85367),(409.5 182.8854),(410.5 183.14755),(411.5 174.55792),(412.5 171.72084),(413.5 169.91275),(414.5 170.72243),(415.5 168.71373),(416.5 166.2433),(417.5 167.14903),(418.5 165.70303),(419.5 163.41856),(420.5 159.82033),(421.5 157.89383),(422.5 155.2113),(423.5 153.9149),(424.5 150.49289),(425.5 148.21227),(426.5 147.13675),(427.5 144.28604),(428.5 142.58852),(429.5 143.3687),(430.5 141.54163),(431.5 139.24443),(432.5 135.54358),(433.5 138.21957),(434.5 134.36809),(435.5 133.92146),(436.5 129.08275),(437.5 129.7977),(438.5 128.99127),(439.5 125.25996),(440.5 125.81984),(441.5 123.8384),(442.5 122.6992),(443.5 122.61634),(444.5 120.30611),(445.5 120.10299),(446.5 117.53492),(447.5 114.7572),(448.5 119.370766),(449.5 114.98288),(450.5 113.19977),(451.5 110.45118),(452.5 111.28643),(453.5 110.57744),(454.5 108.63738),(455.5 107.68943),(456.5 103.77286),(457.5 105.16753),(458.5 105.16991),(459.5 105.25084),(460.5 106.67473),(461.5 102.39903),(462.5 102.84256),(463.5 102.63438),(464.5 100.66283),(465.5 100.375206),(466.5 98.815384),(467.5 98.15351),(468.5 96.57185),(469.5 96.14076),(470.5 95.53909),(471.5 94.454124),(472.5 95.60878),(473.5 94.46434),(474.5 93.48598),(475.5 94.085304),(476.5 92.3288),(477.5 91.65242),(478.5 89.36257),(479.5 89.54178),(480.5 91.73018),(481.5 90.28764),(482.5 89.1284),(483.5 87.92259),(484.5 89.256645),(485.5 87.02161),(486.5 90.12071),(487.5 87.89558),(488.5 87.1964),(489.5 88.03308),(490.5 86.16393),(491.5 84.70501),(492.5 86.89957),(493.5 85.822624),(494.5 85.09678),(495.5 84.68096),(496.5 84.86733),(497.5 84.387505),(498.5 83.37601),(499.5 82.40137),
(1.5 149026.02),(2.5 181533.66),(3.5 252411.58),(4.5 235621.47),(5.5 247819.5),(6.5 390140.06),(7.5 430950.16),(8.5 518060.53),(9.5 381338.88),(10.5 384688.72),(11.5 318117.88),(12.5 418943.47),(13.5 431047.22),(14.5 371010.1),(15.5 363607.84),(16.5 442854.13),(17.5 393120.1),(18.5 300861.34),(19.5 313320.6),(20.5 315451.34),(21.5 416261.4),(22.5 318454.1),(23.5 236470.22),(24.5 255755.16),(25.5 293738.44),(26.5 253552.17),(27.5 243117.31),(28.5 263087.72),(29.5 264400.38),(30.5 259343.06),(31.5 252280.39),(32.5 218651.3),(33.5 218211.19),(34.5 203282.33),(35.5 206632.16),(36.5 217865.11),(37.5 208877.2),(38.5 207525.92),(39.5 190717.45),(40.5 203419.13),(41.5 180134.2),(42.5 172228.5),(43.5 162424.58),(44.5 162760.36),(45.5 167852.44),(46.5 158342.5),(47.5 149604.9),(48.5 167791.88),(49.5 158812.97),(50.5 130155.734),(51.5 127414.52),(52.5 131476.92),(53.5 127565.73),(54.5 125568.914),(55.5 128557.12),(56.5 119662.055),(57.5 127533.6),(58.5 107563.28),(59.5 109420.695),(60.5 107788.44),(61.5 114785.69),(62.5 105844.9),(63.5 100657.25),(64.5 105049.234),(65.5 99464.91),(66.5 95352.7),(67.5 91961.73),(68.5 90887.98),(69.5 94688.8),(70.5 95538.49),(71.5 85133.85),(72.5 81236.92),(73.5 84703.85),(74.5 82632.02),(75.5 75545.85),(76.5 72421.45),(77.5 73503.164),(78.5 70395.6),(79.5 69229.914),(80.5 71521.85),(81.5 66763.57),(82.5 62956.8),(83.5 59511.58),(84.5 59431.51),(85.5 59005.676),(86.5 60894.344),(87.5 58063.53),(88.5 55617.156),(89.5 53021.29),(90.5 52872.242),(91.5 52638.457),(92.5 51616.59),(93.5 49806.34),(94.5 46089.473),(95.5 44433.344),(96.5 43163.02),(97.5 42902.61),(98.5 44387.215),(99.5 41077.363),(100.5 39344.35),(101.5 38914.97),(102.5 40145.99),(103.5 39886.37),(104.5 37849.566),(105.5 37620.855),(106.5 36403.285),(107.5 36005.19),(108.5 34155.293),(109.5 36461.594),(110.5 34829.31),(111.5 31082.42),(112.5 31941.09),(113.5 31324.064),(114.5 30558.564),(115.5 29232.752),(116.5 28506.924),(117.5 26873.457),(118.5 28687.4),(119.5 26085.43),(120.5 26549.537),(121.5 26085.871),(122.5 23643.773),(123.5 24662.857),(124.5 24103.436),(125.5 24125.7),(126.5 21384.793),(127.5 22860.934),(128.5 23050.541),(129.5 20585.877),(130.5 21528.322),(131.5 19430.096),(132.5 20570.438),(133.5 20349.553),(134.5 20323.104),(135.5 19107.78),(136.5 18363.49),(137.5 18238.219),(138.5 18684.658),(139.5 18469.084),(140.5 17297.563),(141.5 17018.322),(142.5 17074.979),(143.5 16172.245),(144.5 16861.775),(145.5 16127.043),(146.5 15714.908),(147.5 15598.806),(148.5 15092.835),(149.5 15491.424),(150.5 15454.96),(151.5 13759.393),(152.5 13215.011),(153.5 13427.786),(154.5 13394.85),(155.5 12791.889),(156.5 12661.64),(157.5 12514.254),(158.5 12627.574),(159.5 12063.684),(160.5 12157.396),(161.5 11179.061),(162.5 11019.782),(163.5 11103.098),(164.5 10991.261),(165.5 10394.146),(166.5 10422.077),(167.5 9930.358),(168.5 10201.011),(169.5 9656.722),(170.5 9548.646),(171.5 8997.704),(172.5 8791.983),(173.5 8981.033),(174.5 8548.778),(175.5 8599.037),(176.5 8234.439),(177.5 7883.8438),(178.5 8403.348),(179.5 7919.127),(180.5 8223.913),(181.5 7665.827),(182.5 7467.1323),(183.5 7462.8896),(184.5 7686.8804),(185.5 7602.7144),(186.5 7423.883),(187.5 7346.2866),(188.5 6742.216),(189.5 6863.7163),(190.5 6504.926),(191.5 6366.201),(192.5 6736.572),(193.5 6005.74),(194.5 5901.328),(195.5 6192.875),(196.5 6027.987),(197.5 5927.991),(198.5 5600.6353),(199.5 5328.1343),(200.5 5054.2334),(201.5 5347.316),(202.5 5440.0303),(203.5 4970.582),(204.5 4937.8115),(205.5 5071.815),(206.5 4898.069),(207.5 4847.7227),(208.5 4596.8296),(209.5 4502.2627),(210.5 4358.798),(211.5 4391.421),(212.5 4348.3677),(213.5 4210.34),(214.5 4033.3315),(215.5 4030.3096),(216.5 3892.103),(217.5 3797.0347),(218.5 3703.664),(219.5 3753.718),(220.5 3616.1218),(221.5 3481.3125),(222.5 3522.4846),(223.5 3680.6296),(224.5 3416.9927),(225.5 3368.9102),(226.5 3297.0122),(227.5 3155.2104),(228.5 3188.5547),(229.5 3138.5344),(230.5 3260.4116),(231.5 3023.3606),(232.5 2873.832),(233.5 2916.8672),(234.5 2907.2986),(235.5 2891.913),(236.5 2915.3801),(237.5 2783.4648),(238.5 2694.9346),(239.5 2661.439),(240.5 2664.3945),(241.5 2592.102),(242.5 2604.2761),(243.5 2586.1724),(244.5 2522.936),(245.5 2595.544),(246.5 2467.951),(247.5 2426.454),(248.5 2298.9658),(249.5 2229.311),(250.5 2208.8728),(251.5 2148.2808),(252.5 2180.8047),(253.5 2052.6729),(254.5 2008.653),(255.5 2020.4082),(256.5 1956.6782),(257.5 2000.6295),(258.5 1972.3546),(259.5 1935.6313),(260.5 1882.5718),(261.5 1845.2288),(262.5 1821.0883),(263.5 1738.5955),(264.5 1749.8489),(265.5 1733.2465),(266.5 1717.9645),(267.5 1674.0946),(268.5 1622.884),(269.5 1583.331),(270.5 1547.1818),(271.5 1536.496),(272.5 1533.8596),(273.5 1540.0394),(274.5 1478.2148),(275.5 1454.7987),(276.5 1425.3584),(277.5 1381.871),(278.5 1386.155),(279.5 1354.9792),(280.5 1306.4229),(281.5 1280.182),(282.5 1248.335),(283.5 1275.9005),(284.5 1247.0004),(285.5 1223.1584),(286.5 1208.463),(287.5 1143.0397),(288.5 1132.7233),(289.5 1156.5469),(290.5 1140.2261),(291.5 1119.8485),(292.5 1066.3549),(293.5 1064.6224),(294.5 1039.9746),(295.5 1046.5093),(296.5 993.65814),(297.5 979.8307),(298.5 956.3131),(299.5 947.46265),(300.5 924.24457),(301.5 938.0506),(302.5 916.5765),(303.5 911.57056),(304.5 858.37897),(305.5 873.37115),(306.5 861.2282),(307.5 862.93286),(308.5 859.0767),(309.5 818.0755),(310.5 799.5345),(311.5 785.2152),(312.5 785.01624),(313.5 775.2571),(314.5 778.1564),(315.5 757.8266),(316.5 740.69855),(317.5 721.0131),(318.5 705.1002),(319.5 717.5283),(320.5 708.09467),(321.5 688.92126),(322.5 661.02136),(323.5 663.27997),(324.5 659.26416),(325.5 625.2325),(326.5 632.4151),(327.5 624.328),(328.5 599.41113),(329.5 604.6056),(330.5 587.1696),(331.5 585.40045),(332.5 585.80334),(333.5 582.5491),(334.5 554.406),(335.5 535.21747),(336.5 532.8711),(337.5 531.1488),(338.5 521.4369),(339.5 515.316),(340.5 506.1747),(341.5 489.82407),(342.5 485.37918),(343.5 482.68872),(344.5 482.34018),(345.5 457.1021),(346.5 462.44492),(347.5 452.50073),(348.5 450.1657),(349.5 445.404),(350.5 436.2475),(351.5 429.57666),(352.5 414.2937),(353.5 420.2376),(354.5 401.57986),(355.5 390.77356),(356.5 396.63977),(357.5 384.5883),(358.5 386.35742),(359.5 384.65994),(360.5 380.2275),(361.5 378.88168),(362.5 366.46066),(363.5 348.4828),(364.5 344.03564),(365.5 351.02325),(366.5 345.70596),(367.5 337.9426),(368.5 333.26306),(369.5 326.68973),(370.5 323.11774),(371.5 316.33405),(372.5 312.37665),(373.5 310.6608),(374.5 304.31555),(375.5 304.31955),(376.5 296.75003),(377.5 286.87225),(378.5 289.42316),(379.5 288.4835),(380.5 285.57697),(381.5 276.2107),(382.5 278.18607),(383.5 277.05173),(384.5 272.97064),(385.5 269.679),(386.5 259.29575),(387.5 259.26486),(388.5 252.93398),(389.5 245.3754),(390.5 251.11339),(391.5 245.14687),(392.5 248.43335),(393.5 245.58603),(394.5 240.7104),(395.5 242.86304),(396.5 229.68564),(397.5 228.25548),(398.5 221.69133),(399.5 224.95436),(400.5 228.94911),(401.5 217.28145),(402.5 210.7597),(403.5 211.97246),(404.5 210.91818),(405.5 208.28952),(406.5 204.02222),(407.5 201.73756),(408.5 195.38348),(409.5 196.51549),(410.5 193.76231),(411.5 184.69495),(412.5 182.37012),(413.5 180.29802),(414.5 180.4937),(415.5 177.07536),(416.5 175.9347),(417.5 176.34648),(418.5 176.12837),(419.5 171.95706),(420.5 169.54472),(421.5 168.00064),(422.5 164.17157),(423.5 161.25345),(424.5 158.4086),(425.5 156.38701),(426.5 154.91853),(427.5 152.68787),(428.5 150.225),(429.5 151.77525),(430.5 150.07793),(431.5 145.72804),(432.5 142.41748),(433.5 144.82745),(434.5 141.77446),(435.5 140.73363),(436.5 134.96973),(437.5 137.62985),(438.5 136.76538),(439.5 133.96774),(440.5 132.38556),(441.5 130.76494),(442.5 129.8971),(443.5 130.09839),(444.5 126.771904),(445.5 125.801384),(446.5 123.42492),(447.5 122.3115),(448.5 126.22181),(449.5 121.507324),(450.5 118.36744),(451.5 115.74113),(452.5 116.69898),(453.5 116.477425),(454.5 114.19151),(455.5 113.39406),(456.5 110.16257),(457.5 110.17101),(458.5 109.89614),(459.5 110.57742),(460.5 112.65099),(461.5 106.98107),(462.5 108.74328),(463.5 109.17453),(464.5 105.680756),(465.5 106.15587),(466.5 104.20914),(467.5 102.859215),(468.5 102.19873),(469.5 102.074814),(470.5 100.700775),(471.5 98.92045),(472.5 100.251366),(473.5 98.59822),(474.5 98.566795),(475.5 98.85451),(476.5 96.93286),(477.5 96.29583),(478.5 92.84324),(479.5 93.616135),(480.5 95.64281),(481.5 94.26737),(482.5 94.31886),(483.5 92.09887),(484.5 92.74748),(485.5 91.39534),(486.5 94.55773),(487.5 91.813515),(488.5 91.964676),(489.5 92.69729),(490.5 91.14819),(491.5 89.50464),(492.5 91.340195),(493.5 90.24787),(494.5 89.58291),(495.5 89.22265),(496.5 88.99436),(497.5 87.93281),(498.5 87.23347),(499.5 86.85021),
(1.5 174675.19),(2.5 220376.1),(3.5 326491.97),(4.5 313864.63),(5.5 337704.53),(6.5 544189.4),(7.5 602352.2),(8.5 721652.9),(9.5 531965.3),(10.5 536980.56),(11.5 436449.25),(12.5 587571.8),(13.5 599154.06),(14.5 514832.25),(15.5 505699.38),(16.5 616705),(17.5 544650.1),(18.5 411153.75),(19.5 434087.7),(20.5 434594.56),(21.5 575373.06),(22.5 440163.94),(23.5 320931.2),(24.5 350399.63),(25.5 398898.13),(26.5 341800.88),(27.5 330928.16),(28.5 352762.13),(29.5 356511.34),(30.5 348476.72),(31.5 336785.7),(32.5 287182.4),(33.5 289511.97),(34.5 265918.6),(35.5 272482.06),(36.5 284425.3),(37.5 274178.06),(38.5 270401.56),(39.5 248344.28),(40.5 264515.78),(41.5 230803.98),(42.5 220609.97),(43.5 205093.02),(44.5 203381.48),(45.5 214399.72),(46.5 199599.6),(47.5 187689.33),(48.5 211395.77),(49.5 197074.75),(50.5 159035.03),(51.5 157330.27),(52.5 161211.56),(53.5 155822.25),(54.5 153767.67),(55.5 156527.83),(56.5 144725.66),(57.5 155467.73),(58.5 128947.414),(59.5 130913.766),(60.5 128137.7),(61.5 138517.25),(62.5 125982.1),(63.5 119928.875),(64.5 125033.91),(65.5 118544.24),(66.5 111810.04),(67.5 108067.125),(68.5 106177.45),(69.5 111652.414),(70.5 110636.46),(71.5 98533.8),(72.5 94554.17),(73.5 98714.27),(74.5 95581.266),(75.5 87374.68),(76.5 83748.164),(77.5 83853.8),(78.5 80372.1),(79.5 78791.95),(80.5 81867.52),(81.5 76242.53),(82.5 70965.19),(83.5 66961.8),(84.5 66202.84),(85.5 67355.85),(86.5 69130.23),(87.5 65029.016),(88.5 62837.15),(89.5 58968.87),(90.5 59081.996),(91.5 58630.277),(92.5 57091.637),(93.5 55951.516),(94.5 51005.066),(95.5 49312.176),(96.5 47359.766),(97.5 47118.027),(98.5 49375.26),(99.5 45022.164),(100.5 42665.47),(101.5 41730.09),(102.5 44096.617),(103.5 44071.688),(104.5 41732.824),(105.5 41276.19),(106.5 39463.688),(107.5 39308.87),(108.5 37623.176),(109.5 40101.465),(110.5 37925.246),(111.5 33854.523),(112.5 34202.863),(113.5 33573.535),(114.5 32787.797),(115.5 31349.457),(116.5 30686.303),(117.5 28616.77),(118.5 30136.697),(119.5 27613.854),(120.5 28464.031),(121.5 27863.69),(122.5 25486.639),(123.5 26805.977),(124.5 25908.535),(125.5 25893.494),(126.5 23254.05),(127.5 25047.178),(128.5 24856.66),(129.5 22060.242),(130.5 23124.28),(131.5 20865.668),(132.5 21976.217),(133.5 22026.559),(134.5 21861.602),(135.5 20210.736),(136.5 19629.982),(137.5 19478.889),(138.5 19910.998),(139.5 19735.686),(140.5 18372.29),(141.5 17852.9),(142.5 17924.31),(143.5 17138.049),(144.5 17944.33),(145.5 17148.393),(146.5 16792.568),(147.5 16627.686),(148.5 15918.934),(149.5 16491.17),(150.5 16472.016),(151.5 14719.398),(152.5 13985.666),(153.5 14296.21),(154.5 14180.612),(155.5 13733.618),(156.5 13504.194),(157.5 13228.271),(158.5 13464.338),(159.5 12909.419),(160.5 12799.598),(161.5 11765.311),(162.5 11659.751),(163.5 11735.102),(164.5 11755.433),(165.5 11004.984),(166.5 11077.064),(167.5 10673.197),(168.5 10837.139),(169.5 10184.059),(170.5 10084.447),(171.5 9593.483),(172.5 9379.842),(173.5 9491.632),(174.5 9047.765),(175.5 9035.991),(176.5 8710.018),(177.5 8439.754),(178.5 8910.564),(179.5 8435.673),(180.5 8756.537),(181.5 8043.1914),(182.5 7867.2075),(183.5 7929.6777),(184.5 8219.785),(185.5 8146.53),(186.5 7937.744),(187.5 7784.8867),(188.5 7148.187),(189.5 7250.3125),(190.5 6865.3477),(191.5 6791.4385),(192.5 7178.09),(193.5 6388.2896),(194.5 6277.1333),(195.5 6556.806),(196.5 6335.8687),(197.5 6250.5576),(198.5 5874.1772),(199.5 5596.231),(200.5 5353.1455),(201.5 5611.0225),(202.5 5743.623),(203.5 5278.674),(204.5 5196.6387),(205.5 5338.4805),(206.5 5167.931),(207.5 5123.592),(208.5 4870.189),(209.5 4735.392),(210.5 4570.096),(211.5 4612.239),(212.5 4634.2227),(213.5 4406.469),(214.5 4282.32),(215.5 4224.199),(216.5 4054.131),(217.5 3960.1501),(218.5 3892.2708),(219.5 3975.9563),(220.5 3858.946),(221.5 3679.7078),(222.5 3662.304),(223.5 3842.6782),(224.5 3592.3196),(225.5 3519.9421),(226.5 3453.0474),(227.5 3307.8218),(228.5 3347.2703),(229.5 3301.9849),(230.5 3414.651),(231.5 3177.8362),(232.5 2979.727),(233.5 3038.6753),(234.5 2991.566),(235.5 3025.321),(236.5 3046.3933),(237.5 2882.433),(238.5 2828.298),(239.5 2730.024),(240.5 2769.5327),(241.5 2709.8716),(242.5 2711.473),(243.5 2709.6719),(244.5 2662.2358),(245.5 2715.5525),(246.5 2571.3562),(247.5 2502.2932),(248.5 2385.8342),(249.5 2342.3267),(250.5 2323.5408),(251.5 2235.4153),(252.5 2290.5466),(253.5 2163.3755),(254.5 2091.8625),(255.5 2105.068),(256.5 2036.7274),(257.5 2096.6482),(258.5 2083.4229),(259.5 2023.7606),(260.5 1955.9045),(261.5 1902.3372),(262.5 1898.035),(263.5 1814.2235),(264.5 1824.479),(265.5 1776.1421),(266.5 1764.454),(267.5 1742.3906),(268.5 1695.2079),(269.5 1651.0289),(270.5 1600.9054),(271.5 1593.3401),(272.5 1588.5684),(273.5 1606.4718),(274.5 1551.5006),(275.5 1512.6428),(276.5 1478.2095),(277.5 1437.7217),(278.5 1448.8779),(279.5 1410.777),(280.5 1360.3406),(281.5 1335.9998),(282.5 1305.3695),(283.5 1329.8624),(284.5 1289.2157),(285.5 1267.6869),(286.5 1253.3456),(287.5 1185.9862),(288.5 1183.2137),(289.5 1194.6373),(290.5 1181.2897),(291.5 1167.6356),(292.5 1106.9523),(293.5 1102.2703),(294.5 1085.368),(295.5 1086.3433),(296.5 1032.6495),(297.5 1019.0708),(298.5 999.633),(299.5 991.06256),(300.5 984.8208),(301.5 981.4902),(302.5 961.09906),(303.5 955.9047),(304.5 909.5814),(305.5 915.5597),(306.5 905.90283),(307.5 905.228),(308.5 889.843),(309.5 864.01495),(310.5 848.016),(311.5 824.92633),(312.5 816.1929),(313.5 807.56934),(314.5 822.91876),(315.5 791.45),(316.5 767.1427),(317.5 743.11615),(318.5 737.7334),(319.5 744.3231),(320.5 739.2012),(321.5 729.8433),(322.5 692.5538),(323.5 695.33167),(324.5 688.207),(325.5 652.6075),(326.5 663.9356),(327.5 657.8461),(328.5 626.25415),(329.5 632.96295),(330.5 616.5926),(331.5 611.09235),(332.5 614.9182),(333.5 609.2708),(334.5 580.5763),(335.5 562.88324),(336.5 558.5617),(337.5 556.4627),(338.5 551.5812),(339.5 538.15875),(340.5 529.27185),(341.5 514.95856),(342.5 507.3043),(343.5 506.38284),(344.5 503.2174),(345.5 478.52664),(346.5 485.38605),(347.5 475.6412),(348.5 475.8964),(349.5 467.03787),(350.5 459.0168),(351.5 451.24756),(352.5 433.5371),(353.5 437.52414),(354.5 418.4242),(355.5 410.27878),(356.5 413.97867),(357.5 404.76675),(358.5 407.1242),(359.5 397.67453),(360.5 391.49643),(361.5 398.10693),(362.5 383.4239),(363.5 365.46976),(364.5 357.8932),(365.5 366.8206),(366.5 359.63882),(367.5 349.86462),(368.5 345.56284),(369.5 341.25235),(370.5 338.17752),(371.5 332.41617),(372.5 327.7179),(373.5 322.28452),(374.5 315.4277),(375.5 314.2168),(376.5 313.67944),(377.5 296.72128),(378.5 298.85675),(379.5 299.0481),(380.5 297.2805),(381.5 289.31107),(382.5 292.201),(383.5 286.59338),(384.5 284.18094),(385.5 280.54065),(386.5 267.67038),(387.5 268.30814),(388.5 261.76004),(389.5 254.16011),(390.5 261.38068),(391.5 255.97324),(392.5 257.6899),(393.5 254.78172),(394.5 251.4473),(395.5 251.43024),(396.5 236.79692),(397.5 233.9084),(398.5 230.14282),(399.5 233.95052),(400.5 237.9791),(401.5 224.1019),(402.5 217.92712),(403.5 217.16754),(404.5 219.48251),(405.5 215.04456),(406.5 211.35785),(407.5 207.82874),(408.5 203.15761),(409.5 202.6517),(410.5 199.91626),(411.5 190.80887),(412.5 189.34264),(413.5 186.55441),(414.5 185.04848),(415.5 182.45392),(416.5 180.92477),(417.5 180.91327),(418.5 183.8462),(419.5 180.00279),(420.5 176.7153),(421.5 174.74744),(422.5 169.65195),(423.5 165.57387),(424.5 162.19217),(425.5 161.47363),(426.5 160.69556),(427.5 156.50182),(428.5 155.04152),(429.5 155.77167),(430.5 155.58556),(431.5 152.53516),(432.5 146.08926),(433.5 150.67319),(434.5 146.52544),(435.5 145.81947),(436.5 139.64613),(437.5 143.55847),(438.5 142.93874),(439.5 139.71779),(440.5 138.04988),(441.5 136.14836),(442.5 135.28345),(443.5 135.31248),(444.5 132.54349),(445.5 132.52739),(446.5 129.40143),(447.5 127.49015),(448.5 132.24532),(449.5 125.65777),(450.5 122.301445),(451.5 120.75457),(452.5 120.53821),(453.5 120.96312),(454.5 118.769585),(455.5 116.74841),(456.5 114.115166),(457.5 114.40593),(458.5 113.68848),(459.5 114.89918),(460.5 116.223305),(461.5 110.6314),(462.5 113.38609),(463.5 112.98295),(464.5 109.3265),(465.5 109.76367),(466.5 108.02874),(467.5 107.07141),(468.5 105.9124),(469.5 105.85151),(470.5 104.006516),(471.5 101.659096),(472.5 103.97548),(473.5 102.669106),(474.5 102.80276),(475.5 102.53447),(476.5 101.25146),(477.5 98.918495),(478.5 95.7441),(479.5 96.79023),(480.5 98.93844),(481.5 98.02729),(482.5 97.0481),(483.5 94.90012),(484.5 96.49479),(485.5 95.680466),(486.5 97.51669),(487.5 94.33798),(488.5 95.01766),(489.5 95.57312),(490.5 93.72717),(491.5 92.62778),(492.5 94.13604),(493.5 92.95446),(494.5 93.05362),(495.5 90.826454),(496.5 91.9439),(497.5 90.66078),(498.5 90.29961),(499.5 89.32679),
(1.5 241281.38),(2.5 303170.8),(3.5 434772.9),(4.5 420032.53),(5.5 453519.78),(6.5 730431),(7.5 802353.1),(8.5 960244.7),(9.5 705794.4),(10.5 710462.06),(11.5 567241.3),(12.5 779386.9),(13.5 790807),(14.5 681151.6),(15.5 669947.4),(16.5 811556.06),(17.5 714178),(18.5 535430.94),(19.5 568672.8),(20.5 568191.8),(21.5 751431.7),(22.5 575243.5),(23.5 413994.84),(24.5 453746.7),(25.5 511455.9),(26.5 435468.53),(27.5 425130.1),(28.5 445668.44),(29.5 452424.1),(30.5 439393.9),(31.5 423147.13),(32.5 357540.72),(33.5 362213.9),(34.5 328534.8),(35.5 339368.9),(36.5 351144.88),(37.5 338780.97),(38.5 331078.47),(39.5 305953.28),(40.5 322395),(41.5 279229.9),(42.5 266637.97),(43.5 244860.44),(44.5 239142.36),(45.5 256657.25),(46.5 237124.98),(47.5 223814.38),(48.5 250565.52),(49.5 230466.47),(50.5 183567),(51.5 182707.17),(52.5 187302.78),(53.5 180338.66),(54.5 178369.22),(55.5 179785.7),(56.5 165865.9),(57.5 179051.3),(58.5 146014.2),(59.5 147302),(60.5 143414.05),(61.5 157235.42),(62.5 141745.3),(63.5 134803.81),(64.5 140220.9),(65.5 133061.98),(66.5 123122.64),(67.5 120202.86),(68.5 117388.69),(69.5 124743.58),(70.5 120647.68),(71.5 108090.54),(72.5 104861.77),(73.5 109673.26),(74.5 105762.68),(75.5 96406.57),(76.5 92406.125),(77.5 91392.6),(78.5 87998.18),(79.5 85608.22),(80.5 89548.766),(81.5 84033.45),(82.5 76628.266),(83.5 72480.586),(84.5 70826.734),(85.5 73769.664),(86.5 75591.13),(87.5 69957.71),(88.5 67906.33),(89.5 62723.55),(90.5 63714.74),(91.5 62774.426),(92.5 61159.055),(93.5 60397.734),(94.5 54779.23),(95.5 52446.81),(96.5 50209.8),(97.5 50071.06),(98.5 52876.31),(99.5 47353.504),(100.5 44588.316),(101.5 42886.61),(102.5 46549.945),(103.5 47179.004),(104.5 44631.355),(105.5 43337.58),(106.5 41176.62),(107.5 41294.676),(108.5 40026.953),(109.5 42612.734),(110.5 39920.85),(111.5 35764.36),(112.5 35635.184),(113.5 34732.637),(114.5 34115.477),(115.5 32770.88),(116.5 32266.967),(117.5 29719.371),(118.5 30751.875),(119.5 28524.563),(120.5 30082.346),(121.5 29249.307),(122.5 26962.5),(123.5 28337.863),(124.5 26867.633),(125.5 27058.463),(126.5 24476.707),(127.5 26552.86),(128.5 26120.088),(129.5 23144.49),(130.5 24071.514),(131.5 21793.135),(132.5 22882.217),(133.5 23180.762),(134.5 23026.258),(135.5 20937.83),(136.5 20526.213),(137.5 20431.809),(138.5 20810.172),(139.5 20779.246),(140.5 19152.457),(141.5 18575.59),(142.5 18528.824),(143.5 17973.71),(144.5 18754.742),(145.5 17918.102),(146.5 17610.104),(147.5 17221.922),(148.5 16582.197),(149.5 17401.227),(150.5 17186.715),(151.5 15408.588),(152.5 14674.245),(153.5 14880.307),(154.5 14763.362),(155.5 14392.496),(156.5 14004.892),(157.5 13670.875),(158.5 13910.405),(159.5 13305.231),(160.5 13233.011),(161.5 11974.009),(162.5 12126.761),(163.5 12180.465),(164.5 12163.889),(165.5 11516.753),(166.5 11648.595),(167.5 11119.983),(168.5 11119.097),(169.5 10480.271),(170.5 10366.525),(171.5 9948.842),(172.5 9839.055),(173.5 9769.974),(174.5 9392.736),(175.5 9364.656),(176.5 9120.258),(177.5 8846.565),(178.5 9273.943),(179.5 8837.642),(180.5 9100.501),(181.5 8431.452),(182.5 8267.16),(183.5 8344.663),(184.5 8590.71),(185.5 8526.537),(186.5 8283.518),(187.5 8125.6504),(188.5 7552.5254),(189.5 7489.3735),(190.5 7086.493),(191.5 7109.4434),(192.5 7510.67),(193.5 6657.3706),(194.5 6474.9023),(195.5 6713.9424),(196.5 6489.3643),(197.5 6391.72),(198.5 6053.0728),(199.5 5748.4136),(200.5 5664.857),(201.5 5788.7134),(202.5 5942.5283),(203.5 5501.92),(204.5 5364.5444),(205.5 5456.572),(206.5 5312.253),(207.5 5267.235),(208.5 5022.6304),(209.5 4857.0645),(210.5 4680.747),(211.5 4769.84),(212.5 4790.2427),(213.5 4522.928),(214.5 4411.554),(215.5 4344.718),(216.5 4164.5913),(217.5 4070.403),(218.5 4025.9353),(219.5 4109.9805),(220.5 4053.8032),(221.5 3847.9478),(222.5 3762.7905),(223.5 3939.374),(224.5 3742.2964),(225.5 3663.057),(226.5 3553.641),(227.5 3405.8018),(228.5 3456.8193),(229.5 3389.4358),(230.5 3554.1563),(231.5 3262.7854),(232.5 3093.2366),(233.5 3111.0068),(234.5 3072.7078),(235.5 3102.4368),(236.5 3130.5745),(237.5 2962.9795),(238.5 2923.4883),(239.5 2787.3833),(240.5 2850.7131),(241.5 2769.771),(242.5 2799.1736),(243.5 2789.6248),(244.5 2741.4438),(245.5 2766.0334),(246.5 2635.6772),(247.5 2550.3723),(248.5 2458.9058),(249.5 2413.6467),(250.5 2415.6555),(251.5 2308.172),(252.5 2381.7476),(253.5 2254.5562),(254.5 2154.293),(255.5 2158.7295),(256.5 2105.521),(257.5 2168.2664),(258.5 2169.4136),(259.5 2113.66),(260.5 2017.4331),(261.5 1964.1372),(262.5 1958.4457),(263.5 1868.7604),(264.5 1856.2378),(265.5 1826.5227),(266.5 1810.914),(267.5 1792.3304),(268.5 1731.246),(269.5 1694.3568),(270.5 1650.7615),(271.5 1648.9613),(272.5 1633.2379),(273.5 1641.9994),(274.5 1595.7938),(275.5 1563.2074),(276.5 1524.1385),(277.5 1493.087),(278.5 1518.7382),(279.5 1452.9417),(280.5 1412.0607),(281.5 1397.557),(282.5 1371.823),(283.5 1382.0402),(284.5 1350.2784),(285.5 1305.7085),(286.5 1293.6005),(287.5 1232.3506),(288.5 1249.7708),(289.5 1244.9166),(290.5 1221.143),(291.5 1206.1411),(292.5 1135.32),(293.5 1135.1371),(294.5 1117.5068),(295.5 1114.0251),(296.5 1059.8802),(297.5 1050.6436),(298.5 1030.2767),(299.5 1030.4413),(300.5 1026.4895),(301.5 1020.37274),(302.5 988.4018),(303.5 989.36206),(304.5 937.38275),(305.5 940.7974),(306.5 941.80066),(307.5 939.4583),(308.5 914.15344),(309.5 890),(310.5 875.77893),(311.5 856.77435),(312.5 843.4657),(313.5 834.8901),(314.5 844.85266),(315.5 811.7845),(316.5 798.6689),(317.5 767.1147),(318.5 750.17633),(319.5 766.8043),(320.5 760.3073),(321.5 752.65717),(322.5 719.1012),(323.5 725.52),(324.5 717.0386),(325.5 675.5009),(326.5 681.9041),(327.5 674.01575),(328.5 653.2254),(329.5 658.6469),(330.5 639.4287),(331.5 632.8868),(332.5 636.13947),(333.5 633.8767),(334.5 601.1036),(335.5 583.7711),(336.5 575.4807),(337.5 574.8648),(338.5 567.1244),(339.5 560.0281),(340.5 543.53094),(341.5 536.5498),(342.5 531.5644),(343.5 526.8969),(344.5 520.6902),(345.5 489.36615),(346.5 505.44522),(347.5 489.78198),(348.5 488.77652),(349.5 483.36188),(350.5 481.31363),(351.5 469.8648),(352.5 452.68347),(353.5 453.45825),(354.5 433.69684),(355.5 425.14575),(356.5 428.99332),(357.5 416.68365),(358.5 419.48828),(359.5 413.10834),(360.5 406.9253),(361.5 411.54825),(362.5 405.14627),(363.5 378.50525),(364.5 370.3772),(365.5 378.87958),(366.5 367.505),(367.5 359.10815),(368.5 356.04788),(369.5 347.04895),(370.5 350.705),(371.5 343.36673),(372.5 331.5047),(373.5 332.0151),(374.5 320.5935),(375.5 324.36908),(376.5 323.7748),(377.5 305.24457),(378.5 304.91492),(379.5 309.49673),(380.5 306.81238),(381.5 296.20966),(382.5 302.13428),(383.5 296.5139),(384.5 294.8899),(385.5 287.0097),(386.5 272.22824),(387.5 273.01547),(388.5 269.85254),(389.5 262.26025),(390.5 269.67477),(391.5 265.37488),(392.5 267.7365),(393.5 259.4984),(394.5 258.0805),(395.5 258.40292),(396.5 243.16676),(397.5 241.11725),(398.5 238.23837),(399.5 239.84673),(400.5 244.1633),(401.5 230.69603),(402.5 226.02705),(403.5 223.5358),(404.5 225.36151),(405.5 219.54945),(406.5 215.00461),(407.5 212.3171),(408.5 208.17336),(409.5 207.80852),(410.5 204.51851),(411.5 197.11684),(412.5 195.42947),(413.5 192.60176),(414.5 193.22023),(415.5 189.36641),(416.5 188.21144),(417.5 186.62184),(418.5 188.79471),(419.5 183.75253),(420.5 182.41403),(421.5 180.76369),(422.5 174.78633),(423.5 170.62303),(424.5 167.05602),(425.5 164.49547),(426.5 167.6539),(427.5 162.26178),(428.5 160.72108),(429.5 158.168),(430.5 159.70543),(431.5 158.05768),(432.5 148.58534),(433.5 154.61038),(434.5 150.38092),(435.5 148.25807),(436.5 142.52246),(437.5 147.30556),(438.5 146.2477),(439.5 142.0941),(440.5 140.68353),(441.5 139.13596),(442.5 137.24815),(443.5 137.90042),(444.5 135.92612),(445.5 135.16776),(446.5 132.36874),(447.5 131.89491),(448.5 135.93567),(449.5 129.28867),(450.5 125.39019),(451.5 123.51716),(452.5 124.1059),(453.5 124.181465),(454.5 122.33179),(455.5 120.89765),(456.5 117.25927),(457.5 118.45179),(458.5 117.86866),(459.5 117.13331),(460.5 118.71481),(461.5 112.923416),(462.5 115.28141),(463.5 116.42623),(464.5 112.18372),(465.5 112.84475),(466.5 112.346664),(467.5 110.730644),(468.5 108.229065),(469.5 109.76212),(470.5 106.05904),(471.5 104.54501),(472.5 107.53319),(473.5 107.59671),(474.5 105.37307),(475.5 105.20638),(476.5 103.31103),(477.5 101.746506),(478.5 98.766335),(479.5 99.15),(480.5 100.70485),(481.5 99.70444),(482.5 99.37859),(483.5 97.445816),(484.5 99.20234),(485.5 97.50715),(486.5 100.84181),(487.5 96.64319),(488.5 98.16076),(489.5 97.498405),(490.5 97.32712),(491.5 95.04939),(492.5 96.530136),(493.5 95.92486),(494.5 95.83707),(495.5 93.20295),(496.5 94.306366),(497.5 93.766136),(498.5 91.98418),(499.5 91.621574),
(1.5 297693.03),(2.5 371373.03),(3.5 542556.7),(4.5 534304.56),(5.5 582904.4),(6.5 934170.3),(7.5 1029126.56),(8.5 1221786.6),(9.5 898194.25),(10.5 902286.8),(11.5 713790),(12.5 988251.56),(13.5 1002221.7),(14.5 863372),(15.5 854676.94),(16.5 1020189.6),(17.5 899027.94),(18.5 668796.25),(19.5 711050.94),(20.5 710775.5),(21.5 938372.1),(22.5 719205.8),(23.5 512411.38),(24.5 563682.5),(25.5 627136.6),(26.5 531099.44),(27.5 522624.9),(28.5 539678.7),(29.5 547835.5),(30.5 531498),(31.5 508441.13),(32.5 427603.7),(33.5 434634.03),(34.5 388604),(35.5 404550.03),(36.5 416322.88),(37.5 399126.06),(38.5 385601.3),(39.5 360522.88),(40.5 375814.3),(41.5 323440.5),(42.5 308904.78),(43.5 281016.28),(44.5 269748.03),(45.5 293160.63),(46.5 270203),(47.5 257232.03),(48.5 283912.06),(49.5 258639.45),(50.5 203760.53),(51.5 204559.28),(52.5 210617.92),(53.5 200784.83),(54.5 199162.3),(55.5 198630.28),(56.5 183385.02),(57.5 197891.44),(58.5 158801.9),(59.5 158237.75),(60.5 153902.34),(61.5 171520.94),(62.5 153683.4),(63.5 145307.95),(64.5 150683.78),(65.5 143942.77),(66.5 130455.9),(67.5 128737.82),(68.5 125274.914),(69.5 134448.16),(70.5 126710.94),(71.5 114385.31),(72.5 112359.28),(73.5 117885.87),(74.5 113359.03),(75.5 103061.03),(76.5 98263.27),(77.5 96582.695),(78.5 93742.39),(79.5 90362.02),(80.5 94657.14),(81.5 90270.29),(82.5 80532.73),(83.5 76192.266),(84.5 73657.71),(85.5 78047.04),(86.5 79864.81),(87.5 73129.61),(88.5 70863.195),(89.5 65378.496),(90.5 67033.85),(91.5 65282.063),(92.5 64236.344),(93.5 63630.367),(94.5 57231.266),(95.5 54853.023),(96.5 52249.273),(97.5 52386.105),(98.5 55261.39),(99.5 48925.586),(100.5 45999.926),(101.5 43701.668),(102.5 48239.5),(103.5 49559.336),(104.5 46985.965),(105.5 45158.85),(106.5 42578.855),(107.5 42674.09),(108.5 42112.508),(109.5 44553.38),(110.5 41684.645),(111.5 37096.434),(112.5 36671.87),(113.5 35529.477),(114.5 34817.72),(115.5 33623.043),(116.5 33491.816),(117.5 30629.232),(118.5 31279.23),(119.5 29444.828),(120.5 31581.338),(121.5 30377.262),(122.5 27969.373),(123.5 29589.027),(124.5 27591.826),(125.5 27677.867),(126.5 25238.068),(127.5 27614.307),(128.5 26939.803),(129.5 23750.482),(130.5 24940.076),(131.5 22388.623),(132.5 23429.395),(133.5 23801.156),(134.5 23768.855),(135.5 21556.637),(136.5 21257.518),(137.5 21083.754),(138.5 21537.668),(139.5 21484.088),(140.5 19695.393),(141.5 19464.785),(142.5 19155.453),(143.5 18476.627),(144.5 19169.541),(145.5 18380.059),(146.5 18028.182),(147.5 17510.334),(148.5 16862.184),(149.5 17981.46),(150.5 17680.824),(151.5 15824.321),(152.5 15139.429),(153.5 15134.286),(154.5 15172.355),(155.5 14849.354),(156.5 14276.193),(157.5 14063.522),(158.5 14316.407),(159.5 13594.256),(160.5 13552.346),(161.5 12100.598),(162.5 12592.957),(163.5 12558.851),(164.5 12479.216),(165.5 11855.493),(166.5 12107.64),(167.5 11539.748),(168.5 11235.309),(169.5 10584.609),(170.5 10487.971),(171.5 10235.257),(172.5 10311.106),(173.5 10016.921),(174.5 9620.053),(175.5 9620.021),(176.5 9483.094),(177.5 9234.051),(178.5 9487.666),(179.5 9166.731),(180.5 9250.445),(181.5 8671.41),(182.5 8587.546),(183.5 8550.755),(184.5 8782.924),(185.5 8673.879),(186.5 8381.812),(187.5 8314.825),(188.5 7777.814),(189.5 7530.0786),(190.5 7215.4346),(191.5 7294.7583),(192.5 7643.864),(193.5 6826.179),(194.5 6659.5996),(195.5 6807.7036),(196.5 6473.049),(197.5 6470.7524),(198.5 6158.7656),(199.5 5852.229),(200.5 5906.242),(201.5 5906.4272),(202.5 5976.2773),(203.5 5681.366),(204.5 5469.4043),(205.5 5554.371),(206.5 5415.1523),(207.5 5365.335),(208.5 5100.3096),(209.5 4899.38),(210.5 4762.2393),(211.5 4895.279),(212.5 4907.028),(213.5 4592.0933),(214.5 4482.5854),(215.5 4424.1636),(216.5 4270.598),(217.5 4184.0366),(218.5 4075.0676),(219.5 4147.503),(220.5 4190.61),(221.5 3976.0781),(222.5 3846.5034),(223.5 4023.2454),(224.5 3829.9763),(225.5 3715.1638),(226.5 3638.3176),(227.5 3486.0032),(228.5 3602.5444),(229.5 3504.1877),(230.5 3654.5837),(231.5 3333.0464),(232.5 3188.7207),(233.5 3198.1035),(234.5 3132.1897),(235.5 3173.2131),(236.5 3184.3237),(237.5 3035.0012),(238.5 2978.5532),(239.5 2879.76),(240.5 2890.7336),(241.5 2794.42),(242.5 2840.908),(243.5 2866.769),(244.5 2835.348),(245.5 2838.0027),(246.5 2699.789),(247.5 2608.8054),(248.5 2525.574),(249.5 2496.6238),(250.5 2493.0432),(251.5 2400.814),(252.5 2474.8506),(253.5 2346.5737),(254.5 2222.049),(255.5 2227.958),(256.5 2173.5151),(257.5 2234.1228),(258.5 2240.792),(259.5 2171.5066),(260.5 2080.196),(261.5 2015.288),(262.5 2005.6298),(263.5 1933.3651),(264.5 1903.2739),(265.5 1872.2593),(266.5 1842.31),(267.5 1830.6761),(268.5 1787.9515),(269.5 1731.741),(270.5 1681.9124),(271.5 1686.1808),(272.5 1671.7721),(273.5 1669.737),(274.5 1626.8182),(275.5 1591.3179),(276.5 1567.0363),(277.5 1524.0748),(278.5 1542.807),(279.5 1496.2446),(280.5 1467.9175),(281.5 1442.8551),(282.5 1400.7294),(283.5 1423.2928),(284.5 1390.9067),(285.5 1350.0007),(286.5 1319.3851),(287.5 1253.8796),(288.5 1273.2947),(289.5 1272.0219),(290.5 1243.9927),(291.5 1224.0433),(292.5 1157.914),(293.5 1159.8947),(294.5 1140.4791),(295.5 1138.5839),(296.5 1085.967),(297.5 1075.9606),(298.5 1063.6086),(299.5 1060.077),(300.5 1054.6394),(301.5 1050.6737),(302.5 1014.7517),(303.5 1022.1912),(304.5 957.7352),(305.5 975.5544),(306.5 977.19086),(307.5 972.2869),(308.5 943.41113),(309.5 907.4705),(310.5 899.7211),(311.5 880.0779),(312.5 862.3971),(313.5 853.53986),(314.5 851.80927),(315.5 829.90857),(316.5 819.6064),(317.5 782.3872),(318.5 777.81384),(319.5 778.1615),(320.5 776.49414),(321.5 767.6636),(322.5 732.92816),(323.5 743.56384),(324.5 738.78516),(325.5 693.7216),(326.5 700.9321),(327.5 694.75586),(328.5 662.56464),(329.5 671.8414),(330.5 652.29517),(331.5 642.76733),(332.5 654.42487),(333.5 652.57404),(334.5 619.35706),(335.5 599.54926),(336.5 591.57764),(337.5 584.25916),(338.5 583.7206),(339.5 578.252),(340.5 560.59094),(341.5 553.1328),(342.5 537.98254),(343.5 539.87946),(344.5 527.47266),(345.5 494.39307),(346.5 513.9433),(347.5 497.06454),(348.5 497.7523),(349.5 495.0955),(350.5 491.90424),(351.5 482.96063),(352.5 466.19037),(353.5 464.73508),(354.5 444.0378),(355.5 436.23276),(356.5 441.9042),(357.5 425.20334),(358.5 427.17334),(359.5 419.46323),(360.5 414.31448),(361.5 420.2224),(362.5 413.41406),(363.5 389.26492),(364.5 378.65033),(365.5 386.25998),(366.5 381.67938),(367.5 370.07288),(368.5 363.29108),(369.5 355.44598),(370.5 356.74533),(371.5 351.6788),(372.5 340.47543),(373.5 339.3902),(374.5 328.05453),(375.5 336.39877),(376.5 331.68814),(377.5 314.73492),(378.5 312.24158),(379.5 317.3691),(380.5 309.91702),(381.5 304.193),(382.5 308.21722),(383.5 302.9766),(384.5 298.9637),(385.5 292.99805),(386.5 279.53625),(387.5 282.29434),(388.5 275.7202),(389.5 267.03302),(390.5 275.9038),(391.5 271.89545),(392.5 274.67477),(393.5 266.54327),(394.5 264.62292),(395.5 263.4123),(396.5 246.91446),(397.5 245.46811),(398.5 243.23018),(399.5 245.13313),(400.5 247.56601),(401.5 234.87753),(402.5 231.1891),(403.5 228.85211),(404.5 230.73032),(405.5 227.25182),(406.5 221.3109),(407.5 217.63387),(408.5 210.83458),(409.5 214.32816),(410.5 207.37468),(411.5 200.9218),(412.5 200.60255),(413.5 196.20459),(414.5 196.95793),(415.5 195.64128),(416.5 192.99118),(417.5 188.83029),(418.5 193.4847),(419.5 185.3948),(420.5 185.35536),(421.5 183.9041),(422.5 177.10448),(423.5 172.67802),(424.5 171.14214),(425.5 167.91298),(426.5 170.19423),(427.5 165.78174),(428.5 163.65872),(429.5 164.12053),(430.5 162.6091),(431.5 159.94208),(432.5 152.55504),(433.5 157.9224),(434.5 152.73778),(435.5 150.16222),(436.5 145.8397),(437.5 150.29144),(438.5 149.31145),(439.5 144.77115),(440.5 143.0381),(441.5 141.76013),(442.5 140.34317),(443.5 140.68217),(444.5 138.66628),(445.5 137.10864),(446.5 135.19275),(447.5 134.53555),(448.5 137.60045),(449.5 130.7334),(450.5 127.970634),(451.5 126.234344),(452.5 126.27716),(453.5 126.13276),(454.5 125.580956),(455.5 121.51659),(456.5 118.98025),(457.5 121.09731),(458.5 119.468025),(459.5 120.17823),(460.5 120.50816),(461.5 115.51916),(462.5 117.82271),(463.5 117.87962),(464.5 114.78392),(465.5 115.789085),(466.5 114.03725),(467.5 112.81226),(468.5 110.215675),(469.5 111.0476),(470.5 108.027306),(471.5 107.05121),(472.5 109.61182),(473.5 109.63939),(474.5 108.45235),(475.5 107.85402),(476.5 104.91575),(477.5 103.301796),(478.5 100.21513),(479.5 100.983025),(480.5 102.986496),(481.5 101.437126),(482.5 101.65824),(483.5 99.607),(484.5 101.774155),(485.5 98.89744),(486.5 102.654106),(487.5 97.8614),(488.5 99.25703),(489.5 99.93901),(490.5 99.55717),(491.5 96.05071),(492.5 98.83506),(493.5 97.87949),(494.5 96.567444),(495.5 94.80418),(496.5 96.12927),(497.5 94.73073),(498.5 93.753174),(499.5 92.53682),
(1.5 344730.13),(2.5 430067.6),(3.5 643384.3),(4.5 642220.7),(5.5 721304.8),(6.5 1155114.9),(7.5 1270306.5),(8.5 1504933.1),(9.5 1104114.3),(10.5 1107854),(11.5 868437.5),(12.5 1215201.6),(13.5 1227786.6),(14.5 1061548.4),(15.5 1053877.6),(16.5 1239532.5),(17.5 1092046.5),(18.5 808700.8),(19.5 859522.06),(20.5 859392.9),(21.5 1128044.4),(22.5 867117.75),(23.5 611996.1),(24.5 679069.56),(25.5 744808.4),(26.5 626017.56),(27.5 620560.2),(28.5 631263),(29.5 640660.75),(30.5 619049.3),(31.5 588272.44),(32.5 494359.22),(33.5 505143.16),(34.5 446105.28),(35.5 466043.94),(36.5 477880.28),(37.5 453552.8),(38.5 433737),(39.5 412029.13),(40.5 423699.06),(41.5 361904.6),(42.5 344170.7),(43.5 312378.25),(44.5 294831.34),(45.5 323359.38),(46.5 299473.4),(47.5 286852.34),(48.5 310321.97),(49.5 281520.22),(50.5 220642.94),(51.5 223499.31),(52.5 231217.53),(53.5 217082.2),(54.5 214912.6),(55.5 213472.25),(56.5 197788.72),(57.5 211021.55),(58.5 168355.84),(59.5 165857.4),(60.5 160189.61),(61.5 181699.53),(62.5 161858.88),(63.5 152023.4),(64.5 157199.94),(65.5 151106.36),(66.5 135123.39),(67.5 134105.86),(68.5 129796.336),(69.5 141148.97),(70.5 130430.39),(71.5 118207.85),(72.5 117432.39),(73.5 124539.01),(74.5 118784.32),(75.5 108061.3),(76.5 101573.26),(77.5 100482.3),(78.5 97908.02),(79.5 94066.53),(80.5 98384.33),(81.5 94707.98),(82.5 82751.484),(83.5 78127.01),(84.5 75425.914),(85.5 80471.77),(86.5 82233.06),(87.5 74486.055),(88.5 72257.54),(89.5 67362.336),(90.5 69552.34),(91.5 66745.21),(92.5 66382.22),(93.5 66025.28),(94.5 59003.832),(95.5 56536.957),(96.5 54232.887),(97.5 54362.277),(98.5 57080.47),(99.5 50902.965),(100.5 47141.902),(101.5 44649.734),(102.5 49509.316),(103.5 51376.918),(104.5 48852.38),(105.5 46835.074),(106.5 43488.504),(107.5 43592.258),(108.5 43506.715),(109.5 46120.703),(110.5 43186.848),(111.5 38188.93),(112.5 37426.887),(113.5 36207.598),(114.5 35174.34),(115.5 34287.992),(116.5 34315.09),(117.5 31115.578),(118.5 31789.291),(119.5 30294.885),(120.5 32623.465),(121.5 30801.094),(122.5 28599.824),(123.5 30258.986),(124.5 27962.393),(125.5 27938.31),(126.5 25744.26),(127.5 28089.748),(128.5 27306.479),(129.5 23998.207),(130.5 25544.848),(131.5 23026.324),(132.5 23841.342),(133.5 23989.277),(134.5 24169.658),(135.5 22198.541),(136.5 21785.33),(137.5 21647.908),(138.5 22206.633),(139.5 21982.53),(140.5 20206.248),(141.5 20198.242),(142.5 19609.201),(143.5 18812.617),(144.5 19367.814),(145.5 18624.338),(146.5 18134.637),(147.5 17662.654),(148.5 17091.805),(149.5 18416.572),(150.5 18128.611),(151.5 16171.787),(152.5 15469.628),(153.5 15283.622),(154.5 15523.231),(155.5 15289.982),(156.5 14559.77),(157.5 14470.091),(158.5 14757.6045),(159.5 13799.915),(160.5 13753.69),(161.5 12230.701),(162.5 12738.049),(163.5 12638.336),(164.5 12706.922),(165.5 12127.105),(166.5 12417.559),(167.5 11862.874),(168.5 11399.102),(169.5 10693.827),(170.5 10551.916),(171.5 10472.962),(172.5 10456.217),(173.5 10123.624),(174.5 9712.519),(175.5 9716.765),(176.5 9704.852),(177.5 9419.127),(178.5 9611.195),(179.5 9193.929),(180.5 9271.93),(181.5 8722.472),(182.5 8671.31),(183.5 8519.876),(184.5 8774.891),(185.5 8555.614),(186.5 8175.504),(187.5 8278.424),(188.5 7777.68),(189.5 7466.066),(190.5 7183.847),(191.5 7309.8945),(192.5 7597.8184),(193.5 6859.157),(194.5 6680.1733),(195.5 6808.4243),(196.5 6455.923),(197.5 6549.0283),(198.5 6235.358),(199.5 5898.8003),(200.5 5979.8516),(201.5 5965.552),(202.5 6018.8604),(203.5 5746.7197),(204.5 5522.4014),(205.5 5657.333),(206.5 5505.6333),(207.5 5412.2227),(208.5 5136.9136),(209.5 4942.38),(210.5 4808.3877),(211.5 4942.5986),(212.5 4985.8076),(213.5 4640.306),(214.5 4527.8076),(215.5 4470.9106),(216.5 4378.853),(217.5 4273.076),(218.5 4121.2495),(219.5 4162.9937),(220.5 4225.3228),(221.5 4077.962),(222.5 3894.353),(223.5 4071.5613),(224.5 3859.807),(225.5 3774.9182),(226.5 3723.3271),(227.5 3570.2468),(228.5 3677.4048),(229.5 3569.8674),(230.5 3726.4424),(231.5 3402.5388),(232.5 3283.0693),(233.5 3285.9329),(234.5 3203.5437),(235.5 3244.066),(236.5 3260.9768),(237.5 3088.6833),(238.5 3068.2312),(239.5 2959.29),(240.5 2930.1467),(241.5 2818.871),(242.5 2862.2947),(243.5 2894.1423),(244.5 2867.605),(245.5 2903.1748),(246.5 2734.606),(247.5 2628.7031),(248.5 2576.958),(249.5 2567.4744),(250.5 2563.809),(251.5 2458.455),(252.5 2511.423),(253.5 2378.6836),(254.5 2270.1057),(255.5 2284.0283),(256.5 2208.3345),(257.5 2277.2593),(258.5 2290.9124),(259.5 2211.1646),(260.5 2100.2969),(261.5 2027.7179),(262.5 2032.8156),(263.5 1965.1329),(264.5 1936.4441),(265.5 1908.3336),(266.5 1858.0382),(267.5 1848.8579),(268.5 1811.4993),(269.5 1769.9855),(270.5 1722.4396),(271.5 1703.0472),(272.5 1695.7686),(273.5 1679.8802),(274.5 1636.6262),(275.5 1597.4753),(276.5 1570.9673),(277.5 1542.246),(278.5 1562.9851),(279.5 1502.2203),(280.5 1474.6416),(281.5 1450.0592),(282.5 1426.4696),(283.5 1445.7987),(284.5 1407.3873),(285.5 1367.7715),(286.5 1341.8933),(287.5 1254.8567),(288.5 1271.4957),(289.5 1278.1514),(290.5 1243.9304),(291.5 1235.7489),(292.5 1161.7288),(293.5 1162.3525),(294.5 1140.503),(295.5 1143.33),(296.5 1105.3583),(297.5 1095.0116),(298.5 1077.7853),(299.5 1076.8107),(300.5 1060.095),(301.5 1053.8771),(302.5 1041.6869),(303.5 1043.6631),(304.5 973.183),(305.5 976.69714),(306.5 993.1373),(307.5 990.5859),(308.5 960.83624),(309.5 918.9515),(310.5 913.977),(311.5 892.4369),(312.5 878.7867),(313.5 872.6127),(314.5 865.4151),(315.5 841.47186),(316.5 827.52655),(317.5 794.493),(318.5 781.5232),(319.5 790.25885),(320.5 782.8021),(321.5 776.44916),(322.5 736.4692),(323.5 746.6738),(324.5 747.1353),(325.5 705.99927),(326.5 702.5577),(327.5 696.59235),(328.5 669.1363),(329.5 677.16077),(330.5 655.841),(331.5 652.5817),(332.5 663.4886),(333.5 658.673),(334.5 629.30786),(335.5 604.4744),(336.5 601.4759),(337.5 589.7836),(338.5 588.8171),(339.5 583.8633),(340.5 567.4557),(341.5 554.6018),(342.5 546.7207),(343.5 546.22424),(344.5 534.083),(345.5 502.16776),(346.5 521.2911),(347.5 506.71432),(348.5 502.11884),(349.5 494.10837),(350.5 491.77304),(351.5 490.31094),(352.5 468.20547),(353.5 467.06876),(354.5 448.17572),(355.5 443.66223),(356.5 448.64392),(357.5 427.96262),(358.5 437.5104),(359.5 427.84015),(360.5 426.81897),(361.5 426.173),(362.5 420.26144),(363.5 394.19534),(364.5 382.5983),(365.5 389.4419),(366.5 382.94705),(367.5 375.04935),(368.5 363.83118),(369.5 358.38135),(370.5 359.39886),(371.5 354.38126),(372.5 346.21872),(373.5 345.72134),(374.5 329.5659),(375.5 338.28333),(376.5 334.7145),(377.5 319.18082),(378.5 314.92236),(379.5 318.13837),(380.5 311.36066),(381.5 308.57324),(382.5 315.972),(383.5 305.80792),(384.5 302.45743),(385.5 294.33368),(386.5 282.3925),(387.5 284.6539),(388.5 279.17014),(389.5 268.7565),(390.5 279.22778),(391.5 275.77753),(392.5 278.71564),(393.5 269.42493),(394.5 265.9102),(395.5 264.61002),(396.5 250.3407),(397.5 248.06104),(398.5 244.73912),(399.5 247.4304),(400.5 246.75406),(401.5 239.34645),(402.5 235.07745),(403.5 229.89801),(404.5 231.77045),(405.5 230.41568),(406.5 222.30692),(407.5 220.45303),(408.5 213.74133),(409.5 214.84485),(410.5 210.48958),(411.5 205.2906),(412.5 201.83992),(413.5 197.95114),(414.5 199.46387),(415.5 198.18048),(416.5 198.88435),(417.5 194.05922),(418.5 196.2653),(419.5 187.73166),(420.5 187.8863),(421.5 187.2468),(422.5 177.15121),(423.5 172.30698),(424.5 172.77255),(425.5 169.56161),(426.5 171.53204),(427.5 166.49014),(428.5 164.9563),(429.5 164.23178),(430.5 164.09921),(431.5 161.29799),(432.5 152.50749),(433.5 159.20396),(434.5 154.1442),(435.5 151.48949),(436.5 147.24161),(437.5 151.40662),(438.5 149.80789),(439.5 146.21939),(440.5 144.7523),(441.5 143.31902),(442.5 142.07077),(443.5 143.33792),(444.5 140.7271),(445.5 137.88516),(446.5 136.83295),(447.5 135.49225),(448.5 138.40923),(449.5 130.88657),(450.5 128.33434),(451.5 126.546555),(452.5 127.80222),(453.5 127.56606),(454.5 125.262665),(455.5 122.70038),(456.5 120.35348),(457.5 122.91225),(458.5 119.696144),(459.5 119.893105),(460.5 120.32901),(461.5 116.24027),(462.5 119.39222),(463.5 118.38849),(464.5 116.36365),(465.5 116.632164),(466.5 114.506096),(467.5 112.94619),(468.5 110.392166),(469.5 112.1705),(470.5 109.02768),(471.5 107.98253),(472.5 111.08644),(473.5 111.573906),(474.5 111.07658),(475.5 108.89084),(476.5 106.55836),(477.5 104.067505),(478.5 101.68579),(479.5 100.85579),(480.5 104.1326),(481.5 102.56157),(482.5 102.01065),(483.5 99.36922),(484.5 102.37825),(485.5 99.71593),(486.5 102.51331),(487.5 99.09206),(488.5 100.14937),(489.5 101.16814),(490.5 100.34847),(491.5 96.70159),(492.5 98.16969),(493.5 98.51854),(494.5 97.78554),(495.5 96.39806),(496.5 96.72171),(497.5 95.57592),(498.5 94.48238),(499.5 94.30286),
(1.5 426928.6),(2.5 526790.2),(3.5 774723.5),(4.5 775701.9),(5.5 882546),(6.5 1405403.4),(7.5 1533603.1),(8.5 1812455.6),(9.5 1323597.4),(10.5 1330367.8),(11.5 1029772),(12.5 1458758.8),(13.5 1466115),(14.5 1273767.6),(15.5 1266149),(16.5 1467156.1),(17.5 1293613.8),(18.5 950910.2),(19.5 1011562.6),(20.5 1011103.75),(21.5 1320084.8),(22.5 1018737.94),(23.5 713891.7),(24.5 797196.56),(25.5 859895.6),(26.5 720175.44),(27.5 719016),(28.5 720403),(29.5 727403.6),(30.5 702692.25),(31.5 663546.94),(32.5 557252.25),(33.5 571661),(34.5 498567.7),(35.5 523088.13),(36.5 534310.56),(37.5 501094.4),(38.5 474685),(39.5 457704.13),(40.5 465515.1),(41.5 395490.5),(42.5 373947),(43.5 339944.66),(44.5 316692.56),(45.5 349348.4),(46.5 325908.22),(47.5 313714.38),(48.5 332274.94),(49.5 302469.72),(50.5 235498.45),(51.5 238925.27),(52.5 248578.22),(53.5 228690.11),(54.5 226321.69),(55.5 224691.2),(56.5 209700.98),(57.5 219316.97),(58.5 175132.1),(59.5 171240.31),(60.5 164192.2),(61.5 189151.75),(62.5 167857.39),(63.5 157157.58),(64.5 161642.72),(65.5 155778.55),(66.5 138422.66),(67.5 137359.44),(68.5 132131.06),(69.5 145344.06),(70.5 132190.38),(71.5 120590.81),(72.5 121006.74),(73.5 129259.516),(74.5 123536.84),(75.5 111785.12),(76.5 103816.71),(77.5 103385.06),(78.5 101348.2),(79.5 96542.28),(80.5 101816.836),(81.5 98583.29),(82.5 84740.93),(83.5 79406.45),(84.5 76879.77),(85.5 82215.664),(86.5 84383.55),(87.5 75435.93),(88.5 73495.41),(89.5 68467.3),(90.5 71532.016),(91.5 68334.94),(92.5 68266.414),(93.5 68171.76),(94.5 60556.934),(95.5 58391.145),(96.5 56189.484),(97.5 55994.844),(98.5 58639.973),(99.5 53401.965),(100.5 48529.07),(101.5 45579.965),(102.5 50666.664),(103.5 53221.99),(104.5 50566.094),(105.5 48328.688),(106.5 44369.984),(107.5 44193.543),(108.5 44526.465),(109.5 47109.02),(110.5 44356.8),(111.5 38978.387),(112.5 37997.676),(113.5 36453.652),(114.5 35391.32),(115.5 35067.293),(116.5 35051.082),(117.5 31522.3),(118.5 32258.057),(119.5 31033.97),(120.5 33431.17),(121.5 31115.422),(122.5 28955.73),(123.5 30737.63),(124.5 28243.932),(125.5 28237.129),(126.5 26276.037),(127.5 28251.166),(128.5 27322.799),(129.5 24220.389),(130.5 25768.014),(131.5 23611.566),(132.5 24190.32),(133.5 24088.213),(134.5 24522.252),(135.5 22843.105),(136.5 22357.646),(137.5 22085.893),(138.5 22637.602),(139.5 22435.455),(140.5 20654.594),(141.5 20804.424),(142.5 19997.822),(143.5 19008.85),(144.5 19375.65),(145.5 18812.135),(146.5 18264.262),(147.5 17803.512),(148.5 17296.94),(149.5 18632.297),(150.5 18528.146),(151.5 16461.855),(152.5 15770.705),(153.5 15505.202),(154.5 15647.369),(155.5 15559.558),(156.5 14884.192),(157.5 14782.578),(158.5 15079.284),(159.5 13904.401),(160.5 13809.49),(161.5 12246.865),(162.5 12767.586),(163.5 12596.607),(164.5 12817.43),(165.5 12298.978),(166.5 12594.513),(167.5 12254.634),(168.5 11538.843),(169.5 10715.171),(170.5 10640.533),(171.5 10568.784),(172.5 10598.0205),(173.5 10231.455),(174.5 9808.106),(175.5 9837.553),(176.5 9830.947),(177.5 9591.042),(178.5 9780.353),(179.5 9216.522),(180.5 9290.632),(181.5 8671.058),(182.5 8724.555),(183.5 8585.744),(184.5 8789.198),(185.5 8495.896),(186.5 8010.0015),(187.5 8265.358),(188.5 7730.007),(189.5 7522.789),(190.5 7180.373),(191.5 7338.352),(192.5 7713.3486),(193.5 7012.429),(194.5 6758.8066),(195.5 6794.0337),(196.5 6545.9385),(197.5 6627.136),(198.5 6375.7793),(199.5 5965.89),(200.5 6042.982),(201.5 6037.8203),(202.5 6076.2397),(203.5 5832.1865),(204.5 5707.0347),(205.5 5772.137),(206.5 5610.582),(207.5 5421.8394),(208.5 5215.722),(209.5 5007.9395),(210.5 4891.46),(211.5 5025.1616),(212.5 5035.798),(213.5 4698.7305),(214.5 4591.4463),(215.5 4511.394),(216.5 4424.7915),(217.5 4329.108),(218.5 4151.3003),(219.5 4199.5415),(220.5 4245.13),(221.5 4126.8438),(222.5 3920.1863),(223.5 4059.4058),(224.5 3852.9524),(225.5 3779.6438),(226.5 3778.4736),(227.5 3628.8782),(228.5 3717.75),(229.5 3570.7058),(230.5 3754.4836),(231.5 3448.5503),(232.5 3323.3784),(233.5 3315.9578),(234.5 3237.4465),(235.5 3283.877),(236.5 3291.9546),(237.5 3144.3752),(238.5 3129.7317),(239.5 3038.3533),(240.5 2988.5596),(241.5 2839.5884),(242.5 2871.1772),(243.5 2902.3633),(244.5 2911.6497),(245.5 2953.805),(246.5 2761.2222),(247.5 2636.2146),(248.5 2577.2976),(249.5 2580.0085),(250.5 2596.2874),(251.5 2489.332),(252.5 2521.3958),(253.5 2392.2207),(254.5 2300.8552),(255.5 2319.987),(256.5 2240.9634),(257.5 2302.5032),(258.5 2327.534),(259.5 2235.5203),(260.5 2106.0466),(261.5 2042.5122),(262.5 2037.1095),(263.5 1985.3036),(264.5 1978.2122),(265.5 1921.5304),(266.5 1863.3412),(267.5 1852.6678),(268.5 1845.302),(269.5 1784.2382),(270.5 1739.1877),(271.5 1714.0164),(272.5 1724.37),(273.5 1691.1957),(274.5 1640.8125),(275.5 1587.9855),(276.5 1565.7739),(277.5 1540.1376),(278.5 1543.8098),(279.5 1499.1115),(280.5 1476.1653),(281.5 1470.3765),(282.5 1440.5477),(283.5 1450.4028),(284.5 1419.0647),(285.5 1384.8381),(286.5 1365.4662),(287.5 1267.9033),(288.5 1276.3179),(289.5 1292.4054),(290.5 1248.6624),(291.5 1238.682),(292.5 1157.2574),(293.5 1166.2877),(294.5 1135.8248),(295.5 1145.2123),(296.5 1100.275),(297.5 1104.7583),(298.5 1099.7953),(299.5 1085.796),(300.5 1067.6654),(301.5 1062.9133),(302.5 1048.156),(303.5 1053.4817),(304.5 983.8926),(305.5 986.1488),(306.5 1006.6595),(307.5 1006.6484),(308.5 965.5944),(309.5 934.78436),(310.5 931.5311),(311.5 903.807),(312.5 899.0034),(313.5 884.264),(314.5 883.17615),(315.5 850.39453),(316.5 835.2759),(317.5 799.87415),(318.5 791.1332),(319.5 805.41266),(320.5 799.6681),(321.5 788.35626),(322.5 747.9945),(323.5 759.06464),(324.5 753.3887),(325.5 703.66656),(326.5 702.30225),(327.5 704.61707),(328.5 682.79333),(329.5 691.9222),(330.5 664.23224),(331.5 657.6692),(332.5 667.22705),(333.5 669.3506),(334.5 631.9176),(335.5 612.18176),(336.5 611.4631),(337.5 602.17334),(338.5 600.3417),(339.5 597.03546),(340.5 574.80835),(341.5 560.213),(342.5 558.2911),(343.5 547.8342),(344.5 539.0948),(345.5 507.81894),(346.5 525.882),(347.5 510.80438),(348.5 507.36127),(349.5 500.58304),(350.5 493.52185),(351.5 495.5345),(352.5 472.48892),(353.5 475.8342),(354.5 457.79337),(355.5 447.92566),(356.5 451.9519),(357.5 431.06143),(358.5 442.6787),(359.5 435.88287),(360.5 431.0504),(361.5 430.83566),(362.5 426.106),(363.5 400.6873),(364.5 386.67886),(365.5 395.89902),(366.5 385.18954),(367.5 375.3436),(368.5 367.05157),(369.5 361.3942),(370.5 362.72),(371.5 357.21323),(372.5 348.64758),(373.5 347.54474),(374.5 330.11545),(375.5 340.2845),(376.5 339.54175),(377.5 324.42657),(378.5 321.35382),(379.5 321.7748),(380.5 314.13977),(381.5 312.9337),(382.5 317.27863),(383.5 310.37152),(384.5 308.17734),(385.5 300.92972),(386.5 282.9554),(387.5 288.59537),(388.5 281.13525),(389.5 271.7222),(390.5 283.30893),(391.5 279.4448),(392.5 282.35553),(393.5 270.22516),(394.5 266.52414),(395.5 264.90082),(396.5 249.80273),(397.5 249.2253),(398.5 249.14365),(399.5 247.65166),(400.5 246.69537),(401.5 240.46716),(402.5 238.02376),(403.5 231.66502),(404.5 232.70467),(405.5 233.33162),(406.5 222.17493),(407.5 221.07529),(408.5 216.9824),(409.5 216.16049),(410.5 211.59041),(411.5 203.0937),(412.5 203.3348),(413.5 198.30421),(414.5 197.60544),(415.5 198.73811),(416.5 199.60338),(417.5 195.73785),(418.5 197.36674),(419.5 189.15463),(420.5 190.06956),(421.5 189.24812),(422.5 178.70393),(423.5 175.2975),(424.5 176.12299),(425.5 170.95906),(426.5 172.14836),(427.5 168.20705),(428.5 168.29472),(429.5 165.51915),(430.5 164.86993),(431.5 162.17639),(432.5 153.24278),(433.5 159.71765),(434.5 154.54631),(435.5 151.50075),(436.5 148.69643),(437.5 152.33856),(438.5 149.51868),(439.5 145.34871),(440.5 144.38318),(441.5 144.58194),(442.5 143.47606),(443.5 142.6711),(444.5 140.97308),(445.5 138.68396),(446.5 138.13045),(447.5 136.96672),(448.5 139.86559),(449.5 132.31876),(450.5 129.84303),(451.5 128.18141),(452.5 129.71422),(453.5 127.97839),(454.5 126.220894),(455.5 123.16085),(456.5 120.96753),(457.5 123.08174),(458.5 120.600426),(459.5 122.185745),(460.5 122.229485),(461.5 117.58229),(462.5 119.62946),(463.5 119.08906),(464.5 117.121544),(465.5 117.484695),(466.5 115.10271),(467.5 113.65547),(468.5 110.976616),(469.5 113.15646),(470.5 108.991844),(471.5 108.26636),(472.5 111.4748),(473.5 112.856834),(474.5 112.04808),(475.5 110.90559),(476.5 107.13844),(477.5 105.57111),(478.5 102.90622),(479.5 101.32101),(480.5 105.59824),(481.5 103.60622),(482.5 103.205536),(483.5 100.911865),(484.5 103.17268),(485.5 101.32779),(486.5 104.56402),(487.5 100.25126),(488.5 100.993935),(489.5 103.18688),(490.5 102.49099),(491.5 97.76822),(492.5 99.78313),(493.5 99.781746),(494.5 100.104164),(495.5 96.84479),(496.5 97.97707),(497.5 96.360504),(498.5 95.00273),(499.5 95.52246),
(1.5 495482.28),(2.5 615988.1),(3.5 916497.7),(4.5 907967.25),(5.5 1060702.4),(6.5 1674153.9),(7.5 1819268.1),(8.5 2131979.5),(9.5 1553590.3),(10.5 1556034.9),(11.5 1196345),(12.5 1710609),(13.5 1714004.6),(14.5 1492688.8),(15.5 1487417.3),(16.5 1695159.3),(17.5 1497480.6),(18.5 1092007),(19.5 1165374.3),(20.5 1164050.8),(21.5 1507392.9),(22.5 1168446),(23.5 814791),(24.5 914882.06),(25.5 971150.25),(26.5 807964.6),(27.5 814643.44),(28.5 802808.2),(29.5 806029.2),(30.5 779070.75),(31.5 731797.4),(32.5 613199.75),(33.5 632095.5),(34.5 545067.06),(35.5 573390.8),(36.5 584841.56),(37.5 541573.8),(38.5 509066.56),(39.5 497043.94),(40.5 502151.84),(41.5 424620.75),(42.5 399678.7),(43.5 365315.38),(44.5 336395.84),(45.5 371680.88),(46.5 348923.7),(47.5 336237.84),(48.5 349023.13),(49.5 320219.03),(50.5 247242.94),(51.5 251138.36),(52.5 263222.28),(53.5 237006.33),(54.5 234626.72),(55.5 233156.77),(56.5 219170.72),(57.5 224002.27),(58.5 179712.9),(59.5 174830.67),(60.5 166191.4),(61.5 193781.28),(62.5 172540.42),(63.5 160890.83),(64.5 165025.08),(65.5 158556.5),(66.5 141144.8),(67.5 139371.4),(68.5 133683.48),(69.5 148089.88),(70.5 133197.64),(71.5 122220.555),(72.5 124401.29),(73.5 133817.19),(74.5 128254.3),(75.5 114910.57),(76.5 106259.37),(77.5 105493.98),(78.5 104430.13),(79.5 98284.125),(80.5 105265.36),(81.5 102466.12),(82.5 86826.63),(83.5 81365.46),(84.5 78604.32),(85.5 84401.66),(86.5 86616.21),(87.5 75920.38),(88.5 74896.69),(89.5 69610.22),(90.5 73923.77),(91.5 70082.805),(92.5 70507.04),(93.5 70481.92),(94.5 61788.434),(95.5 60093.836),(96.5 57375.844),(97.5 56903.074),(98.5 59977.34),(99.5 55403.203),(100.5 49676.676),(101.5 46425.746),(102.5 51394.418),(103.5 54114.875),(104.5 51526.074),(105.5 49185.03),(106.5 45250.9),(107.5 44391.164),(108.5 45004.297),(109.5 47787.996),(110.5 44908.973),(111.5 39729.645),(112.5 38572.664),(113.5 36679.996),(114.5 35749.01),(115.5 35816.613),(116.5 35499.332),(117.5 32279.8),(118.5 32677.023),(119.5 31508.928),(120.5 34053.168),(121.5 31158.695),(122.5 29499.857),(123.5 31306.957),(124.5 28732.793),(125.5 28514.234),(126.5 26878.691),(127.5 28598.334),(128.5 27085.064),(129.5 24228.014),(130.5 26114.951),(131.5 23835.139),(132.5 24325.771),(133.5 24217.271),(134.5 24734.672),(135.5 23326.338),(136.5 22701.725),(137.5 22128.73),(138.5 22867.828),(139.5 22649.152),(140.5 21069.943),(141.5 21202.977),(142.5 20280.584),(143.5 19063.031),(144.5 19241.979),(145.5 18792.316),(146.5 18222.064),(147.5 17811.639),(148.5 17348.275),(149.5 18605.162),(150.5 18765.27),(151.5 16597.475),(152.5 15987.478),(153.5 15713.69),(154.5 15766.895),(155.5 15662.813),(156.5 15261.555),(157.5 15115.736),(158.5 15236.911),(159.5 14183.586),(160.5 14035.391),(161.5 12375.971),(162.5 12886.231),(163.5 12683.292),(164.5 12974.631),(165.5 12555.778),(166.5 12788.194),(167.5 12756.863),(168.5 11902.554),(169.5 10847.686),(170.5 10787.632),(171.5 10711.018),(172.5 10793.625),(173.5 10460.718),(174.5 10093.896),(175.5 10103.02),(176.5 10003.007),(177.5 9748.753),(178.5 9920.782),(179.5 9272.039),(180.5 9364.467),(181.5 8767.822),(182.5 8765.224),(183.5 8733.021),(184.5 8785.38),(185.5 8473.806),(186.5 8008.0825),(187.5 8302.27),(188.5 7713.798),(189.5 7460.0205),(190.5 7265.5444),(191.5 7405.9253),(192.5 7775.463),(193.5 7127.0864),(194.5 6850.1064),(195.5 6848.817),(196.5 6542.6157),(197.5 6675.5127),(198.5 6509.2197),(199.5 6041.271),(200.5 6144.5415),(201.5 6109.8354),(202.5 6128.271),(203.5 5938.2974),(204.5 5841.3794),(205.5 5869.841),(206.5 5681.7734),(207.5 5450.963),(208.5 5287.0513),(209.5 5066.075),(210.5 4948.4717),(211.5 5072.372),(212.5 5047.452),(213.5 4728.3564),(214.5 4636.478),(215.5 4536.0903),(216.5 4453.5195),(217.5 4373.338),(218.5 4153.82),(219.5 4214.1094),(220.5 4256.5176),(221.5 4141.832),(222.5 3946.4475),(223.5 4084.694),(224.5 3859.2292),(225.5 3805.7556),(226.5 3771.4897),(227.5 3646.2148),(228.5 3743.8281),(229.5 3592.9973),(230.5 3749.6838),(231.5 3482.8499),(232.5 3328.0962),(233.5 3321.1543),(234.5 3228.4316),(235.5 3286.4985),(236.5 3323.859),(237.5 3165.386),(238.5 3162.0386),(239.5 3100.2407),(240.5 3017.0916),(241.5 2850.818),(242.5 2876.355),(243.5 2923.3328),(244.5 2896.3503),(245.5 2967.9238),(246.5 2774.6702),(247.5 2650.7844),(248.5 2614.9788),(249.5 2587.7422),(250.5 2635.625),(251.5 2533.4436),(252.5 2539.7324),(253.5 2438.3135),(254.5 2319.425),(255.5 2355.013),(256.5 2280.258),(257.5 2338.8164),(258.5 2348.9011),(259.5 2243.1746),(260.5 2125.3171),(261.5 2055.104),(262.5 2043.3824),(263.5 2036.7523),(264.5 2027.7023),(265.5 1932.7426),(266.5 1880.7002),(267.5 1868.6146),(268.5 1861.5609),(269.5 1821.9493),(270.5 1779.5632),(271.5 1726.8716),(272.5 1734.0747),(273.5 1707.0657),(274.5 1632.9684),(275.5 1588.9154),(276.5 1583.894),(277.5 1565.2122),(278.5 1535.5948),(279.5 1504.9019),(280.5 1487.8342),(281.5 1487.8453),(282.5 1467.115),(283.5 1468.0833),(284.5 1427.0667),(285.5 1404.9496),(286.5 1389.9758),(287.5 1283.2355),(288.5 1296.3344),(289.5 1302.1782),(290.5 1263.9482),(291.5 1253.0782),(292.5 1169.9747),(293.5 1179.5249),(294.5 1143.8856),(295.5 1148.5215),(296.5 1113.4283),(297.5 1116.0569),(298.5 1106.0916),(299.5 1091.9563),(300.5 1072.1307),(301.5 1084.7461),(302.5 1057.0265),(303.5 1058.0872),(304.5 991.0882),(305.5 1001.9052),(306.5 1018.49274),(307.5 1015.5019),(308.5 981.2262),(309.5 940.7799),(310.5 939.86084),(311.5 914.0011),(312.5 923.7868),(313.5 889.0568),(314.5 887.7023),(315.5 859.0876),(316.5 838.56067),(317.5 807.45435),(318.5 799.702),(319.5 819.3523),(320.5 812.11774),(321.5 799.97205),(322.5 749.78876),(323.5 760.5853),(324.5 756.03784),(325.5 713.4486),(326.5 707.8844),(327.5 708.4443),(328.5 684.5904),(329.5 699.18146),(330.5 667.3401),(331.5 661.26117),(332.5 665.60376),(333.5 669.8924),(334.5 633.62854),(335.5 620.52185),(336.5 615.7682),(337.5 606.922),(338.5 610.316),(339.5 605.0824),(340.5 582.31476),(341.5 565.1305),(342.5 562.4335),(343.5 550.36224),(344.5 537.5008),(345.5 515.59186),(346.5 532.20465),(347.5 516.2469),(348.5 514.23395),(349.5 501.37875),(350.5 495.04697),(351.5 500.17053),(352.5 480.1531),(353.5 480.7545),(354.5 463.42493),(355.5 455.76337),(356.5 460.71246),(357.5 435.61356),(358.5 449.8172),(359.5 440.4534),(360.5 437.99945),(361.5 434.71634),(362.5 427.93994),(363.5 404.80316),(364.5 389.80154),(365.5 397.64362),(366.5 386.76202),(367.5 380.98895),(368.5 373.89297),(369.5 363.9692),(370.5 364.9813),(371.5 363.77142),(372.5 352.51135),(373.5 350.56708),(374.5 332.44034),(375.5 341.55945),(376.5 344.6221),(377.5 329.28836),(378.5 323.31024),(379.5 323.87292),(380.5 318.35065),(381.5 313.90222),(382.5 317.49774),(383.5 313.58554),(384.5 308.65845),(385.5 304.7765),(386.5 288.35327),(387.5 293.80435),(388.5 283.28644),(389.5 275.2777),(390.5 287.07593),(391.5 283.80948),(392.5 280.26245),(393.5 271.2856),(394.5 268.33014),(395.5 266.423),(396.5 251.50258),(397.5 252.8941),(398.5 249.22253),(399.5 252.86235),(400.5 248.16838),(401.5 243.86244),(402.5 241.61212),(403.5 232.71796),(404.5 234.98183),(405.5 234.79735),(406.5 223.39258),(407.5 222.464),(408.5 217.78848),(409.5 217.58118),(410.5 212.69012),(411.5 205.1229),(412.5 205.73921),(413.5 198.32022),(414.5 199.32574),(415.5 202.05661),(416.5 201.81856),(417.5 197.84648),(418.5 198.69972),(419.5 191.04176),(420.5 191.30731),(421.5 188.91357),(422.5 180.6735),(423.5 176.21063),(424.5 177.69374),(425.5 171.60616),(426.5 173.41751),(427.5 169.1856),(428.5 171.49081),(429.5 167.39134),(430.5 167.04662),(431.5 163.9414),(432.5 154.88397),(433.5 161.1975),(434.5 156.76045),(435.5 153.75911),(436.5 149.26434),(437.5 153.37466),(438.5 151.20042),(439.5 146.86705),(440.5 144.72401),(441.5 145.06335),(442.5 143.79625),(443.5 144.04306),(444.5 141.54033),(445.5 140.50806),(446.5 140.45404),(447.5 138.2843),(448.5 140.75748),(449.5 132.59262),(450.5 131.7389),(451.5 130.02065),(452.5 131.4533),(453.5 129.67534),(454.5 127.191376),(455.5 123.772194),(456.5 122.51271),(457.5 125.96564),(458.5 121.10576),(459.5 122.98871),(460.5 123.153854),(461.5 118.71767),(462.5 120.62451),(463.5 120.01949),(464.5 118.498695),(465.5 116.89618),(466.5 116.20364),(467.5 115.83797),(468.5 112.55647),(469.5 115.69534),(470.5 108.91592),(471.5 109.2931),(472.5 112.6356),(473.5 114.784996),(474.5 113.45671),(475.5 112.88398),(476.5 108.97105),(477.5 105.93455),(478.5 103.69485),(479.5 103.24617),(480.5 105.6708),(481.5 105.31574),(482.5 104.12768),(483.5 102.254654),(484.5 104.277985),(485.5 102.66882),(486.5 104.66386),(487.5 100.395935),(488.5 101.93232),(489.5 104.75509),(490.5 103.76664),(491.5 98.05562),(492.5 100.514084),(493.5 100.45532),(494.5 100.99739),(495.5 97.91372),(496.5 99.544975),(497.5 97.967606),(498.5 96.31894),(499.5 96.05279),
(1.5 567280.8),(2.5 703885.1),(3.5 1054143.1),(4.5 1037118.7),(5.5 1248141.1),(6.5 1955832.4),(7.5 2118937.5),(8.5 2461608.3),(9.5 1789764.5),(10.5 1791121.1),(11.5 1363984.4),(12.5 1971301.4),(13.5 1965023.4),(14.5 1718276.4),(15.5 1712371.5),(16.5 1920308.6),(17.5 1698858.9),(18.5 1231741.9),(19.5 1316515.4),(20.5 1315119.5),(21.5 1686870.5),(22.5 1313366),(23.5 914019.5),(24.5 1031297.75),(25.5 1076284.4),(26.5 889732.8),(27.5 907433.5),(28.5 877879.44),(29.5 879037.3),(30.5 848538.2),(31.5 793654.25),(32.5 662557.9),(33.5 685939.9),(34.5 585140.4),(35.5 614386.1),(36.5 628136.5),(37.5 574752.06),(38.5 536009.94),(39.5 528935.5),(40.5 532873.25),(41.5 450965.94),(42.5 421529.44),(43.5 389599.44),(44.5 355840.2),(45.5 390149.97),(46.5 368002.72),(47.5 354730.9),(48.5 362265.4),(49.5 335485.8),(50.5 257460.69),(51.5 261618),(52.5 275768.44),(53.5 242395.08),(54.5 241041.58),(55.5 239857.6),(56.5 227283.22),(57.5 226466.67),(58.5 182890.38),(59.5 177383.45),(60.5 167848.02),(61.5 197746.33),(62.5 176740.75),(63.5 164215.69),(64.5 167453.61),(65.5 160080.42),(66.5 144115.64),(67.5 140458.92),(68.5 135820.56),(69.5 150246.97),(70.5 134458.28),(71.5 124253.63),(72.5 128372.445),(73.5 138479.13),(74.5 132871.9),(75.5 118316.02),(76.5 109420.125),(77.5 107042.01),(78.5 107014.805),(79.5 100144.66),(80.5 109809.45),(81.5 106438.555),(82.5 88808.2),(83.5 83720.57),(84.5 80356.54),(85.5 86691.32),(86.5 88426.5),(87.5 76370.59),(88.5 76565.97),(89.5 71254.49),(90.5 76275.04),(91.5 72119.66),(92.5 72449.53),(93.5 72949.84),(94.5 62773.156),(95.5 61373.492),(96.5 58019.55),(97.5 57372.195),(98.5 60783.855),(99.5 56905.934),(100.5 50851.87),(101.5 47426.88),(102.5 51937.445),(103.5 54475.844),(104.5 52044.223),(105.5 49955.17),(106.5 46417.133),(107.5 45029.793),(108.5 45301.72),(109.5 48582.473),(110.5 45208.09),(111.5 40357.63),(112.5 39503.473),(113.5 37014.145),(114.5 36042.6),(115.5 36093.11),(116.5 35395.84),(117.5 32938.78),(118.5 32981.12),(119.5 31662.64),(120.5 34338.48),(121.5 31244.447),(122.5 29812.186),(123.5 31703.031),(124.5 28928.533),(125.5 28723.018),(126.5 27346.184),(127.5 28735.883),(128.5 26691.686),(129.5 24217.16),(130.5 26210.115),(131.5 23872.035),(132.5 24458.451),(133.5 24151.281),(134.5 24889.375),(135.5 23679.328),(136.5 22972.385),(137.5 22284.47),(138.5 23077.664),(139.5 22679.965),(140.5 21380.23),(141.5 21516.322),(142.5 20647.406),(143.5 19213.186),(144.5 19378.871),(145.5 18883.094),(146.5 18323.56),(147.5 17973.873),(148.5 17519.213),(149.5 18722.502),(150.5 19151.3),(151.5 16863.107),(152.5 16226.985),(153.5 15823.147),(154.5 15876.786),(155.5 15961.664),(156.5 15723.947),(157.5 15562.16),(158.5 15405.599),(159.5 14505.669),(160.5 14401.233),(161.5 12655.19),(162.5 13073.303),(163.5 12989.115),(164.5 13208.248),(165.5 12832.166),(166.5 12978.511),(167.5 13161.98),(168.5 12219.23),(169.5 11038.569),(170.5 11030.165),(171.5 10936.091),(172.5 11042.03),(173.5 10765.553),(174.5 10409.066),(175.5 10398.12),(176.5 10151.146),(177.5 9885.691),(178.5 9996.531),(179.5 9345.224),(180.5 9512.161),(181.5 8902.683),(182.5 8797.538),(183.5 8842.372),(184.5 8761.095),(185.5 8520.231),(186.5 8098.094),(187.5 8332.96),(188.5 7762.678),(189.5 7489.9136),(190.5 7368.6875),(191.5 7533.7256),(192.5 7773.3384),(193.5 7227.9683),(194.5 7032.969),(195.5 6819.0977),(196.5 6428.938),(197.5 6614.291),(198.5 6527.25),(199.5 6081.911),(200.5 6195.2676),(201.5 6143.5625),(202.5 6048.837),(203.5 5999.425),(204.5 5876.16),(205.5 5903.6045),(206.5 5712.068),(207.5 5424.018),(208.5 5247.8145),(209.5 5144.1035),(210.5 4956.633),(211.5 5104.5522),(212.5 5078.9063),(213.5 4707.702),(214.5 4590.5503),(215.5 4518.161),(216.5 4449.882),(217.5 4404.394),(218.5 4174.7075),(219.5 4180.341),(220.5 4264.8057),(221.5 4167.5254),(222.5 4003.7632),(223.5 4181.023),(224.5 3873.7585),(225.5 3798.9624),(226.5 3769.3333),(227.5 3612.317),(228.5 3729.626),(229.5 3578.2173),(230.5 3730.0713),(231.5 3491.6345),(232.5 3288.6353),(233.5 3316.9858),(234.5 3216.6514),(235.5 3276.311),(236.5 3335.4644),(237.5 3168.448),(238.5 3213.6501),(239.5 3129.143),(240.5 3039.4958),(241.5 2881.33),(242.5 2886.7417),(243.5 2964.3208),(244.5 2915.7808),(245.5 2949.8618),(246.5 2780.0825),(247.5 2653.2717),(248.5 2626.9026),(249.5 2603.4973),(250.5 2649.3567),(251.5 2536.0776),(252.5 2529.4556),(253.5 2447.915),(254.5 2337.721),(255.5 2354.717),(256.5 2276.1882),(257.5 2377.5369),(258.5 2361.096),(259.5 2256.2905),(260.5 2135.0583),(261.5 2079.1626),(262.5 2069.1067),(263.5 2050.507),(264.5 2037.7755),(265.5 1951.7426),(266.5 1911.2617),(267.5 1903.0039),(268.5 1885.0287),(269.5 1844.7618),(270.5 1797.7983),(271.5 1747.59),(272.5 1742.288),(273.5 1715.404),(274.5 1645.9713),(275.5 1611.8746),(276.5 1598.9088),(277.5 1576.8053),(278.5 1546.8123),(279.5 1529.5641),(280.5 1517.1276),(281.5 1520.9911),(282.5 1480.139),(283.5 1476.0647),(284.5 1445.1904),(285.5 1407.1609),(286.5 1406.9111),(287.5 1309.7557),(288.5 1313.3945),(289.5 1322.3394),(290.5 1299.2965),(291.5 1280.6879),(292.5 1177.8975),(293.5 1199.2955),(294.5 1158.0237),(295.5 1145.1097),(296.5 1123.0836),(297.5 1135.0381),(298.5 1109.5271),(299.5 1111.332),(300.5 1085.1505),(301.5 1104.6808),(302.5 1063.4757),(303.5 1063.7537),(304.5 1007.0388),(305.5 1025.2561),(306.5 1029.0641),(307.5 1028.6147),(308.5 987.8379),(309.5 944.45276),(310.5 948.1067),(311.5 936.5439),(312.5 942.32794),(313.5 898.35394),(314.5 890.60675),(315.5 879.0772),(316.5 855.1378),(317.5 814.4471),(318.5 806.3302),(319.5 835.23425),(320.5 820.1091),(321.5 808.024),(322.5 750.345),(323.5 769.9231),(324.5 763.66846),(325.5 726.85004),(326.5 716.51434),(327.5 723.17096),(328.5 689.77985),(329.5 701.8315),(330.5 673.2805),(331.5 666.2114),(332.5 670.1354),(333.5 679.1245),(334.5 640.9724),(335.5 630.1252),(336.5 619.5248),(337.5 613.7124),(338.5 618.7399),(339.5 606.6442),(340.5 588.80597),(341.5 569.2487),(342.5 561.7963),(343.5 552.96155),(344.5 542.9635),(345.5 523.9404),(346.5 538.8111),(347.5 523.92755),(348.5 516.13434),(349.5 504.22147),(350.5 498.1881),(351.5 504.30994),(352.5 487.5211),(353.5 492.6182),(354.5 474.17453),(355.5 465.5501),(356.5 468.3809),(357.5 443.0277),(358.5 456.17892),(359.5 445.5821),(360.5 442.60455),(361.5 444.40668),(362.5 435.80225),(363.5 410.6524),(364.5 396.0469),(365.5 402.51672),(366.5 392.98755),(367.5 386.15857),(368.5 378.11227),(369.5 368.62866),(370.5 368.4498),(371.5 369.08875),(372.5 359.40744),(373.5 356.45444),(374.5 337.90506),(375.5 347.5912),(376.5 347.7548),(377.5 333.18057),(378.5 327.85675),(379.5 328.6687),(380.5 320.48965),(381.5 316.64996),(382.5 320.7838),(383.5 317.68427),(384.5 316.8843),(385.5 308.90494),(386.5 295.47266),(387.5 296.6492),(388.5 287.4087),(389.5 278.9439),(390.5 293.05542),(391.5 286.3442),(392.5 284.37637),(393.5 270.59973),(394.5 268.56143),(395.5 266.96738),(396.5 254.00627),(397.5 253.8348),(398.5 249.05977),(399.5 254.5604),(400.5 251.85452),(401.5 246.82164),(402.5 243.93353),(403.5 235.03723),(404.5 234.93556),(405.5 237.47176),(406.5 222.24104),(407.5 224.25336),(408.5 218.50075),(409.5 218.31125),(410.5 214.47116),(411.5 207.50789),(412.5 206.90596),(413.5 200.10597),(414.5 203.19424),(415.5 206.26625),(416.5 204.6711),(417.5 200.46504),(418.5 198.33484),(419.5 195.8733),(420.5 193.1883),(421.5 190.3903),(422.5 182.12294),(423.5 178.10815),(424.5 178.88458),(425.5 173.75104),(426.5 174.9708),(427.5 171.32243),(428.5 172.79723),(429.5 169.2866),(430.5 168.18144),(431.5 165.069),(432.5 156.82364),(433.5 165.02785),(434.5 159.41142),(435.5 155.3679),(436.5 150.83586),(437.5 156.37997),(438.5 152.67152),(439.5 149.2201),(440.5 146.62866),(441.5 148.55672),(442.5 145.59235),(443.5 144.0121),(444.5 141.83559),(445.5 142.67546),(446.5 142.75577),(447.5 140.95506),(448.5 144.1845),(449.5 133.37376),(450.5 133.66185),(451.5 131.31891),(452.5 132.33507),(453.5 130.92838),(454.5 128.54056),(455.5 125.321236),(456.5 123.4478),(457.5 126.91726),(458.5 121.55969),(459.5 124.361275),(460.5 124.18677),(461.5 120.49183),(462.5 121.28016),(463.5 120.11755),(464.5 118.76584),(465.5 117.06847),(466.5 116.96692),(467.5 116.86942),(468.5 112.890594),(469.5 116.270874),(470.5 110.33697),(471.5 110.99804),(472.5 112.88996),(473.5 115.2428),(474.5 114.78006),(475.5 113.55737),(476.5 110.030975),(477.5 108.33315),(478.5 104.54395),(479.5 104.88895),(480.5 107.218445),(481.5 105.09404),(482.5 105.14128),(483.5 103.08762),(484.5 104.32677),(485.5 103.504135),(486.5 105.08374),(487.5 101.571495),(488.5 104.68335),(489.5 106.14878),(490.5 104.12358),(491.5 99.45642),(492.5 101.81135),(493.5 102.04763),(494.5 101.964645),(495.5 99.20505),(496.5 100.9176),(497.5 98.76154),(498.5 97.64681),(499.5 97.49006),
(1.5 662810.2),(2.5 823721.9),(3.5 1216704.5),(4.5 1187965.8),(5.5 1449849.1),(6.5 2264693.8),(7.5 2432038.8),(8.5 2806859),(9.5 2033449.9),(10.5 2036892.5),(11.5 1540692.5),(12.5 2238417.5),(13.5 2217393),(14.5 1950336.1),(15.5 1941313),(16.5 2144641.8),(17.5 1895946),(18.5 1369805.6),(19.5 1465751.9),(20.5 1461168.4),(21.5 1858234),(22.5 1453343.4),(23.5 1008836.3),(24.5 1143390),(25.5 1173980.8),(26.5 963814.94),(27.5 992638.3),(28.5 942896.56),(29.5 942962.1),(30.5 908212.7),(31.5 849481.8),(32.5 707855.8),(33.5 732074.5),(34.5 618914.56),(35.5 649023.75),(36.5 665924.4),(37.5 601715.56),(38.5 555305.4),(39.5 551798),(40.5 557890.3),(41.5 474409.1),(42.5 441054.8),(43.5 412535.6),(44.5 374729.16),(45.5 404873.8),(46.5 384937.88),(47.5 369816.8),(48.5 370864.47),(49.5 347894.75),(50.5 266504.28),(51.5 269657.56),(52.5 285629.97),(53.5 245396.78),(54.5 246086.33),(55.5 245435.34),(56.5 234502.8),(57.5 227963.77),(58.5 186472.48),(59.5 180949.45),(60.5 171060.61),(61.5 202592),(62.5 181011.98),(63.5 168208.98),(64.5 170139.38),(65.5 160945.44),(66.5 148117.94),(67.5 141894.64),(68.5 138544.33),(69.5 152811.22),(70.5 135640.92),(71.5 126156.945),(72.5 132265.84),(73.5 143114.52),(74.5 136848.73),(75.5 121493.88),(76.5 112968.22),(77.5 108067.625),(78.5 108617.625),(79.5 101908.51),(80.5 114238.3),(81.5 110170.85),(82.5 90648.53),(83.5 85665.56),(84.5 82140.836),(85.5 88635.88),(86.5 89763.086),(87.5 76549.766),(88.5 78121.72),(89.5 73134.664),(90.5 78269.9),(91.5 74249.88),(92.5 73772.805),(93.5 75110.95),(94.5 63329.36),(95.5 62511.035),(96.5 58268.844),(97.5 57431.78),(98.5 60963.516),(99.5 58212.555),(100.5 52045.645),(101.5 48424.25),(102.5 52334.69),(103.5 54481.938),(104.5 52655.46),(105.5 50947.96),(106.5 47498.293),(107.5 45602.496),(108.5 45645.766),(109.5 49079.742),(110.5 45187.406),(111.5 40860.477),(112.5 40247.67),(113.5 37184.887),(114.5 36114.758),(115.5 35993.313),(116.5 35059.984),(117.5 33092.137),(118.5 33245.17),(119.5 31757.135),(120.5 34312.72),(121.5 31118.172),(122.5 29808.006),(123.5 31804.799),(124.5 28994.836),(125.5 28853.547),(126.5 27700.207),(127.5 28816.768),(128.5 26489.682),(129.5 24266.477),(130.5 26248.512),(131.5 23858.99),(132.5 24718.424),(133.5 24163.842),(134.5 25089.084),(135.5 24083.213),(136.5 23169.092),(137.5 22854.238),(138.5 23390.521),(139.5 22885.297),(140.5 21722.303),(141.5 21877.95),(142.5 21295.813),(143.5 19430.773),(144.5 19647.193),(145.5 19190.703),(146.5 18403.605),(147.5 18176.645),(148.5 17786.373),(149.5 18790.148),(150.5 19333.248),(151.5 17073.168),(152.5 16308.779),(153.5 15930.702),(154.5 15902.002),(155.5 16169.384),(156.5 15920.19),(157.5 15837.473),(158.5 15519.06),(159.5 14670.116),(160.5 14787.641),(161.5 12971.875),(162.5 13166.284),(163.5 13150.368),(164.5 13542.289),(165.5 13078.529),(166.5 13104.323),(167.5 13344.701),(168.5 12484.055),(169.5 11285.707),(170.5 11235.621),(171.5 11128.795),(172.5 11117.711),(173.5 10961.275),(174.5 10709.992),(175.5 10592.925),(176.5 10251.33),(177.5 10111.056),(178.5 10065.519),(179.5 9423.023),(180.5 9668.109),(181.5 9020.738),(182.5 8862.362),(183.5 8818.048),(184.5 8838.661),(185.5 8650.553),(186.5 8198.648),(187.5 8470.838),(188.5 7799.6255),(189.5 7677.0967),(190.5 7576.5376),(191.5 7713.792),(192.5 7826.5776),(193.5 7325.7827),(194.5 7138.201),(195.5 6762.1685),(196.5 6381.789),(197.5 6658.9995),(198.5 6548.4663),(199.5 6129.147),(200.5 6219.1255),(201.5 6211.2803),(202.5 6006.0864),(203.5 6052.3936),(204.5 5889.814),(205.5 5950.0303),(206.5 5705.981),(207.5 5422.4316),(208.5 5260.582),(209.5 5237.6123),(210.5 4986.522),(211.5 5148.656),(212.5 5077.308),(213.5 4716.36),(214.5 4571.934),(215.5 4571.419),(216.5 4532.3926),(217.5 4487.4004),(218.5 4280.0703),(219.5 4209.537),(220.5 4325.0176),(221.5 4235.105),(222.5 4067.1008),(223.5 4275.5894),(224.5 3917.7693),(225.5 3790.1526),(226.5 3791.2783),(227.5 3621.6729),(228.5 3727.3787),(229.5 3576.765),(230.5 3685.4937),(231.5 3509.7031),(232.5 3301.0547),(233.5 3314.9426),(234.5 3201.2424),(235.5 3293.6519),(236.5 3295.36),(237.5 3156.8877),(238.5 3212.2932),(239.5 3142.9812),(240.5 3039.5347),(241.5 2891.871),(242.5 2855.8706),(243.5 2944.85),(244.5 2927.405),(245.5 2931.9153),(246.5 2760.632),(247.5 2664.8433),(248.5 2627.2385),(249.5 2637.5723),(250.5 2680.9897),(251.5 2538.1816),(252.5 2554.0024),(253.5 2484.9146),(254.5 2373.9814),(255.5 2357.524),(256.5 2278.577),(257.5 2390.4116),(258.5 2362.3765),(259.5 2269.0144),(260.5 2155.431),(261.5 2084.1587),(262.5 2088.3235),(263.5 2048.652),(264.5 2039.0966),(265.5 1979.6106),(266.5 1945.6125),(267.5 1935.6322),(268.5 1907.2142),(269.5 1875.1865),(270.5 1810.1367),(271.5 1779.1865),(272.5 1737.3708),(273.5 1720.3701),(274.5 1677.0946),(275.5 1634.0145),(276.5 1628.2133),(277.5 1584.609),(278.5 1569.2457),(279.5 1545.3201),(280.5 1535.1208),(281.5 1530.945),(282.5 1483.6539),(283.5 1488.2827),(284.5 1454.3241),(285.5 1414.3911),(286.5 1416.3813),(287.5 1321.2401),(288.5 1328.6748),(289.5 1334.8715),(290.5 1317.2136),(291.5 1301.3846),(292.5 1196.9485),(293.5 1214.8611),(294.5 1167.6604),(295.5 1160.7368),(296.5 1134.3589),(297.5 1146.3589),(298.5 1118.1495),(299.5 1117.8175),(300.5 1098.3809),(301.5 1119.9482),(302.5 1067.8536),(303.5 1063.7855),(304.5 1011.281),(305.5 1029.411),(306.5 1032.3506),(307.5 1025.5967),(308.5 983.9264),(309.5 940.2589),(310.5 951.4191),(311.5 940.6044),(312.5 952.90845),(313.5 897.63666),(314.5 893.79175),(315.5 888.39075),(316.5 864.59674),(317.5 826.2085),(318.5 819.867),(319.5 845.3642),(320.5 826.24866),(321.5 817.17114),(322.5 752.2903),(323.5 769.8423),(324.5 765.3939),(325.5 729.9115),(326.5 724.9523),(327.5 728.2674),(328.5 700.0306),(329.5 711.42145),(330.5 682.2205),(331.5 670.9365),(332.5 675.5786),(333.5 679.5649),(334.5 644.4779),(335.5 633.4133),(336.5 623.5266),(337.5 621.34735),(338.5 626.14844),(339.5 612.1179),(340.5 588.60925),(341.5 572.0142),(342.5 570.64526),(343.5 554.1052),(344.5 547.4612),(345.5 530.7581),(346.5 548.1968),(347.5 524.0153),(348.5 524.11926),(349.5 508.4939),(350.5 505.1793),(351.5 507.66068),(352.5 492.4258),(353.5 489.4453),(354.5 476.9089),(355.5 467.26755),(356.5 472.5108),(357.5 442.63354),(358.5 460.0586),(359.5 447.13446),(360.5 442.57773),(361.5 448.125),(362.5 434.56424),(363.5 413.50644),(364.5 403.44757),(365.5 408.90085),(366.5 393.36786),(367.5 385.277),(368.5 381.9171),(369.5 371.57715),(370.5 372.11386),(371.5 374.3982),(372.5 364.1514),(373.5 361.66812),(374.5 343.94205),(375.5 352.08127),(376.5 351.3559),(377.5 337.18106),(378.5 331.88593),(379.5 331.5289),(380.5 321.93005),(381.5 316.18668),(382.5 319.33493),(383.5 321.06573),(384.5 316.66483),(385.5 310.3566),(386.5 296.41284),(387.5 297.634),(388.5 290.578),(389.5 281.9931),(390.5 294.33942),(391.5 287.66977),(392.5 287.05206),(393.5 272.86685),(394.5 269.90988),(395.5 267.178),(396.5 257.45282),(397.5 256.56747),(398.5 250.28722),(399.5 257.6849),(400.5 252.28282),(401.5 249.06326),(402.5 245.21239),(403.5 234.59215),(404.5 236.1291),(405.5 237.49786),(406.5 223.85902),(407.5 226.46931),(408.5 220.0459),(409.5 219.4952),(410.5 215.28133),(411.5 210.73691),(412.5 209.81018),(413.5 201.07924),(414.5 204.54791),(415.5 206.35359),(416.5 207.15048),(417.5 202.57782),(418.5 201.6328),(419.5 198.79697),(420.5 195.78693),(421.5 191.74133),(422.5 185.5273),(423.5 181.26936),(424.5 182.90413),(425.5 176.30626),(426.5 175.43161),(427.5 172.4494),(428.5 172.90656),(429.5 171.9182),(430.5 170.98755),(431.5 166.96263),(432.5 158.80147),(433.5 167.12274),(434.5 161.91254),(435.5 157.75864),(436.5 152.3056),(437.5 157.80438),(438.5 153.66537),(439.5 151.14003),(440.5 147.3755),(441.5 148.60568),(442.5 147.07947),(443.5 144.39845),(444.5 142.95712),(445.5 142.44539),(446.5 144.70059),(447.5 140.01578),(448.5 144.86989),(449.5 135.26634),(450.5 135.97034),(451.5 133.12196),(452.5 132.8526),(453.5 131.08565),(454.5 130.45763),(455.5 127.524956),(456.5 124.58865),(457.5 128.07504),(458.5 124.67739),(459.5 127.15802),(460.5 126.396065),(461.5 121.3973),(462.5 122.20944),(463.5 121.55771),(464.5 120.65328),(465.5 119.09128),(466.5 117.90725),(467.5 119.11128),(468.5 114.73762),(469.5 117.64488),(470.5 112.24864),(471.5 113.10162),(472.5 114.36801),(473.5 117.601234),(474.5 117.08117),(475.5 115.51823),(476.5 111.2437),(477.5 109.57712),(478.5 107.44258),(479.5 106.39197),(480.5 108.27308),(481.5 105.76608),(482.5 106.07203),(483.5 104.72998),(484.5 106.58481),(485.5 104.43734),(486.5 106.06214),(487.5 103.01657),(488.5 105.42741),(489.5 106.69087),(490.5 105.207726),(491.5 100.553734),(492.5 102.75609),(493.5 102.97317),(494.5 101.87264),(495.5 101.22642),(496.5 102.13251),(497.5 99.78669),(498.5 98.55649),(499.5 98.7154),
(1.5 740127.2),(2.5 941580.8),(3.5 1394816.9),(4.5 1344791.3),(5.5 1668600.1),(6.5 2584687.3),(7.5 2762933.3),(8.5 3145242.5),(9.5 2280619.8),(10.5 2284358.3),(11.5 1723311),(12.5 2511035.8),(13.5 2469351.5),(14.5 2180756.8),(15.5 2172491),(16.5 2361602),(17.5 2088953.4),(18.5 1503860),(19.5 1608312.5),(20.5 1598800.5),(21.5 2014613),(22.5 1585803.6),(23.5 1099406.1),(24.5 1249646.4),(25.5 1264622.1),(26.5 1029488.2),(27.5 1071786.3),(28.5 998346.94),(29.5 999932.9),(30.5 960146.8),(31.5 900394.9),(32.5 747365.3),(33.5 771140.8),(34.5 648295.2),(35.5 676902.5),(36.5 696527.2),(37.5 622183.06),(38.5 567039.5),(39.5 567115.56),(40.5 577496.56),(41.5 494426.84),(42.5 459417.75),(43.5 434572.22),(44.5 395077.78),(45.5 416319.56),(46.5 399299.25),(47.5 382704.16),(48.5 376581.34),(49.5 356883.72),(50.5 272412.9),(51.5 275198.72),(52.5 292765.7),(53.5 247456.88),(54.5 250519.22),(55.5 250019.58),(56.5 240702.67),(57.5 229402.06),(58.5 190542.94),(59.5 184857.72),(60.5 175726.73),(61.5 207434.08),(62.5 185593.3),(63.5 172401.78),(64.5 173769.63),(65.5 161924.88),(66.5 152615),(67.5 144071.61),(68.5 141857.28),(69.5 155514.78),(70.5 136338.44),(71.5 128296.66),(72.5 135499.64),(73.5 147305.3),(74.5 140249.33),(75.5 124473.85),(76.5 116262.89),(77.5 108936.62),(78.5 110123.664),(79.5 102867.15),(80.5 117658.77),(81.5 113536.26),(82.5 92275.04),(83.5 87133.63),(84.5 83877.11),(85.5 90192.45),(86.5 90435.11),(87.5 76826.16),(88.5 79552.3),(89.5 74950.46),(90.5 80020.12),(91.5 75920.68),(92.5 74688.664),(93.5 76675.45),(94.5 64206.18),(95.5 63184.492),(96.5 58039.45),(97.5 57298.348),(98.5 61066.61),(99.5 59001.297),(100.5 53121.71),(101.5 49263.914),(102.5 52366.332),(103.5 54996.09),(104.5 52878.152),(105.5 51630.395),(106.5 48019.656),(107.5 45963.664),(108.5 45781.39),(109.5 48821.965),(110.5 45239.953),(111.5 40872.434),(112.5 40485.332),(113.5 37161.742),(114.5 36167.094),(115.5 35500.88),(116.5 34696.33),(117.5 33374.234),(118.5 33616.188),(119.5 31965.63),(120.5 34172.06),(121.5 31022.234),(122.5 29938.426),(123.5 31878.4),(124.5 29330.025),(125.5 29270.803),(126.5 28060.115),(127.5 29109.355),(128.5 26595.438),(129.5 24454.7),(130.5 26552.455),(131.5 24035.62),(132.5 25156.498),(133.5 24479.828),(134.5 25633.576),(135.5 24503.096),(136.5 23354.889),(137.5 23359.482),(138.5 23526.902),(139.5 23268.22),(140.5 21987.36),(141.5 21936.488),(142.5 21687),(143.5 19602.482),(144.5 19911.371),(145.5 19309.166),(146.5 18303.336),(147.5 18357.926),(148.5 18014.857),(149.5 18699.371),(150.5 19423.072),(151.5 17240.22),(152.5 16373.881),(153.5 16054.82),(154.5 15945.579),(155.5 16190.399),(156.5 15959.541),(157.5 16067.43),(158.5 15680.979),(159.5 14764.761),(160.5 15239.011),(161.5 13411.3125),(162.5 13282.76),(163.5 13198.516),(164.5 13726.88),(165.5 13249.312),(166.5 13252.27),(167.5 13399.764),(168.5 12561.1045),(169.5 11343.83),(170.5 11234.742),(171.5 11094.482),(172.5 11097.317),(173.5 11042.705),(174.5 10859.087),(175.5 10767.708),(176.5 10275.906),(177.5 10263.633),(178.5 10155.837),(179.5 9554.137),(180.5 9733.911),(181.5 9150.123),(182.5 8942.83),(183.5 8909.053),(184.5 8950.542),(185.5 8731.389),(186.5 8320.164),(187.5 8524.162),(188.5 7925.9697),(189.5 7782.4263),(190.5 7722.2544),(191.5 7733.393),(192.5 7878.8223),(193.5 7277.6665),(194.5 7158.615),(195.5 6782.465),(196.5 6393.664),(197.5 6639.634),(198.5 6564.979),(199.5 6195.7246),(200.5 6270.0405),(201.5 6236.052),(202.5 6083.108),(203.5 6075.457),(204.5 5949.149),(205.5 5977.1377),(206.5 5685.6245),(207.5 5400.91),(208.5 5293.8896),(209.5 5277.9897),(210.5 5006.0986),(211.5 5173.1865),(212.5 5070.974),(213.5 4751.0522),(214.5 4619.152),(215.5 4622.8306),(216.5 4594.2256),(217.5 4570.936),(218.5 4358.7095),(219.5 4263.4536),(220.5 4419.066),(221.5 4326.664),(222.5 4115.5977),(223.5 4378.5913),(224.5 3973.0774),(225.5 3840.0115),(226.5 3831.2388),(227.5 3639.0579),(228.5 3761.3237),(229.5 3541.625),(230.5 3667.9556),(231.5 3465.5452),(232.5 3351.1516),(233.5 3362.4915),(234.5 3218.0698),(235.5 3288.3406),(236.5 3276.3306),(237.5 3164.8467),(238.5 3266.8076),(239.5 3170.0369),(240.5 3052.333),(241.5 2906.8281),(242.5 2837.522),(243.5 2958.2532),(244.5 2948.7017),(245.5 2939.495),(246.5 2738.196),(247.5 2710.4932),(248.5 2643.6426),(249.5 2659.786),(250.5 2673.4504),(251.5 2544.2642),(252.5 2552.9841),(253.5 2478.9373),(254.5 2393.1477),(255.5 2359.2192),(256.5 2280.1375),(257.5 2396.7954),(258.5 2388.9258),(259.5 2280.564),(260.5 2180.7434),(261.5 2110.2363),(262.5 2095.1292),(263.5 2076.673),(264.5 2047.6735),(265.5 1997.1887),(266.5 1970.8483),(267.5 1962.6547),(268.5 1907.526),(269.5 1906.9789),(270.5 1845.2933),(271.5 1794.5804),(272.5 1759.7389),(273.5 1742.6252),(274.5 1679.8148),(275.5 1643.2112),(276.5 1650.7805),(277.5 1601.9423),(278.5 1590.0382),(279.5 1567.2395),(280.5 1545.3282),(281.5 1539.5377),(282.5 1486.3351),(283.5 1482.743),(284.5 1464.2041),(285.5 1427.8345),(286.5 1414.5397),(287.5 1334.0604),(288.5 1337.6888),(289.5 1350.6648),(290.5 1328.7551),(291.5 1311.3254),(292.5 1210.8651),(293.5 1219.9799),(294.5 1182.6355),(295.5 1171.0227),(296.5 1147.7225),(297.5 1146.24),(298.5 1127.9023),(299.5 1124.8433),(300.5 1110.3363),(301.5 1119.9812),(302.5 1069.0354),(303.5 1070.4153),(304.5 1006.99536),(305.5 1033.351),(306.5 1028.1097),(307.5 1027.9835),(308.5 989.8584),(309.5 953.001),(310.5 962.9572),(311.5 952.9522),(312.5 949.514),(313.5 903.8178),(314.5 901.68353),(315.5 884.48047),(316.5 860.7337),(317.5 833.2905),(318.5 823.3835),(319.5 847.71387),(320.5 823.2793),(321.5 819.7016),(322.5 752.29224),(323.5 770.77435),(324.5 770.738),(325.5 733.45166),(326.5 725.9844),(327.5 735.80975),(328.5 708.2925),(329.5 710.91394),(330.5 680.3978),(331.5 668.2376),(332.5 674.1559),(333.5 679.99023),(334.5 643.31757),(335.5 635.4621),(336.5 626.57336),(337.5 623.23047),(338.5 623.6867),(339.5 616.5329),(340.5 594.2081),(341.5 572.1002),(342.5 576.0847),(343.5 554.9271),(344.5 548.03827),(345.5 531.0128),(346.5 544.1412),(347.5 521.4534),(348.5 525.747),(349.5 511.86694),(350.5 510.20242),(351.5 508.4717),(352.5 495.1989),(353.5 491.10538),(354.5 471.03903),(355.5 466.78705),(356.5 474.47925),(357.5 442.47507),(358.5 455.20135),(359.5 448.09845),(360.5 445.17026),(361.5 448.09653),(362.5 436.00204),(363.5 417.8161),(364.5 407.1288),(365.5 407.78757),(366.5 398.3152),(367.5 389.8209),(368.5 385.76187),(369.5 374.37433),(370.5 375.12128),(371.5 375.85254),(372.5 366.14258),(373.5 363.72836),(374.5 346.6036),(375.5 355.2637),(376.5 356.46112),(377.5 335.79144),(378.5 335.393),(379.5 333.6545),(380.5 322.90262),(381.5 317.4577),(382.5 326.71854),(383.5 322.33206),(384.5 321.50293),(385.5 314.22583),(386.5 298.83514),(387.5 298.54208),(388.5 292.93753),(389.5 284.78406),(390.5 295.76437),(391.5 289.70096),(392.5 286.8031),(393.5 272.9385),(394.5 269.43668),(395.5 269.3105),(396.5 258.6265),(397.5 258.40225),(398.5 251.56212),(399.5 259.7477),(400.5 252.27771),(401.5 248.90161),(402.5 245.63174),(403.5 235.24031),(404.5 236.61388),(405.5 238.47964),(406.5 225.34972),(407.5 228.69263),(408.5 222.03496),(409.5 219.83713),(410.5 216.52429),(411.5 210.51288),(412.5 208.28195),(413.5 199.46957),(414.5 203.3327),(415.5 207.25204),(416.5 205.73187),(417.5 202.23074),(418.5 202.60867),(419.5 200.07288),(420.5 197.86086),(421.5 191.49345),(422.5 187.17291),(423.5 182.99107),(424.5 183.59926),(425.5 176.75987),(426.5 175.63232),(427.5 174.24805),(428.5 173.01236),(429.5 172.07887),(430.5 169.55795),(431.5 166.74855),(432.5 160.38742),(433.5 168.19566),(434.5 163.67407),(435.5 159.79869),(436.5 154.77617),(437.5 158.03036),(438.5 155.07587),(439.5 152.8403),(440.5 149.4972),(441.5 149.12622),(442.5 148.48703),(443.5 145.41191),(444.5 142.91881),(445.5 143.66635),(446.5 144.43942),(447.5 141.3045),(448.5 145.71738),(449.5 133.91087),(450.5 136.42155),(451.5 134.07188),(452.5 133.86374),(453.5 132.84753),(454.5 131.19823),(455.5 127.557915),(456.5 125.03925),(457.5 127.777885),(458.5 126.01879),(459.5 128.33032),(460.5 126.938156),(461.5 122.99349),(462.5 121.930435),(463.5 121.78146),(464.5 121.42371),(465.5 119.26694),(466.5 118.40339),(467.5 120.18031),(468.5 115.06417),(469.5 118.63759),(470.5 113.67854),(471.5 114.371),(472.5 114.866165),(473.5 118.352394),(474.5 116.609146),(475.5 116.43387),(476.5 113.08741),(477.5 110.59896),(478.5 108.844475),(479.5 107.472015),(480.5 107.799446),(481.5 106.592766),(482.5 106.34285),(483.5 105.53659),(484.5 107.97272),(485.5 105.85373),(486.5 106.01257),(487.5 102.34129),(488.5 105.24093),(489.5 107.98868),(490.5 105.46839),(491.5 101.40895),(492.5 105.23376),(493.5 103.83763),(494.5 101.959),(495.5 103.09179),(496.5 102.81624),(497.5 100.87324),(498.5 100.12536),(499.5 99.02877),
(1.5 831265.25),(2.5 1072502.3),(3.5 1570275.4),(4.5 1501907),(5.5 1902564.4),(6.5 2916964),(7.5 3096407),(8.5 3489803.5),(9.5 2529361.3),(10.5 2535058.5),(11.5 1908857.4),(12.5 2793095),(13.5 2722888.8),(14.5 2411009),(15.5 2410168.3),(16.5 2567767.8),(17.5 2274769.8),(18.5 1635917.4),(19.5 1744809.3),(20.5 1724325.9),(21.5 2160777.3),(22.5 1711872),(23.5 1188046.1),(24.5 1351087.9),(25.5 1344596.3),(26.5 1089081.5),(27.5 1143444.6),(28.5 1048944.1),(29.5 1049809.6),(30.5 1006720.7),(31.5 946634.06),(32.5 783751.06),(33.5 805849.8),(34.5 671724.1),(35.5 699177.4),(36.5 717777.44),(37.5 635624.94),(38.5 572770.8),(39.5 576575.3),(40.5 591110.1),(41.5 512707.47),(42.5 476481.03),(43.5 455880.38),(44.5 417704.13),(45.5 424301),(46.5 411966.25),(47.5 392174.3),(48.5 381234.97),(49.5 363949.84),(50.5 276672.7),(51.5 279927.06),(52.5 299469.8),(53.5 250300),(54.5 254818.92),(55.5 254513.56),(56.5 246812.23),(57.5 232088.84),(58.5 195420.98),(59.5 190494.78),(60.5 181050.55),(61.5 211416.86),(62.5 189931.3),(63.5 177103.1),(64.5 178334.17),(65.5 163460.28),(66.5 157404.88),(67.5 146024.2),(68.5 145470.84),(69.5 157813.64),(70.5 136892.47),(71.5 130419.15),(72.5 138994.78),(73.5 151108.06),(74.5 142547.7),(75.5 126866.47),(76.5 119241.22),(77.5 109540.93),(78.5 110862.3),(79.5 102701.75),(80.5 119406.53),(81.5 116213.77),(82.5 94309.64),(83.5 88891.805),(84.5 85451.9),(85.5 91248.41),(86.5 91216.1),(87.5 77725.51),(88.5 81230.375),(89.5 76421.83),(90.5 81710.89),(91.5 76610.9),(92.5 74982.97),(93.5 77900.75),(94.5 65273.195),(95.5 63398.863),(96.5 57601.21),(97.5 57779.9),(98.5 61764.934),(99.5 59599.49),(100.5 54104.516),(101.5 49637.324),(102.5 52085.508),(103.5 55476.043),(104.5 52548.832),(105.5 51796.535),(106.5 48244.24),(107.5 46237.305),(108.5 46107.883),(109.5 48561.984),(110.5 45406.9),(111.5 41212.492),(112.5 40769.285),(113.5 37454.992),(114.5 36348.383),(115.5 35348.492),(116.5 34621.9),(117.5 33825.96),(118.5 34062.906),(119.5 32228.385),(120.5 34213.09),(121.5 31355.23),(122.5 30456.63),(123.5 32180.775),(124.5 29802.207),(125.5 30186.955),(126.5 28667.857),(127.5 29666.664),(128.5 26872.324),(129.5 24792.682),(130.5 26856.219),(131.5 24356.781),(132.5 25595.055),(133.5 24582.24),(134.5 26108.795),(135.5 24846.436),(136.5 23537.01),(137.5 23623.113),(138.5 23601.338),(139.5 23533.664),(140.5 21948.266),(141.5 21751.658),(142.5 21902.494),(143.5 19898.416),(144.5 20060.602),(145.5 19342.633),(146.5 18323.775),(147.5 18445.156),(148.5 18228.756),(149.5 18712.271),(150.5 19508.88),(151.5 17462.547),(152.5 16643.654),(153.5 16417.2),(154.5 16086.462),(155.5 16253.063),(156.5 16270.028),(157.5 16363.873),(158.5 15884.863),(159.5 14975.088),(160.5 15741.15),(161.5 13703.739),(162.5 13490.959),(163.5 13230.162),(164.5 13837.804),(165.5 13411.782),(166.5 13456.265),(167.5 13459.903),(168.5 12562.36),(169.5 11464.325),(170.5 11317.984),(171.5 11158.002),(172.5 11153.95),(173.5 11211.177),(174.5 11018.043),(175.5 10954.942),(176.5 10280.573),(177.5 10346.286),(178.5 10280.461),(179.5 9634.181),(180.5 9692.33),(181.5 9250.308),(182.5 9048.195),(183.5 9110.6455),(184.5 9079.137),(185.5 8844.768),(186.5 8436.768),(187.5 8589.575),(188.5 8134.4653),(189.5 7940.7847),(190.5 7764.917),(191.5 7736.124),(192.5 7874.764),(193.5 7176.1533),(194.5 7139.402),(195.5 6854.5186),(196.5 6491.4033),(197.5 6689.0063),(198.5 6607.5425),(199.5 6300.4126),(200.5 6285.1846),(201.5 6235.4814),(202.5 6136.179),(203.5 6121.6797),(204.5 6008.078),(205.5 6015.9126),(206.5 5650.035),(207.5 5436.352),(208.5 5372.466),(209.5 5310.99),(210.5 5054.751),(211.5 5205.8877),(212.5 5085.653),(213.5 4778.2383),(214.5 4699.37),(215.5 4671.0576),(216.5 4611.0596),(217.5 4590.4194),(218.5 4394.0693),(219.5 4354.25),(220.5 4493.675),(221.5 4482.956),(222.5 4182.1284),(223.5 4497.346),(224.5 4096.981),(225.5 3930.8828),(226.5 3885.2114),(227.5 3664.9978),(228.5 3793.6),(229.5 3524.6028),(230.5 3721.757),(231.5 3477.0469),(232.5 3391.3037),(233.5 3395.8496),(234.5 3206.6824),(235.5 3301.8667),(236.5 3323.069),(237.5 3196.1174),(238.5 3284.4087),(239.5 3213.0657),(240.5 3108.3958),(241.5 2925.7773),(242.5 2836.9963),(243.5 2925.4436),(244.5 2949.0957),(245.5 2957.0715),(246.5 2769.1162),(247.5 2764.4263),(248.5 2685.817),(249.5 2696.0085),(250.5 2699.2297),(251.5 2581.6406),(252.5 2591.3047),(253.5 2463.9995),(254.5 2376.1758),(255.5 2359.4106),(256.5 2294.8555),(257.5 2391.9822),(258.5 2407.5042),(259.5 2293.8218),(260.5 2176.4985),(261.5 2130.189),(262.5 2077.347),(263.5 2063.175),(264.5 2047.444),(265.5 2024.6255),(266.5 1993.1995),(267.5 1990.2635),(268.5 1934.8107),(269.5 1926.5613),(270.5 1863.6298),(271.5 1802.4606),(272.5 1791.1426),(273.5 1756.801),(274.5 1694.2328),(275.5 1668.2863),(276.5 1681.8062),(277.5 1631.4813),(278.5 1607.9336),(279.5 1580.8356),(280.5 1549.8173),(281.5 1545.7206),(282.5 1501.3948),(283.5 1507.246),(284.5 1481.4463),(285.5 1436.7816),(286.5 1422.9978),(287.5 1338.3368),(288.5 1341.0675),(289.5 1354.2886),(290.5 1335.2687),(291.5 1327.3324),(292.5 1219.7972),(293.5 1233.2128),(294.5 1203.5544),(295.5 1196.1785),(296.5 1164.8108),(297.5 1147.7513),(298.5 1121.4923),(299.5 1132.7626),(300.5 1121.6033),(301.5 1118.0798),(302.5 1080.9806),(303.5 1083.9032),(304.5 1010.72943),(305.5 1041.8353),(306.5 1029.1395),(307.5 1038.7538),(308.5 1002.50574),(309.5 966.59973),(310.5 975.552),(311.5 960.686),(312.5 946.6715),(313.5 908.2625),(314.5 907.1437),(315.5 890.82434),(316.5 864.41693),(317.5 840.2773),(318.5 826.9484),(319.5 863.178),(320.5 827.7696),(321.5 830.2787),(322.5 755.41425),(323.5 786.2819),(324.5 774.1514),(325.5 737.02563),(326.5 729.13086),(327.5 734.6793),(328.5 716.3683),(329.5 720.3789),(330.5 681.511),(331.5 665.56836),(332.5 670.58417),(333.5 685.5415),(334.5 647.026),(335.5 640.3861),(336.5 629.2627),(337.5 628.9981),(338.5 622.74347),(339.5 613.3991),(340.5 588.594),(341.5 565.07074),(342.5 574.0136),(343.5 560.05383),(344.5 560.17426),(345.5 534.26996),(346.5 546.52466),(347.5 526.38983),(348.5 533.12195),(349.5 515.78827),(350.5 512.9124),(351.5 513.35223),(352.5 504.3655),(353.5 493.85242),(354.5 471.90002),(355.5 470.48044),(356.5 478.05707),(357.5 445.6658),(358.5 460.4039),(359.5 451.30438),(360.5 449.45465),(361.5 457.66788),(362.5 442.34454),(363.5 426.81638),(364.5 414.40634),(365.5 417.4504),(366.5 408.51553),(367.5 391.0024),(368.5 388.96268),(369.5 381.41104),(370.5 378.12628),(371.5 381.5082),(372.5 368.30966),(373.5 366.64328),(374.5 352.48737),(375.5 356.72363),(376.5 354.15295),(377.5 335.99026),(378.5 333.8996),(379.5 339.8731),(380.5 328.23642),(381.5 316.1518),(382.5 325.22195),(383.5 323.68454),(384.5 323.66122),(385.5 317.7498),(386.5 303.07007),(387.5 300.4496),(388.5 296.59134),(389.5 286.06842),(390.5 294.68814),(391.5 289.01724),(392.5 286.5662),(393.5 274.47925),(394.5 272.6179),(395.5 269.4403),(396.5 260.47156),(397.5 260.17813),(398.5 251.26291),(399.5 261.29868),(400.5 252.92915),(401.5 247.56172),(402.5 246.37712),(403.5 235.32333),(404.5 236.58362),(405.5 237.79321),(406.5 227.4657),(407.5 229.90121),(408.5 222.78876),(409.5 221.30708),(410.5 217.6358),(411.5 212.51405),(412.5 210.6739),(413.5 202.8966),(414.5 206.29926),(415.5 209.61032),(416.5 206.97627),(417.5 202.82545),(418.5 206.01009),(419.5 200.7619),(420.5 200.00288),(421.5 193.87944),(422.5 188.92737),(423.5 183.55481),(424.5 183.02734),(425.5 177.08003),(426.5 177.99303),(427.5 175.17456),(428.5 176.38004),(429.5 174.8624),(430.5 171.10507),(431.5 167.56831),(432.5 160.61201),(433.5 168.51436),(434.5 162.33926),(435.5 161.23553),(436.5 154.18661),(437.5 159.55426),(438.5 155.33699),(439.5 152.66309),(440.5 149.48506),(441.5 151.10104),(442.5 147.17656),(443.5 147.77022),(444.5 143.17416),(445.5 145.79185),(446.5 145.73654),(447.5 139.55681),(448.5 144.82509),(449.5 135.33658),(450.5 136.78357),(451.5 136.27893),(452.5 134.51877),(453.5 132.24562),(454.5 131.57649),(455.5 127.33704),(456.5 125.344345),(457.5 128.91125),(458.5 126.73482),(459.5 128.31541),(460.5 127.92028),(461.5 123.57931),(462.5 122.54693),(463.5 122.547035),(464.5 122.26202),(465.5 120.994865),(466.5 120.14099),(467.5 120.83644),(468.5 115.58746),(469.5 119.550514),(470.5 114.39536),(471.5 114.450806),(472.5 115.587814),(473.5 118.048096),(474.5 118.85825),(475.5 115.5756),(476.5 113.635414),(477.5 112.67089),(478.5 110.17132),(479.5 108.2218),(480.5 108.10874),(481.5 107.017746),(482.5 107.79748),(483.5 105.15382),(484.5 108.82444),(485.5 105.871666),(486.5 106.19045),(487.5 102.86017),(488.5 106.023476),(489.5 107.4812),(490.5 105.80968),(491.5 102.41527),(492.5 105.22801),(493.5 104.24038),(494.5 103.70036),(495.5 104.09699),(496.5 104.40531),(497.5 101.94344),(498.5 100.55226),(499.5 99.12354),
(1.5 928117.5),(2.5 1212420.3),(3.5 1759564.1),(4.5 1684816),(5.5 2148734.3),(6.5 3261259.8),(7.5 3433894.5),(8.5 3831803.8),(9.5 2775522),(10.5 2787200.5),(11.5 2093521),(12.5 3079480.3),(13.5 2966896.8),(14.5 2639222),(15.5 2641738),(16.5 2762888),(17.5 2450131.3),(18.5 1759983.1),(19.5 1867123.9),(20.5 1835555.4),(21.5 2291212.3),(22.5 1829928.1),(23.5 1272427.4),(24.5 1448357),(25.5 1414747.6),(26.5 1141930.1),(27.5 1209527.3),(28.5 1090235),(29.5 1090389.8),(30.5 1045660.7),(31.5 988830.56),(32.5 814065),(33.5 834906.25),(34.5 691673.06),(35.5 715001.94),(36.5 734177.06),(37.5 647049.75),(38.5 574970.7),(39.5 581178.2),(40.5 602006.3),(41.5 528632.25),(42.5 493543),(43.5 475585.97),(44.5 439554.78),(45.5 429742.47),(46.5 423634.6),(47.5 401633.13),(48.5 385483.66),(49.5 370673.6),(50.5 280111.75),(51.5 284144.38),(52.5 307463.6),(53.5 254691.94),(54.5 260108.6),(55.5 259548.98),(56.5 252181.6),(57.5 234763.16),(58.5 200303.66),(59.5 196705.89),(60.5 185917.5),(61.5 214933.22),(62.5 194269.84),(63.5 181950.22),(64.5 182411.66),(65.5 165702.7),(66.5 161292.98),(67.5 147822.78),(68.5 148941.98),(69.5 158840.52),(70.5 136932.81),(71.5 132387.56),(72.5 141407.36),(73.5 154024.97),(74.5 144407.67),(75.5 129413.98),(76.5 121359.83),(77.5 109805.195),(78.5 111352.516),(79.5 102326.4),(80.5 120492.805),(81.5 118637.19),(82.5 96366.11),(83.5 90364.16),(84.5 86661.08),(85.5 91627.92),(86.5 91808.11),(87.5 78961.336),(88.5 82926.914),(89.5 77148.836),(90.5 83226.34),(91.5 76713.88),(92.5 75067.26),(93.5 78287.19),(94.5 66022.555),(95.5 63767.082),(96.5 57400.68),(97.5 58168.164),(98.5 62682.145),(99.5 60159.7),(100.5 55059.137),(101.5 49859.94),(102.5 51890.883),(103.5 55727.61),(104.5 52326.96),(105.5 52154.086),(106.5 48490.64),(107.5 46790.023),(108.5 46802.402),(109.5 48272.863),(110.5 45525.434),(111.5 41895.746),(112.5 40967.934),(113.5 37835.254),(114.5 36853.676),(115.5 35579.125),(116.5 34786.727),(117.5 34636.125),(118.5 34812.844),(119.5 33100.426),(120.5 34432.652),(121.5 31961.857),(122.5 31024.834),(123.5 32661.986),(124.5 30183.24),(125.5 31175.885),(126.5 29380.236),(127.5 30228.186),(128.5 27282.932),(129.5 25232.467),(130.5 26953.037),(131.5 24702.662),(132.5 25986.4),(133.5 24918.396),(134.5 26629.877),(135.5 25137.715),(136.5 23552.74),(137.5 23926.752),(138.5 23868.72),(139.5 23615.07),(140.5 21892.363),(141.5 21548.379),(142.5 22083.545),(143.5 20261.234),(144.5 20343.72),(145.5 19467.457),(146.5 18533.98),(147.5 18598.293),(148.5 18564.72),(149.5 19021.455),(150.5 19723.742),(151.5 17555.922),(152.5 16903.346),(153.5 16611.025),(154.5 16222.387),(155.5 16401.596),(156.5 16548.223),(157.5 16737.803),(158.5 16184.867),(159.5 15253.867),(160.5 15856.395),(161.5 13903.453),(162.5 13774.873),(163.5 13346.095),(164.5 13827.99),(165.5 13483.731),(166.5 13658.342),(167.5 13470.576),(168.5 12596.394),(169.5 11614.838),(170.5 11431.573),(171.5 11269.123),(172.5 11160.356),(173.5 11283.73),(174.5 11184.19),(175.5 11153.318),(176.5 10370.715),(177.5 10216.422),(178.5 10273.852),(179.5 9511.509),(180.5 9577.109),(181.5 9286.778),(182.5 9059.907),(183.5 9094.725),(184.5 9114.206),(185.5 8835.46),(186.5 8452.634),(187.5 8692.99),(188.5 8161.745),(189.5 8071.97),(190.5 7697.9014),(191.5 7657.1875),(192.5 7784.319),(193.5 7168.7754),(194.5 7100.5073),(195.5 6893.229),(196.5 6527.281),(197.5 6605.87),(198.5 6525.2295),(199.5 6355.81),(200.5 6234.178),(201.5 6162.3677),(202.5 6081.3257),(203.5 6122.1943),(204.5 5950.5356),(205.5 5949.4526),(206.5 5533.8145),(207.5 5412.1943),(208.5 5405.6094),(209.5 5325.384),(210.5 5034.06),(211.5 5164.2686),(212.5 5115.276),(213.5 4784.041),(214.5 4744.5625),(215.5 4703.4355),(216.5 4656.3647),(217.5 4596.2017),(218.5 4424.741),(219.5 4355.6353),(220.5 4551.173),(221.5 4549.632),(222.5 4274.7544),(223.5 4508.08),(224.5 4120.6294),(225.5 4015.8171),(226.5 3907.3743),(227.5 3677.0007),(228.5 3762.6453),(229.5 3565.6494),(230.5 3766.348),(231.5 3510.7288),(232.5 3436.036),(233.5 3414.0808),(234.5 3199.106),(235.5 3314.1484),(236.5 3339.209),(237.5 3195.9915),(238.5 3283.1003),(239.5 3252.2842),(240.5 3144.3137),(241.5 2943.4338),(242.5 2853.112),(243.5 2918.4216),(244.5 2932.3008),(245.5 2911.7988),(246.5 2749.6223),(247.5 2762.14),(248.5 2701.3635),(249.5 2694.557),(250.5 2679.936),(251.5 2573.4807),(252.5 2572.98),(253.5 2455.7563),(254.5 2365.8215),(255.5 2343.6528),(256.5 2308.7708),(257.5 2424.5989),(258.5 2411.8315),(259.5 2277.581),(260.5 2162.4487),(261.5 2127.4316),(262.5 2089.8167),(263.5 2059.1594),(264.5 2060.764),(265.5 2040.3032),(266.5 1992.2397),(267.5 1991.119),(268.5 1957.196),(269.5 1924.9491),(270.5 1862.6982),(271.5 1792.7513),(272.5 1797.069),(273.5 1771.4917),(274.5 1696.1525),(275.5 1671.9185),(276.5 1682.7029),(277.5 1629.0477),(278.5 1615.2833),(279.5 1581.231),(280.5 1569.672),(281.5 1532.4365),(282.5 1494.3221),(283.5 1513.6036),(284.5 1480.596),(285.5 1436.654),(286.5 1425.3907),(287.5 1333.6909),(288.5 1345.1997),(289.5 1365.2513),(290.5 1345.6554),(291.5 1338.0045),(292.5 1226.6061),(293.5 1233.7883),(294.5 1205.7385),(295.5 1215.2668),(296.5 1177.3098),(297.5 1166.4473),(298.5 1116.0046),(299.5 1124.7762),(300.5 1113.0621),(301.5 1120.2261),(302.5 1082.3522),(303.5 1097.6351),(304.5 1015.57416),(305.5 1039.6606),(306.5 1025.3025),(307.5 1038.2013),(308.5 997.6654),(309.5 968.23047),(310.5 977.75073),(311.5 959.20575),(312.5 949.1765),(313.5 906.17377),(314.5 905.21027),(315.5 882.62885),(316.5 864.3986),(317.5 842.4277),(318.5 826.7146),(319.5 863.1727),(320.5 819.72797),(321.5 826.25024),(322.5 753.7442),(323.5 796.8357),(324.5 780.10077),(325.5 743.23193),(326.5 730.66473),(327.5 735.36414),(328.5 712.25305),(329.5 722.85706),(330.5 682.3348),(331.5 669.31604),(332.5 669.76495),(333.5 684.7718),(334.5 644.60956),(335.5 632.1828),(336.5 635.97534),(337.5 630.2375),(338.5 620.44464),(339.5 616.1786),(340.5 593.5601),(341.5 563.76935),(342.5 571.3496),(343.5 569.31024),(344.5 562.9949),(345.5 535.82446),(346.5 550.38464),(347.5 528.56256),(348.5 534.6367),(349.5 520.5821),(350.5 521.46735),(351.5 519.4022),(352.5 501.88412),(353.5 492.33698),(354.5 465.16306),(355.5 467.57043),(356.5 473.0883),(357.5 444.9395),(358.5 461.56216),(359.5 451.55923),(360.5 452.17648),(361.5 458.9477),(362.5 441.54803),(363.5 429.66916),(364.5 417.794),(365.5 421.93417),(366.5 409.39798),(367.5 396.38736),(368.5 393.30377),(369.5 383.8811),(370.5 379.153),(371.5 382.00665),(372.5 371.5227),(373.5 368.4794),(374.5 356.73187),(375.5 358.56357),(376.5 358.67468),(377.5 338.32434),(378.5 337.7037),(379.5 340.24802),(380.5 327.77792),(381.5 316.53244),(382.5 327.2156),(383.5 321.42538),(384.5 321.51935),(385.5 320.41437),(386.5 305.32797),(387.5 299.2621),(388.5 296.76404),(389.5 282.4028),(390.5 294.47708),(391.5 290.68042),(392.5 288.3917),(393.5 274.2569),(394.5 271.9418),(395.5 269.5229),(396.5 260.6744),(397.5 259.06277),(398.5 249.50392),(399.5 261.29666),(400.5 254.6516),(401.5 252.09317),(402.5 248.9708),(403.5 232.41885),(404.5 237.8143),(405.5 236.87222),(406.5 229.29413),(407.5 230.17668),(408.5 224.63603),(409.5 223.57397),(410.5 216.9345),(411.5 212.99237),(412.5 211.5957),(413.5 205.73451),(414.5 205.42566),(415.5 209.02835),(416.5 207.48384),(417.5 202.53218),(418.5 205.25545),(419.5 199.00728),(420.5 198.5337),(421.5 191.75885),(422.5 188.24837),(423.5 184.20026),(424.5 184.27904),(425.5 178.31241),(426.5 178.68112),(427.5 175.44626),(428.5 177.25731),(429.5 173.90129),(430.5 170.82343),(431.5 168.21617),(432.5 159.79501),(433.5 168.53581),(434.5 162.78073),(435.5 161.4806),(436.5 153.03043),(437.5 159.38559),(438.5 155.53117),(439.5 152.2663),(440.5 151.04478),(441.5 150.63097),(442.5 148.31631),(443.5 149.18007),(444.5 143.93997),(445.5 144.68257),(446.5 147.2447),(447.5 139.8035),(448.5 145.01262),(449.5 133.77551),(450.5 138.06097),(451.5 137.1463),(452.5 134.55879),(453.5 132.71445),(454.5 131.20926),(455.5 127.81125),(456.5 127.12241),(457.5 128.53922),(458.5 126.09679),(459.5 128.14),(460.5 126.18976),(461.5 123.76167),(462.5 122.701584),(463.5 122.08807),(464.5 121.55262),(465.5 121.72845),(466.5 118.9626),(467.5 121.189095),(468.5 114.67028),(469.5 118.7609),(470.5 115.41662),(471.5 114.84774),(472.5 114.3892),(473.5 117.04125),(474.5 118.50666),(475.5 115.91611),(476.5 113.68633),(477.5 111.83037),(478.5 110.184044),(479.5 108.085045),(480.5 108.55239),(481.5 107.05207),(482.5 108.17899),(483.5 106.05041),(484.5 109.62297),(485.5 106.76507),(486.5 106.97626),(487.5 103.358086),(488.5 106.13434),(489.5 107.403496),(490.5 105.50358),(491.5 102.33633),(492.5 105.55981),(493.5 103.78322),(494.5 104.19319),(495.5 104.04519),(496.5 104.56232),(497.5 102.12827),(498.5 100.5667),(499.5 100.18119),
(1.5 1007545.7),(2.5 1352526.1),(3.5 1976019.4),(4.5 1871394.6),(5.5 2414741.8),(6.5 3610407.5),(7.5 3778993.8),(8.5 4159696.8),(9.5 3022527),(10.5 3032470),(11.5 2282894.3),(12.5 3363498.8),(13.5 3205175.3),(14.5 2858796.8),(15.5 2869866.5),(16.5 2947690.8),(17.5 2619710.8),(18.5 1879431.3),(19.5 1974546.6),(20.5 1937673.4),(21.5 2404744),(22.5 1939849.6),(23.5 1350875.8),(24.5 1535376.5),(25.5 1473739.5),(26.5 1186737.8),(27.5 1268337.4),(28.5 1126502.8),(29.5 1126204.8),(30.5 1079377.9),(31.5 1023860.4),(32.5 838871),(33.5 858743.1),(34.5 708972.1),(35.5 726079.3),(36.5 742552.8),(37.5 654502.44),(38.5 573528.25),(39.5 582235),(40.5 610243.3),(41.5 541354.94),(42.5 508680.3),(43.5 493719),(44.5 459981.5),(45.5 433141.78),(46.5 433979.25),(47.5 410894.1),(48.5 392439.47),(49.5 378946.13),(50.5 283573.97),(51.5 288674.22),(52.5 316435.4),(53.5 260330.06),(54.5 265973.66),(55.5 264996.66),(56.5 256111.5),(57.5 237509.08),(58.5 205072.56),(59.5 202014.95),(60.5 189901.9),(61.5 218210.86),(62.5 198182.47),(63.5 185766.47),(64.5 186075.03),(65.5 168617.97),(66.5 163702.55),(67.5 148791.28),(68.5 151098.05),(69.5 158581.75),(70.5 136484.81),(71.5 133863.61),(72.5 142118.13),(73.5 156170.28),(74.5 145461.08),(75.5 131468.67),(76.5 122909.24),(77.5 110334.55),(78.5 111317.48),(79.5 101853.766),(80.5 121098.5),(81.5 120225.11),(82.5 98241),(83.5 91846.17),(84.5 88095.195),(85.5 91154.51),(86.5 91902.06),(87.5 79878.75),(88.5 83646.48),(89.5 76884.32),(90.5 83748.01),(91.5 76341.12),(92.5 74775.83),(93.5 78207.03),(94.5 66651.79),(95.5 64972.574),(96.5 57588.02),(97.5 58480.793),(98.5 63819.59),(99.5 60626.52),(100.5 56113.066),(101.5 49988.41),(102.5 51893.063),(103.5 55971.816),(104.5 52879.355),(105.5 52769.22),(106.5 48104.83),(107.5 47362.14),(108.5 47377.555),(109.5 48276.656),(110.5 45976.348),(111.5 42811.004),(112.5 41210.836),(113.5 38089.82),(114.5 37550.01),(115.5 36020.49),(116.5 35137.617),(117.5 35135.035),(118.5 35621.57),(119.5 33835.66),(120.5 34624.594),(121.5 32700.262),(122.5 31446.008),(123.5 32918.24),(124.5 30613.738),(125.5 31742.531),(126.5 29965.418),(127.5 30923.371),(128.5 27938.52),(129.5 25896.344),(130.5 27286.27),(131.5 25114.928),(132.5 26199.041),(133.5 25446.703),(134.5 26982.266),(135.5 25345.166),(136.5 23607.492),(137.5 24166.014),(138.5 24359.607),(139.5 23751.408),(140.5 21989.703),(141.5 21299.744),(142.5 22240.18),(143.5 20844.785),(144.5 20581.287),(145.5 19759.371),(146.5 18948.441),(147.5 18634.889),(148.5 18856.967),(149.5 19281.299),(150.5 19832.941),(151.5 17660.709),(152.5 17019.191),(153.5 16639.975),(154.5 16242.707),(155.5 16545.275),(156.5 16826.256),(157.5 17024.28),(158.5 16390.295),(159.5 15550.693),(160.5 15852.86),(161.5 14054.085),(162.5 14028.479),(163.5 13422.718),(164.5 13795.522),(165.5 13325.983),(166.5 13610.845),(167.5 13334.547),(168.5 12590.743),(169.5 11668.326),(170.5 11656.32),(171.5 11345.96),(172.5 11127.78),(173.5 11261.842),(174.5 11206.186),(175.5 11290.408),(176.5 10376.492),(177.5 10112.283),(178.5 10171.098),(179.5 9497.642),(180.5 9501.818),(181.5 9301.853),(182.5 9153.554),(183.5 9067.459),(184.5 9095.404),(185.5 8788.352),(186.5 8439.519),(187.5 8744.233),(188.5 8278.035),(189.5 8222.961),(190.5 7685.79),(191.5 7562.8984),(192.5 7680.9707),(193.5 7096.91),(194.5 6996.701),(195.5 6970.433),(196.5 6580.949),(197.5 6561.4277),(198.5 6427.268),(199.5 6302.6),(200.5 6259.088),(201.5 6148.1455),(202.5 6086.039),(203.5 6066.2144),(204.5 5908.739),(205.5 5856.964),(206.5 5459.794),(207.5 5435.6206),(208.5 5466.0845),(209.5 5330.9897),(210.5 5051.817),(211.5 5150.5117),(212.5 5093.8457),(213.5 4790.089),(214.5 4809.2393),(215.5 4750.9697),(216.5 4703.37),(217.5 4667.528),(218.5 4463.6494),(219.5 4402.9893),(220.5 4523.7485),(221.5 4527.568),(222.5 4298.325),(223.5 4463.038),(224.5 4107.945),(225.5 4043.3748),(226.5 3923.516),(227.5 3683.3806),(228.5 3745.8196),(229.5 3586.59),(230.5 3762.0356),(231.5 3527.3923),(232.5 3457.8008),(233.5 3445.6543),(234.5 3238.0522),(235.5 3330.567),(236.5 3320.2092),(237.5 3195.5627),(238.5 3307.1814),(239.5 3316.2927),(240.5 3164.8752),(241.5 2964.0906),(242.5 2882.5193),(243.5 2959.4102),(244.5 2949.0962),(245.5 2924.6538),(246.5 2740.3035),(247.5 2750.0337),(248.5 2699.6624),(249.5 2688.0435),(250.5 2679.9165),(251.5 2583.0186),(252.5 2534.9832),(253.5 2456.9255),(254.5 2357.0137),(255.5 2336.2896),(256.5 2316.2305),(257.5 2438.8604),(258.5 2409.7864),(259.5 2278.015),(260.5 2180.2087),(261.5 2126.0237),(262.5 2082.4426),(263.5 2050.6587),(264.5 2065.1326),(265.5 2036.5502),(266.5 1997.0424),(267.5 1978.283),(268.5 1946.7605),(269.5 1907.1866),(270.5 1848.1326),(271.5 1783.8451),(272.5 1779.8083),(273.5 1772.5894),(274.5 1698.6719),(275.5 1684.3129),(276.5 1678.2797),(277.5 1628.2719),(278.5 1606.9263),(279.5 1582.877),(280.5 1558.709),(281.5 1526.5067),(282.5 1487.3683),(283.5 1516.7504),(284.5 1474.6602),(285.5 1436.0065),(286.5 1422.3759),(287.5 1342.6339),(288.5 1349.1827),(289.5 1368.7444),(290.5 1340.523),(291.5 1341.672),(292.5 1240.1671),(293.5 1246.5386),(294.5 1220.051),(295.5 1220.9683),(296.5 1197.8698),(297.5 1183.5758),(298.5 1124.5563),(299.5 1121.4336),(300.5 1104.9358),(301.5 1120.8766),(302.5 1085.932),(303.5 1103.6487),(304.5 1022.51697),(305.5 1044.5099),(306.5 1026.6786),(307.5 1034.3728),(308.5 993.2179),(309.5 969.7211),(310.5 960.6331),(311.5 951.6481),(312.5 954.14886),(313.5 907.49036),(314.5 905.6891),(315.5 881.8643),(316.5 867.055),(317.5 842.4235),(318.5 825.5636),(319.5 855.99475),(320.5 820.3623),(321.5 827.9621),(322.5 750.9577),(323.5 794.8814),(324.5 787.0745),(325.5 755.3603),(326.5 739.8446),(327.5 740.20264),(328.5 713.313),(329.5 723.04974),(330.5 692.8508),(331.5 672.3447),(332.5 674.5463),(333.5 679.1169),(334.5 646.9685),(335.5 644.8392),(336.5 635.1171),(337.5 622.1435),(338.5 621.9317),(339.5 625.0958),(340.5 598.9887),(341.5 563.36914),(342.5 575.479),(343.5 569.3451),(344.5 563.584),(345.5 536.9569),(346.5 551.7434),(347.5 533.1502),(348.5 537.4778),(349.5 520.99005),(350.5 520.407),(351.5 515.62305),(352.5 496.99805),(353.5 492.08994),(354.5 467.88492),(355.5 463.6033),(356.5 473.47916),(357.5 445.70953),(358.5 461.54083),(359.5 450.76736),(360.5 449.39178),(361.5 458.37753),(362.5 439.15002),(363.5 431.70636),(364.5 423.38864),(365.5 425.6336),(366.5 410.81766),(367.5 395.72455),(368.5 396.835),(369.5 383.35925),(370.5 378.9886),(371.5 381.89902),(372.5 371.57614),(373.5 369.7551),(374.5 355.6529),(375.5 360.8641),(376.5 358.69574),(377.5 342.99),(378.5 341.5175),(379.5 338.40533),(380.5 327.43893),(381.5 316.894),(382.5 324.78915),(383.5 320.4352),(384.5 319.94986),(385.5 315.5309),(386.5 304.057),(387.5 297.9278),(388.5 296.60352),(389.5 284.0419),(390.5 291.18723),(391.5 287.8891),(392.5 287.68936),(393.5 276.38232),(394.5 271.67014),(395.5 271.21686),(396.5 260.35605),(397.5 261.03812),(398.5 252.27905),(399.5 262.32373),(400.5 254.02948),(401.5 252.03693),(402.5 247.58276),(403.5 232.32686),(404.5 237.24892),(405.5 238.50221),(406.5 231.1329),(407.5 230.69637),(408.5 224.3871),(409.5 222.66614),(410.5 217.79713),(411.5 214.23412),(412.5 213.43243),(413.5 207.56096),(414.5 207.46059),(415.5 209.65428),(416.5 207.02031),(417.5 201.74825),(418.5 204.15625),(419.5 200.75414),(420.5 199.23854),(421.5 194.45435),(422.5 189.55841),(423.5 185.07358),(424.5 186.70055),(425.5 179.85924),(426.5 178.8003),(427.5 175.64774),(428.5 178.42433),(429.5 173.7712),(430.5 169.3358),(431.5 169.33821),(432.5 161.65294),(433.5 168.31102),(434.5 160.94016),(435.5 161.98262),(436.5 153.88943),(437.5 160.0102),(438.5 155.49742),(439.5 152.367),(440.5 151.89497),(441.5 152.08002),(442.5 149.79393),(443.5 149.80035),(444.5 145.76538),(445.5 145.4852),(446.5 147.33531),(447.5 140.26096),(448.5 146.57364),(449.5 136.01553),(450.5 139.09619),(451.5 137.69595),(452.5 136.79042),(453.5 133.43443),(454.5 131.67421),(455.5 128.67055),(456.5 127.46584),(457.5 129.95708),(458.5 128.59247),(459.5 129.09332),(460.5 126.54953),(461.5 124.03839),(462.5 124.21409),(463.5 122.43709),(464.5 122.39701),(465.5 122.913124),(466.5 119.30189),(467.5 121.55744),(468.5 115.8662),(469.5 120.159096),(470.5 115.867294),(471.5 115.277),(472.5 116.24203),(473.5 118.152794),(474.5 118.67619),(475.5 115.41971),(476.5 113.844765),(477.5 112.19128),(478.5 109.92015),(479.5 107.93902),(480.5 109.22505),(481.5 107.538826),(482.5 107.8341),(483.5 105.841255),(484.5 108.44691),(485.5 106.68314),(486.5 107.133766),(487.5 103.17604),(488.5 105.80693),(489.5 106.46873),(490.5 104.123535),(491.5 101.45094),(492.5 104.29608),(493.5 103.52529),(494.5 103.377785),(495.5 103.83729),(496.5 105.31913),(497.5 102.75523),(498.5 100.21484),(499.5 100.35212),
(1.5 1143032.1),(2.5 1524497.8),(3.5 2208168.3),(4.5 2057926),(5.5 2699102.3),(6.5 3976750.8),(7.5 4122662.5),(8.5 4484095.5),(9.5 3260456),(10.5 3280507.5),(11.5 2480186.5),(12.5 3652440.3),(13.5 3432954.3),(14.5 3071621),(15.5 3092163),(16.5 3119492.3),(17.5 2774668.8),(18.5 1992635.4),(19.5 2067330.9),(20.5 2031158.8),(21.5 2505722.8),(22.5 2039732.1),(23.5 1421926.5),(24.5 1621252.5),(25.5 1526307.3),(26.5 1228242.5),(27.5 1322440.6),(28.5 1157439.5),(29.5 1158405.1),(30.5 1107504.6),(31.5 1051798.3),(32.5 858371.1),(33.5 882268.94),(34.5 723365.06),(35.5 733163.56),(36.5 748445.25),(37.5 658410.06),(38.5 569349.4),(39.5 581122.8),(40.5 617644.5),(41.5 552095.44),(42.5 521895),(43.5 510768.34),(44.5 480737.44),(45.5 435531.63),(46.5 442088.25),(47.5 421516),(48.5 401727.03),(49.5 389395.4),(50.5 288280.1),(51.5 294134.56),(52.5 325384.66),(53.5 265611.1),(54.5 272147.16),(55.5 271166.34),(56.5 259697.23),(57.5 241854.9),(58.5 210817.38),(59.5 205117.92),(60.5 193381.19),(61.5 221938.81),(62.5 201625.39),(63.5 188853.98),(64.5 189300.78),(65.5 171778.14),(66.5 165415.94),(67.5 149554.83),(68.5 152619.28),(69.5 158525.61),(70.5 136667.23),(71.5 135396.98),(72.5 142375.08),(73.5 158588.83),(74.5 146342.69),(75.5 133578.75),(76.5 124053.19),(77.5 111502.66),(78.5 111024.25),(79.5 102370.97),(80.5 120638.305),(81.5 120565.17),(82.5 99511.94),(83.5 93075.37),(84.5 89295.27),(85.5 90351.22),(86.5 91362.51),(87.5 80248.06),(88.5 83788.61),(89.5 76420.47),(90.5 84178.41),(91.5 76477.15),(92.5 74070.71),(93.5 78236.35),(94.5 67196.25),(95.5 66537.01),(96.5 58320.32),(97.5 58731.652),(98.5 64709.125),(99.5 60973.94),(100.5 57053.38),(101.5 49901.773),(102.5 52105.05),(103.5 56102.402),(104.5 53738.082),(105.5 53058.434),(106.5 47894.516),(107.5 47713.46),(108.5 47151.88),(109.5 48514.65),(110.5 46012.746),(111.5 43469.43),(112.5 41305.582),(113.5 38608.12),(114.5 38345.74),(115.5 36210.58),(116.5 35607.176),(117.5 35349.668),(118.5 36060.004),(119.5 34443.832),(120.5 34785.266),(121.5 33099.43),(122.5 31596.1),(123.5 33050.594),(124.5 30911.732),(125.5 31867.041),(126.5 30340.904),(127.5 31584.775),(128.5 28389.336),(129.5 26610.156),(130.5 27721.826),(131.5 25455.336),(132.5 26328.22),(133.5 26176.969),(134.5 27173.63),(135.5 25405.715),(136.5 23723.107),(137.5 24696.271),(138.5 24823.719),(139.5 23828.912),(140.5 22194.42),(141.5 21329.941),(142.5 22384.383),(143.5 21445.713),(144.5 20802.846),(145.5 20226.234),(146.5 19376.56),(147.5 18747.639),(148.5 19048.002),(149.5 19190.996),(150.5 19861.756),(151.5 17747.293),(152.5 17138.8),(153.5 16579.332),(154.5 16237.221),(155.5 16668.531),(156.5 16939.635),(157.5 17088.184),(158.5 16469.953),(159.5 15596.915),(160.5 15832.304),(161.5 14082.864),(162.5 13978.913),(163.5 13434.975),(164.5 13750.624),(165.5 13120.0205),(166.5 13455.326),(167.5 13050.013),(168.5 12530.646),(169.5 11774.711),(170.5 11897.723),(171.5 11386.147),(172.5 10970.666),(173.5 11189.762),(174.5 11253.856),(175.5 11269.659),(176.5 10509.998),(177.5 9992.55),(178.5 10116.744),(179.5 9491.449),(180.5 9422.226),(181.5 9244.248),(182.5 9172.641),(183.5 9017.422),(184.5 9053.111),(185.5 8668.214),(186.5 8452.336),(187.5 8785.491),(188.5 8346.17),(189.5 8172.6714),(190.5 7689.2607),(191.5 7520.384),(192.5 7687.6943),(193.5 7108.407),(194.5 6915.7534),(195.5 7067.598),(196.5 6737.259),(197.5 6667.43),(198.5 6440.3667),(199.5 6291.749),(200.5 6399.354),(201.5 6171.5347),(202.5 6122.2085),(203.5 6050.802),(204.5 5844.761),(205.5 5808.2646),(206.5 5453.446),(207.5 5451.2715),(208.5 5539.3604),(209.5 5409.235),(210.5 5116.4985),(211.5 5124.55),(212.5 5101.8286),(213.5 4869.385),(214.5 4887.287),(215.5 4847.4243),(216.5 4797.7944),(217.5 4744.238),(218.5 4488.586),(219.5 4440.0264),(220.5 4430.295),(221.5 4491.745),(222.5 4324.338),(223.5 4453.679),(224.5 4080.629),(225.5 4044.0774),(226.5 3885.9644),(227.5 3656.7307),(228.5 3748.0674),(229.5 3588.3066),(230.5 3787.579),(231.5 3564.9614),(232.5 3465.976),(233.5 3473.5786),(234.5 3282.0955),(235.5 3330.1343),(236.5 3279.493),(237.5 3177.4775),(238.5 3311.7769),(239.5 3308.2683),(240.5 3156.3228),(241.5 2973.5947),(242.5 2874.3762),(243.5 2992.5408),(244.5 2965.1165),(245.5 2926.238),(246.5 2729.4395),(247.5 2739.0051),(248.5 2718.6733),(249.5 2673.1394),(250.5 2683.7354),(251.5 2567.1958),(252.5 2535.5615),(253.5 2442.8005),(254.5 2358.759),(255.5 2337.1707),(256.5 2341.3179),(257.5 2418.1162),(258.5 2409.1016),(259.5 2298.754),(260.5 2197.2021),(261.5 2127.0906),(262.5 2107.2964),(263.5 2054.7546),(264.5 2064.9429),(265.5 2034.9186),(266.5 1991.9452),(267.5 1954.3419),(268.5 1937.273),(269.5 1904.5972),(270.5 1862.8418),(271.5 1795.1106),(272.5 1806.2195),(273.5 1778.0524),(274.5 1712.7211),(275.5 1683.7451),(276.5 1687.742),(277.5 1643.826),(278.5 1612.604),(279.5 1591.7246),(280.5 1565.6487),(281.5 1545.766),(282.5 1499.4084),(283.5 1527.0043),(284.5 1470.6034),(285.5 1446.702),(286.5 1432.7665),(287.5 1358.3663),(288.5 1363.3479),(289.5 1375.0697),(290.5 1347.3887),(291.5 1352.2379),(292.5 1248.9679),(293.5 1245.3815),(294.5 1219.8552),(295.5 1236.1925),(296.5 1206.4125),(297.5 1193.194),(298.5 1128.5948),(299.5 1144.087),(300.5 1130.8845),(301.5 1139.4917),(302.5 1111.4496),(303.5 1115.9633),(304.5 1038.6741),(305.5 1053.6224),(306.5 1031.3086),(307.5 1040.6091),(308.5 1005.2369),(309.5 971.54205),(310.5 966.4658),(311.5 954.63837),(312.5 948.97034),(313.5 916.8468),(314.5 916.9387),(315.5 884.85596),(316.5 874.0464),(317.5 858.7826),(318.5 830.1786),(319.5 851.79785),(320.5 812.5949),(321.5 819.7342),(322.5 753.8086),(323.5 793.4386),(324.5 787.94006),(325.5 748.26086),(326.5 736.2904),(327.5 739.43225),(328.5 716.3785),(329.5 735.3087),(330.5 691.901),(331.5 677.42566),(332.5 681.4042),(333.5 685.5459),(334.5 657.108),(335.5 652.71423),(336.5 643.72144),(337.5 626.0859),(338.5 626.3311),(339.5 627.25555),(340.5 599.24225),(341.5 569.16797),(342.5 580.8322),(343.5 574.8288),(344.5 570.0457),(345.5 539.85986),(346.5 558.3219),(347.5 536.28174),(348.5 538.26373),(349.5 524.51666),(350.5 527.0216),(351.5 522.95435),(352.5 510.1089),(353.5 498.53152),(354.5 473.1455),(355.5 470.5889),(356.5 479.5117),(357.5 452.91217),(358.5 460.5905),(359.5 450.5737),(360.5 446.84958),(361.5 454.01938),(362.5 439.6358),(363.5 433.54922),(364.5 424.10696),(365.5 428.3465),(366.5 412.28818),(367.5 396.6644),(368.5 401.27432),(369.5 387.2618),(370.5 383.51877),(371.5 382.57648),(372.5 371.8804),(373.5 372.75537),(374.5 355.6869),(375.5 365.71667),(376.5 362.37646),(377.5 346.6495),(378.5 341.05228),(379.5 337.9575),(380.5 331.3455),(381.5 324.00983),(382.5 329.39355),(383.5 324.931),(384.5 322.8001),(385.5 315.4022),(386.5 306.92822),(387.5 299.00803),(388.5 299.949),(389.5 283.13165),(390.5 289.7904),(391.5 288.3273),(392.5 287.59808),(393.5 276.23532),(394.5 274.50748),(395.5 276.7713),(396.5 266.16745),(397.5 265.5378),(398.5 257.8241),(399.5 265.8967),(400.5 257.28323),(401.5 255.76253),(402.5 250.76106),(403.5 236.02),(404.5 238.28041),(405.5 242.9623),(406.5 234.73901),(407.5 233.64522),(408.5 227.62967),(409.5 227.27583),(410.5 220.35687),(411.5 217.16742),(412.5 213.9046),(413.5 209.82018),(414.5 206.84036),(415.5 208.30182),(416.5 207.48193),(417.5 204.17522),(418.5 205.89063),(419.5 199.99849),(420.5 200.01872),(421.5 196.5912),(422.5 192.12271),(423.5 186.60298),(424.5 187.98567),(425.5 180.59277),(426.5 181.3279),(427.5 177.86987),(428.5 178.97725),(429.5 174.26768),(430.5 171.23991),(431.5 170.33502),(432.5 162.07005),(433.5 170.1198),(434.5 162.52979),(435.5 161.73056),(436.5 156.97656),(437.5 161.03148),(438.5 156.07129),(439.5 151.62682),(440.5 152.92577),(441.5 152.92397),(442.5 151.99612),(443.5 151.05971),(444.5 147.99458),(445.5 147.73956),(446.5 148.23709),(447.5 141.26427),(448.5 147.5967),(449.5 136.3026),(450.5 140.54407),(451.5 138.44846),(452.5 137.792),(453.5 135.50371),(454.5 132.79692),(455.5 129.58005),(456.5 129.47115),(457.5 132.04286),(458.5 129.45468),(459.5 131.21161),(460.5 128.38983),(461.5 125.25276),(462.5 124.76516),(463.5 123.75606),(464.5 123.68579),(465.5 123.99433),(466.5 120.03151),(467.5 122.44869),(468.5 116.98955),(469.5 122.300446),(470.5 117.551895),(471.5 116.968636),(472.5 117.58075),(473.5 117.65423),(474.5 117.755035),(475.5 116.35627),(476.5 115.004425),(477.5 113.004776),(478.5 109.98504),(479.5 107.78518),(480.5 109.992714),(481.5 109.574394),(482.5 109.14335),(483.5 106.622795),(484.5 109.91542),(485.5 107.76772),(486.5 108.17436),(487.5 104.27764),(488.5 106.57697),(489.5 107.11109),(490.5 105.59207),(491.5 101.2982),(492.5 105.205795),(493.5 104.217995),(494.5 105.116),(495.5 104.002144),(496.5 106.090744),(497.5 102.71849),(498.5 101.60714),(499.5 100.9726),
(1.5 1254520.1),(2.5 1677613.3),(3.5 2421321.8),(4.5 2261164.8),(5.5 2984561.3),(6.5 4346581.5),(7.5 4457204),(8.5 4798657),(9.5 3491759.5),(10.5 3524989.3),(11.5 2671260.8),(12.5 3929703),(13.5 3650208.8),(14.5 3274710.5),(15.5 3305043.5),(16.5 3282329),(17.5 2915418.8),(18.5 2101996.5),(19.5 2150024.8),(20.5 2114012.5),(21.5 2590457),(22.5 2130938.5),(23.5 1486463.4),(24.5 1700484.5),(25.5 1570083.8),(26.5 1264188.1),(27.5 1370088.4),(28.5 1184842),(29.5 1185595.8),(30.5 1130695.6),(31.5 1074182.8),(32.5 874369.5),(33.5 900460.44),(34.5 733828.25),(35.5 736581),(36.5 750830.44),(37.5 659577.4),(38.5 563854.44),(39.5 577907.44),(40.5 625425.44),(41.5 560827.25),(42.5 533752.06),(43.5 525130.3),(44.5 501666.66),(45.5 438293.5),(46.5 449282.03),(47.5 431867.38),(48.5 413012.38),(49.5 399860.5),(50.5 294308.56),(51.5 301412.9),(52.5 332089.53),(53.5 270870.9),(54.5 277485.8),(55.5 276888.78),(56.5 262413.97),(57.5 245045.16),(58.5 215139.52),(59.5 205443.4),(60.5 196377.17),(61.5 225826.11),(62.5 204440.05),(63.5 190546.13),(64.5 191491.8),(65.5 174557.23),(66.5 166206.25),(67.5 149855.34),(68.5 152908.53),(69.5 158784.11),(70.5 137232.56),(71.5 136184.02),(72.5 141529.75),(73.5 160359.61),(74.5 146403.47),(75.5 134414.75),(76.5 125211.83),(77.5 112711.766),(78.5 110738.984),(79.5 103901.46),(80.5 120107.29),(81.5 120504.984),(82.5 100402.27),(83.5 93494.1),(84.5 89819.03),(85.5 89930.984),(86.5 90490.87),(87.5 80928.555),(88.5 84863.85),(89.5 76781.62),(90.5 85222.61),(91.5 77380.88),(92.5 73804.38),(93.5 78432.84),(94.5 67854.28),(95.5 67939.805),(96.5 59308.797),(97.5 59166.75),(98.5 65473.523),(99.5 61449.113),(100.5 57742.742),(101.5 50242.688),(102.5 52891),(103.5 56027.824),(104.5 54899.332),(105.5 53188.53),(106.5 47760.074),(107.5 48043.984),(108.5 47136.332),(109.5 48965.99),(110.5 46183.56),(111.5 43826.242),(112.5 41576.125),(113.5 39236.09),(114.5 38720.273),(115.5 36181.23),(116.5 36325.54),(117.5 35415.49),(118.5 36051.027),(119.5 34670.27),(120.5 34735.2),(121.5 33167.996),(122.5 31740.443),(123.5 33384.87),(124.5 31256.113),(125.5 32229.16),(126.5 30919.053),(127.5 31985.225),(128.5 28809.998),(129.5 27073.781),(130.5 28123.174),(131.5 25546.984),(132.5 26560.232),(133.5 26858.934),(134.5 27355.414),(135.5 25521.807),(136.5 23695.014),(137.5 25167.672),(138.5 25084.64),(139.5 23796.402),(140.5 22294.4),(141.5 21467.213),(142.5 22668.53),(143.5 21727.293),(144.5 21094.596),(145.5 20417.742),(146.5 19499.088),(147.5 18706.064),(148.5 19099.654),(149.5 18933.389),(150.5 19764.121),(151.5 17825.25),(152.5 17196.053),(153.5 16391.691),(154.5 16385.76),(155.5 16817.014),(156.5 17001.79),(157.5 16998.691),(158.5 16617.738),(159.5 15622.785),(160.5 15825.69),(161.5 14071.387),(162.5 13787.01),(163.5 13440.16),(164.5 13673.781),(165.5 13021.416),(166.5 13299.703),(167.5 12927.015),(168.5 12510.941),(169.5 11871.579),(170.5 12040.807),(171.5 11521.063),(172.5 10859.944),(173.5 11113.254),(174.5 11248.351),(175.5 11317.263),(176.5 10739.022),(177.5 9971.269),(178.5 10109.338),(179.5 9604.796),(180.5 9324.596),(181.5 9228.655),(182.5 9213.264),(183.5 9083.924),(184.5 9026.363),(185.5 8657.126),(186.5 8625.915),(187.5 8779.849),(188.5 8401.22),(189.5 8233.927),(190.5 7683.134),(191.5 7515.396),(192.5 7689.7813),(193.5 7180.289),(194.5 6882.0996),(195.5 7110.271),(196.5 6922.7603),(197.5 6722.9956),(198.5 6488.8325),(199.5 6349.3496),(200.5 6493.4683),(201.5 6275.2163),(202.5 6197.634),(203.5 6122.7905),(204.5 5878.118),(205.5 5750.5215),(206.5 5457.797),(207.5 5512.52),(208.5 5625.2397),(209.5 5480.03),(210.5 5138.205),(211.5 5185.3223),(212.5 5109.7715),(213.5 4949.251),(214.5 4931.984),(215.5 4896.6006),(216.5 4863.2417),(217.5 4772.0435),(218.5 4525.685),(219.5 4438.116),(220.5 4385.9863),(221.5 4443.7026),(222.5 4364.8286),(223.5 4464.3755),(224.5 4036.5378),(225.5 4020.527),(226.5 3879.5063),(227.5 3672.7222),(228.5 3704.4197),(229.5 3588.8027),(230.5 3797.702),(231.5 3610.9539),(232.5 3504.526),(233.5 3459.9187),(234.5 3322.0876),(235.5 3328.3623),(236.5 3252.4612),(237.5 3160.9343),(238.5 3280.9114),(239.5 3278.792),(240.5 3145.0408),(241.5 2964.295),(242.5 2841.8901),(243.5 2982.3901),(244.5 2980.472),(245.5 2902.5828),(246.5 2741.686),(247.5 2751.8743),(248.5 2726.4834),(249.5 2636.289),(250.5 2633.7847),(251.5 2499.301),(252.5 2518.2554),(253.5 2445.0981),(254.5 2338.116),(255.5 2298.025),(256.5 2314.035),(257.5 2407.8914),(258.5 2416.703),(259.5 2307.709),(260.5 2212.876),(261.5 2129.7449),(262.5 2104.8416),(263.5 2053.5098),(264.5 2058.3364),(265.5 2040.211),(266.5 1999.4325),(267.5 1985.5436),(268.5 1927.2687),(269.5 1922.3502),(270.5 1875.2982),(271.5 1794.358),(272.5 1785.1704),(273.5 1775.1166),(274.5 1705.0154),(275.5 1680.6075),(276.5 1683.6616),(277.5 1633.5051),(278.5 1598.4366),(279.5 1577.0653),(280.5 1551.2367),(281.5 1553.3547),(282.5 1497.0354),(283.5 1526.2767),(284.5 1474.8997),(285.5 1458.1904),(286.5 1450.681),(287.5 1364.0266),(288.5 1344.9739),(289.5 1367.4948),(290.5 1338.1624),(291.5 1347.538),(292.5 1258.4089),(293.5 1244.1722),(294.5 1226.2554),(295.5 1241.0248),(296.5 1196.6272),(297.5 1187.3473),(298.5 1139.0177),(299.5 1142.9742),(300.5 1124.3219),(301.5 1146.6721),(302.5 1118.6288),(303.5 1114.5542),(304.5 1040.1483),(305.5 1053.101),(306.5 1023.18304),(307.5 1041.0637),(308.5 1005.7222),(309.5 969.9648),(310.5 972.6436),(311.5 945.34424),(312.5 945.2245),(313.5 910.90546),(314.5 907.1151),(315.5 882.46826),(316.5 868.279),(317.5 849.36694),(318.5 824.3682),(319.5 841.0991),(320.5 810.6926),(321.5 805.86993),(322.5 746.7204),(323.5 792.07166),(324.5 785.13696),(325.5 749.8073),(326.5 738.52844),(327.5 741.279),(328.5 708.91376),(329.5 723.05945),(330.5 678.93304),(331.5 675.4109),(332.5 684.8824),(333.5 682.19885),(334.5 654.5071),(335.5 645.0761),(336.5 643.95197),(337.5 631.2078),(338.5 625.8671),(339.5 630.0376),(340.5 601.4427),(341.5 572.63776),(342.5 574.74176),(343.5 575.5001),(344.5 568.0947),(345.5 538.21783),(346.5 557.0868),(347.5 538.64545),(348.5 533.4594),(349.5 520.8835),(350.5 526.0708),(351.5 519.57776),(352.5 501.45398),(353.5 498.0497),(354.5 476.76593),(355.5 473.16455),(356.5 478.79477),(357.5 456.8789),(358.5 462.69055),(359.5 450.60565),(360.5 442.56448),(361.5 452.33087),(362.5 438.77826),(363.5 433.77448),(364.5 427.13217),(365.5 429.0938),(366.5 412.20758),(367.5 394.63586),(368.5 397.465),(369.5 384.2554),(370.5 382.99942),(371.5 381.41052),(372.5 374.13333),(373.5 375.42685),(374.5 356.37524),(375.5 363.39636),(376.5 366.58994),(377.5 350.24747),(378.5 347.1387),(379.5 336.00974),(380.5 330.68323),(381.5 327.11508),(382.5 328.31125),(383.5 323.14874),(384.5 321.8357),(385.5 312.55115),(386.5 305.3102),(387.5 298.6592),(388.5 298.9683),(389.5 283.94525),(390.5 291.0086),(391.5 287.12732),(392.5 290.01184),(393.5 280.28244),(394.5 279.0302),(395.5 277.91888),(396.5 268.71408),(397.5 269.20737),(398.5 256.9046),(399.5 265.10553),(400.5 256.2894),(401.5 254.84375),(402.5 247.60246),(403.5 236.94356),(404.5 236.14627),(405.5 242.25153),(406.5 234.02487),(407.5 233.74687),(408.5 225.22548),(409.5 227.52597),(410.5 220.23462),(411.5 218.42839),(412.5 216.08711),(413.5 210.9328),(414.5 205.67862),(415.5 211.20897),(416.5 209.386),(417.5 204.67195),(418.5 204.63426),(419.5 196.88962),(420.5 200.52275),(421.5 195.51965),(422.5 190.46977),(423.5 185.86142),(424.5 188.5849),(425.5 182.33096),(426.5 181.31699),(427.5 177.91354),(428.5 178.65721),(429.5 173.34143),(430.5 170.59038),(431.5 169.66733),(432.5 163.47142),(433.5 170.54689),(434.5 163.26146),(435.5 160.92706),(436.5 158.0715),(437.5 161.36118),(438.5 157.07262),(439.5 151.13971),(440.5 152.6628),(441.5 154.18147),(442.5 152.8714),(443.5 150.59569),(444.5 148.19417),(445.5 147.86691),(446.5 147.612),(447.5 140.92873),(448.5 147.32118),(449.5 136.94951),(450.5 140.41048),(451.5 138.04672),(452.5 137.7915),(453.5 136.26933),(454.5 132.06789),(455.5 131.00269),(456.5 130.88153),(457.5 134.23337),(458.5 129.7834),(459.5 131.01038),(460.5 127.49634),(461.5 124.2186),(462.5 125.94046),(463.5 123.92799),(464.5 122.8835),(465.5 124.41272),(466.5 119.24314),(467.5 121.72841),(468.5 116.059654),(469.5 122.56264),(470.5 118.81801),(471.5 117.680695),(472.5 117.85508),(473.5 118.373566),(474.5 117.893135),(475.5 116.43148),(476.5 115.69123),(477.5 112.92844),(478.5 110.4935),(479.5 109.027756),(480.5 110.4613),(481.5 109.03776),(482.5 109.14502),(483.5 106.73796),(484.5 109.78577),(485.5 107.53696),(486.5 109.48937),(487.5 104.45411),(488.5 106.61925),(489.5 107.65264),(490.5 105.12945),(491.5 101.24262),(492.5 104.9061),(493.5 104.00605),(494.5 104.19455),(495.5 103.42515),(496.5 105.95114),(497.5 103.37134),(498.5 100.936775),(499.5 102.283104),
(1.5 1345451.8),(2.5 1824079.3),(3.5 2663815.3),(4.5 2463446.5),(5.5 3285379),(6.5 4710429),(7.5 4799791),(8.5 5096558.5),(9.5 3717646),(10.5 3764487),(11.5 2856109.3),(12.5 4194664.5),(13.5 3854572.8),(14.5 3465162.5),(15.5 3510910.8),(16.5 3427315.3),(17.5 3047140.3),(18.5 2203309),(19.5 2220523.5),(20.5 2188195.5),(21.5 2657659.3),(22.5 2212237),(23.5 1550517.8),(24.5 1774482),(25.5 1605174.6),(26.5 1297117.9),(27.5 1409639),(28.5 1210918.4),(29.5 1209619.9),(30.5 1151714.1),(31.5 1090673),(32.5 888811.1),(33.5 919207.9),(34.5 743039.94),(35.5 738158.6),(36.5 750102.3),(37.5 658365.1),(38.5 559827),(39.5 575644.94),(40.5 632819.5),(41.5 569645),(42.5 544577.06),(43.5 539818.25),(44.5 522534.88),(45.5 441815.56),(46.5 453391.72),(47.5 442927.8),(48.5 424762.38),(49.5 410169.72),(50.5 299146.66),(51.5 308264.8),(52.5 336977.03),(53.5 274952.13),(54.5 281249.63),(55.5 282047.53),(56.5 263673.7),(57.5 247757.1),(58.5 218201.13),(59.5 204348.48),(60.5 198566.5),(61.5 229003.42),(62.5 207511.08),(63.5 191125.63),(64.5 192960.22),(65.5 177805.06),(66.5 167115.31),(67.5 149598.4),(68.5 152233.23),(69.5 158249.97),(70.5 138722.17),(71.5 136703.36),(72.5 140606.8),(73.5 161192.64),(74.5 145864.95),(75.5 133955.34),(76.5 125569.74),(77.5 113809.72),(78.5 111047.47),(79.5 105865.445),(80.5 119914),(81.5 120432.61),(82.5 101035.78),(83.5 93964.17),(84.5 90474.03),(85.5 90807.93),(86.5 90068.26),(87.5 82002.734),(88.5 86831.41),(89.5 77839.37),(90.5 86172.57),(91.5 78987.7),(92.5 74113.266),(93.5 78698.305),(94.5 68763.11),(95.5 68919.36),(96.5 60311.28),(97.5 59850.46),(98.5 66016.31),(99.5 61900.902),(100.5 58167.418),(101.5 51058.793),(102.5 53715.203),(103.5 55706.69),(104.5 55419.25),(105.5 53316.465),(106.5 47808.31),(107.5 48130.164),(108.5 47144.977),(109.5 49480.438),(110.5 46282.57),(111.5 43996.332),(112.5 42049.676),(113.5 39545.465),(114.5 38485.766),(115.5 35967.133),(116.5 36783.773),(117.5 35508.668),(118.5 35915.664),(119.5 34310.418),(120.5 34538.547),(121.5 33305.06),(122.5 31833.082),(123.5 33683.29),(124.5 31936.041),(125.5 32628.037),(126.5 31404.248),(127.5 32321.281),(128.5 29088.793),(129.5 27361.504),(130.5 28227.893),(131.5 25472.559),(132.5 26574.13),(133.5 27237.809),(134.5 27137.98),(135.5 25381.74),(136.5 23651.648),(137.5 25464.172),(138.5 25245.996),(139.5 23682.283),(140.5 22285.96),(141.5 21703.219),(142.5 22937.64),(143.5 21674.48),(144.5 21337.156),(145.5 20427.695),(146.5 19468.232),(147.5 18622.736),(148.5 19064.959),(149.5 18694.756),(150.5 19695.469),(151.5 17782.838),(152.5 17210.553),(153.5 16289.624),(154.5 16475.332),(155.5 16839.992),(156.5 16886.521),(157.5 16873.25),(158.5 16580.049),(159.5 15514.263),(160.5 15776.706),(161.5 13913.955),(162.5 13732.719),(163.5 13522.886),(164.5 13694.922),(165.5 12932.772),(166.5 13134.31),(167.5 12979.08),(168.5 12508.316),(169.5 11989.981),(170.5 12249.178),(171.5 11595.914),(172.5 10913.971),(173.5 11117.86),(174.5 11210.409),(175.5 11409.925),(176.5 10858.843),(177.5 10039.358),(178.5 10134.114),(179.5 9615.79),(180.5 9183.891),(181.5 9119.373),(182.5 9198.816),(183.5 9199.118),(184.5 9076.845),(185.5 8594.098),(186.5 8699.1875),(187.5 8848.858),(188.5 8565.9375),(189.5 8325.156),(190.5 7706.2666),(191.5 7581.3677),(192.5 7703.377),(193.5 7235.2017),(194.5 6875.565),(195.5 7073.0645),(196.5 6975.119),(197.5 6768.734),(198.5 6546.7207),(199.5 6380.3657),(200.5 6528.5083),(201.5 6387.2666),(202.5 6259.0996),(203.5 6148.229),(204.5 5962.8364),(205.5 5766.642),(206.5 5525.2725),(207.5 5605.926),(208.5 5646.362),(209.5 5494.9063),(210.5 5247.508),(211.5 5245.35),(212.5 5144.7095),(213.5 5014.5557),(214.5 4972.2144),(215.5 4913.3584),(216.5 4846.566),(217.5 4775.858),(218.5 4558.179),(219.5 4419.5073),(220.5 4394.73),(221.5 4490.687),(222.5 4398.3906),(223.5 4455.4434),(224.5 3990.679),(225.5 4000.2295),(226.5 3882.4292),(227.5 3688.5063),(228.5 3683.9888),(229.5 3582.3584),(230.5 3795.0916),(231.5 3659.0159),(232.5 3484.12),(233.5 3439.985),(234.5 3377.2522),(235.5 3329.8306),(236.5 3240.3955),(237.5 3132.3005),(238.5 3267.851),(239.5 3261.8662),(240.5 3148.4973),(241.5 2957.5747),(242.5 2858.7366),(243.5 2992.7798),(244.5 2971.884),(245.5 2888.0332),(246.5 2708.5808),(247.5 2741.0078),(248.5 2719.7231),(249.5 2610.935),(250.5 2593.5398),(251.5 2488.2769),(252.5 2504.6238),(253.5 2449.6375),(254.5 2330.8743),(255.5 2305.488),(256.5 2339.0007),(257.5 2396.1387),(258.5 2405.7085),(259.5 2343.7166),(260.5 2219.6248),(261.5 2121.1624),(262.5 2116.5708),(263.5 2050.8171),(264.5 2050.813),(265.5 2039.3396),(266.5 2005.5432),(267.5 1981.6165),(268.5 1920.6069),(269.5 1899.4098),(270.5 1878.8928),(271.5 1796.8228),(272.5 1800.4231),(273.5 1785.0433),(274.5 1702.6184),(275.5 1679.4834),(276.5 1688.2413),(277.5 1620.1788),(278.5 1605.8363),(279.5 1579.7289),(280.5 1570.0011),(281.5 1563.7406),(282.5 1502.804),(283.5 1527.2664),(284.5 1487.977),(285.5 1455.6844),(286.5 1446.4066),(287.5 1353.7682),(288.5 1334.6049),(289.5 1347.0352),(290.5 1319.4885),(291.5 1328.3594),(292.5 1238.1),(293.5 1239.7924),(294.5 1221.7742),(295.5 1226.8102),(296.5 1173.7938),(297.5 1173.2568),(298.5 1130.0593),(299.5 1136.8585),(300.5 1129.8329),(301.5 1133.9336),(302.5 1112.74),(303.5 1119.5107),(304.5 1034.5891),(305.5 1040.5168),(306.5 1018.6908),(307.5 1033.7997),(308.5 1006.5239),(309.5 972.8637),(310.5 973.6975),(311.5 945.5684),(312.5 947.17975),(313.5 909.9548),(314.5 895.7311),(315.5 879.0183),(316.5 873.2514),(317.5 855.04047),(318.5 825.1988),(319.5 841.3422),(320.5 807.60187),(321.5 804.20465),(322.5 746.9861),(323.5 795.0079),(324.5 787.29974),(325.5 759.4672),(326.5 737.8068),(327.5 736.2656),(328.5 714.95245),(329.5 727.2327),(330.5 680.8797),(331.5 681.8352),(332.5 681.5746),(333.5 682.2759),(334.5 658.0207),(335.5 641.9612),(336.5 639.5274),(337.5 634.57745),(338.5 624.0741),(339.5 628.5406),(340.5 604.4714),(341.5 574.0156),(342.5 573.3261),(343.5 575.9863),(344.5 562.863),(345.5 532.75415),(346.5 556.46765),(347.5 530.10315),(348.5 530.2153),(349.5 521.28253),(350.5 526.45135),(351.5 515.4616),(352.5 496.7836),(353.5 494.79825),(354.5 477.66125),(355.5 476.90298),(356.5 480.3271),(357.5 455.16647),(358.5 462.37402),(359.5 450.99774),(360.5 445.47913),(361.5 449.62494),(362.5 438.17838),(363.5 432.80038),(364.5 426.3476),(365.5 428.56555),(366.5 408.71497),(367.5 396.9266),(368.5 397.3656),(369.5 386.833),(370.5 385.72568),(371.5 383.56857),(372.5 373.34973),(373.5 375.47195),(374.5 358.23132),(375.5 361.97513),(376.5 367.20746),(377.5 352.39035),(378.5 349.7425),(379.5 335.70837),(380.5 330.6774),(381.5 324.31625),(382.5 325.79507),(383.5 321.85757),(384.5 325.02798),(385.5 314.4299),(386.5 306.00443),(387.5 298.7096),(388.5 298.01523),(389.5 285.12402),(390.5 291.98584),(391.5 289.65488),(392.5 291.46085),(393.5 282.28223),(394.5 280.33157),(395.5 279.26807),(396.5 268.18332),(397.5 271.44022),(398.5 259.51697),(399.5 265.64136),(400.5 255.96953),(401.5 255.80972),(402.5 246.43494),(403.5 236.39676),(404.5 235.024),(405.5 241.93341),(406.5 232.97455),(407.5 233.25044),(408.5 226.37143),(409.5 227.95113),(410.5 221.42401),(411.5 217.10547),(412.5 217.53806),(413.5 213.42462),(414.5 206.4733),(415.5 211.71954),(416.5 207.91185),(417.5 207.15947),(418.5 207.69684),(419.5 197.29457),(420.5 200.8757),(421.5 195.1599),(422.5 191.08731),(423.5 186.45428),(424.5 191.30779),(425.5 184.01303),(426.5 182.03679),(427.5 177.04611),(428.5 178.90771),(429.5 175.32967),(430.5 173.81004),(431.5 171.51068),(432.5 165.20409),(433.5 169.91454),(434.5 162.34341),(435.5 160.77261),(436.5 157.7463),(437.5 161.17377),(438.5 155.60083),(439.5 152.29956),(440.5 152.8417),(441.5 153.89748),(442.5 152.60403),(443.5 150.2928),(444.5 148.28047),(445.5 148.91026),(446.5 146.28867),(447.5 140.86732),(448.5 147.01659),(449.5 136.96832),(450.5 139.73756),(451.5 137.43909),(452.5 138.94217),(453.5 138.3571),(454.5 135.38072),(455.5 130.72922),(456.5 131.97423),(457.5 134.6087),(458.5 130.53085),(459.5 130.87239),(460.5 126.97345),(461.5 124.63706),(462.5 125.52741),(463.5 124.36654),(464.5 123.585785),(465.5 125.05802),(466.5 119.25751),(467.5 120.544014),(468.5 117.81075),(469.5 122.93824),(470.5 119.22863),(471.5 117.26011),(472.5 117.48118),(473.5 118.56034),(474.5 117.39813),(475.5 116.74457),(476.5 114.23128),(477.5 112.35542),(478.5 110.32749),(479.5 110.133865),(480.5 111.83548),(481.5 108.984634),(482.5 109.8724),(483.5 107.7288),(484.5 109.890854),(485.5 108.1788),(486.5 108.78971),(487.5 104.7308),(488.5 106.86973),(489.5 107.87071),(490.5 105.83998),(491.5 101.02042),(492.5 105.60077),(493.5 104.663956),(494.5 103.934814),(495.5 104.46606),(496.5 105.99602),(497.5 103.01937),(498.5 101.72963),(499.5 101.53079),
(1.5 1467095.6),(2.5 1981464.3),(3.5 2885844.8),(4.5 2654085),(5.5 3591141.8),(6.5 5071185.5),(7.5 5134946),(8.5 5383230.5),(9.5 3938091.3),(10.5 3999440.5),(11.5 3044975.3),(12.5 4455119),(13.5 4047023.3),(14.5 3648090.3),(15.5 3712648.8),(16.5 3559899.3),(17.5 3168739),(18.5 2302473.8),(19.5 2280105.8),(20.5 2252492.8),(21.5 2713947.5),(22.5 2284619.5),(23.5 1609442.1),(24.5 1842942.9),(25.5 1634676.3),(26.5 1327870.3),(27.5 1443283.5),(28.5 1233558.3),(29.5 1230075.4),(30.5 1170789.6),(31.5 1105176.4),(32.5 902734.44),(33.5 935333.94),(34.5 751047.6),(35.5 740102.2),(36.5 750166.2),(37.5 656990.75),(38.5 556567.2),(39.5 574463.6),(40.5 641724.2),(41.5 578590.9),(42.5 554768.5),(43.5 553851.1),(44.5 541400.56),(45.5 445913.5),(46.5 455384.84),(47.5 452071.38),(48.5 434699.34),(49.5 418568.25),(50.5 303307.2),(51.5 315501.8),(52.5 341129.44),(53.5 277641.3),(54.5 282656.9),(55.5 286604.94),(56.5 263442.66),(57.5 249277.2),(58.5 220330.48),(59.5 202024.77),(60.5 200928.13),(61.5 232349.34),(62.5 211277.25),(63.5 190910.45),(64.5 193733.89),(65.5 181638.98),(66.5 168501.75),(67.5 149515.66),(68.5 150892.7),(69.5 157237.88),(70.5 140370.19),(71.5 136810.4),(72.5 139797.3),(73.5 161336.44),(74.5 145510.73),(75.5 133700.17),(76.5 125978.83),(77.5 115665.53),(78.5 112329.375),(79.5 108269.76),(80.5 120272.95),(81.5 121201.83),(82.5 101691.36),(83.5 94760.336),(84.5 91462.49),(85.5 92668.14),(86.5 90103.164),(87.5 82885.31),(88.5 88853.28),(89.5 79270.37),(90.5 86581.81),(91.5 80580.06),(92.5 74895.76),(93.5 78950.81),(94.5 69266.68),(95.5 69276.77),(96.5 61206.35),(97.5 60840.445),(98.5 65891.03),(99.5 62091.465),(100.5 58017.93),(101.5 51749.645),(102.5 54143.563),(103.5 55161.277),(104.5 55336.574),(105.5 53601.586),(106.5 47710.848),(107.5 47971.895),(108.5 47019.066),(109.5 49643.902),(110.5 46167.5),(111.5 44147.484),(112.5 42561.96),(113.5 39681.168),(114.5 38439.363),(115.5 36029.36),(116.5 37018.375),(117.5 35723.258),(118.5 35806.043),(119.5 34060.395),(120.5 34404.63),(121.5 33488.887),(122.5 31913),(123.5 33982.71),(124.5 32367.021),(125.5 32991.87),(126.5 31528.063),(127.5 32607.51),(128.5 29239.152),(129.5 27530.36),(130.5 28181.658),(131.5 25331.465),(132.5 26603.578),(133.5 27331.793),(134.5 26803.248),(135.5 25308.398),(136.5 23567.758),(137.5 25530.107),(138.5 25394.92),(139.5 23615.467),(140.5 22437.537),(141.5 21914.105),(142.5 23175.441),(143.5 21515.271),(144.5 21557.2),(145.5 20355.063),(146.5 19450.719),(147.5 18704.459),(148.5 18969.926),(149.5 18407.814),(150.5 19513.021),(151.5 17581.258),(152.5 17197.316),(153.5 16135.921),(154.5 16619.518),(155.5 16857.668),(156.5 16759.484),(157.5 16784.602),(158.5 16506.197),(159.5 15415.27),(160.5 15687.962),(161.5 13811.144),(162.5 13693.932),(163.5 13662.83),(164.5 13787.168),(165.5 12893.239),(166.5 13053.281),(167.5 13044.546),(168.5 12544.243),(169.5 12138.131),(170.5 12501.564),(171.5 11783.414),(172.5 11076.498),(173.5 11172.465),(174.5 11154.184),(175.5 11490.51),(176.5 10912.236),(177.5 10139.76),(178.5 10097.784),(179.5 9596.076),(180.5 9126.627),(181.5 9067.517),(182.5 9249.538),(183.5 9254.995),(184.5 9213.894),(185.5 8623.01),(186.5 8693.627),(187.5 8872.51),(188.5 8634.503),(189.5 8339.286),(190.5 7726.634),(191.5 7613.607),(192.5 7723.392),(193.5 7347.9556),(194.5 6971.853),(195.5 7107.3257),(196.5 7054.346),(197.5 6837.7646),(198.5 6685.103),(199.5 6410.21),(200.5 6564.003),(201.5 6421.9575),(202.5 6343.429),(203.5 6211.16),(204.5 6074.728),(205.5 5827.486),(206.5 5551.5796),(207.5 5651.9673),(208.5 5608.369),(209.5 5526.4297),(210.5 5324.217),(211.5 5277.514),(212.5 5174.825),(213.5 5029.514),(214.5 4950.7163),(215.5 4927.0225),(216.5 4844.94),(217.5 4752.8003),(218.5 4567.4585),(219.5 4423.613),(220.5 4411.5522),(221.5 4506.58),(222.5 4376.85),(223.5 4395.145),(224.5 3966.0452),(225.5 4005.124),(226.5 3911.9338),(227.5 3703.9517),(228.5 3706.4065),(229.5 3592.8123),(230.5 3779.7864),(231.5 3689.9607),(232.5 3515.103),(233.5 3438.7317),(234.5 3421.9573),(235.5 3353.8777),(236.5 3245.2048),(237.5 3155.6978),(238.5 3240.9763),(239.5 3214.132),(240.5 3137.382),(241.5 2957.3533),(242.5 2882.45),(243.5 2984.004),(244.5 2983.7864),(245.5 2912.0205),(246.5 2692.9204),(247.5 2739.4),(248.5 2722.9294),(249.5 2603.4077),(250.5 2573.3152),(251.5 2483.248),(252.5 2513.3186),(253.5 2432.3936),(254.5 2330.095),(255.5 2343.2747),(256.5 2365.2725),(257.5 2392.58),(258.5 2391.7422),(259.5 2361.1545),(260.5 2216.2444),(261.5 2126.42),(262.5 2113.3806),(263.5 2053.0732),(264.5 2048.2961),(265.5 2034.2009),(266.5 2012.6798),(267.5 1986.1364),(268.5 1916.4291),(269.5 1894.5952),(270.5 1889.9557),(271.5 1806.4),(272.5 1806.863),(273.5 1783.1587),(274.5 1726.1631),(275.5 1688.8824),(276.5 1703.0183),(277.5 1625.9734),(278.5 1622.8931),(279.5 1565.1423),(280.5 1578.6157),(281.5 1576.509),(282.5 1498.5688),(283.5 1529.0664),(284.5 1510.7391),(285.5 1452.7189),(286.5 1438.5148),(287.5 1355.3785),(288.5 1345.1323),(289.5 1342.6307),(290.5 1307.4681),(291.5 1324.6595),(292.5 1225.7578),(293.5 1237.8151),(294.5 1219.9047),(295.5 1224.6735),(296.5 1171.282),(297.5 1166.3206),(298.5 1129.6536),(299.5 1146.6602),(300.5 1139.6814),(301.5 1141.4789),(302.5 1111.1244),(303.5 1120.8081),(304.5 1035.0009),(305.5 1030.1621),(306.5 1016.5327),(307.5 1040.5464),(308.5 1011.43274),(309.5 974.4318),(310.5 974.18274),(311.5 937.60486),(312.5 944.9631),(313.5 910.9434),(314.5 892.7624),(315.5 882.2602),(316.5 875.7949),(317.5 861.16833),(318.5 817.14343),(319.5 838.56934),(320.5 814.25165),(321.5 805.44434),(322.5 753.02936),(323.5 793.6423),(324.5 786.47644),(325.5 765.51825),(326.5 741.5135),(327.5 738.95886),(328.5 717.5913),(329.5 724.12964),(330.5 675.8013),(331.5 681.37604),(332.5 687.51447),(333.5 683.38916),(334.5 655.24774),(335.5 641.78876),(336.5 636.16364),(337.5 630.7509),(338.5 624.09814),(339.5 630.402),(340.5 602.9119),(341.5 576.9111),(342.5 576.0073),(343.5 573.62494),(344.5 567.82666),(345.5 530.582),(346.5 560.1129),(347.5 532.6142),(348.5 533.91345),(349.5 523.5115),(350.5 524.962),(351.5 514.07916),(352.5 496.01566),(353.5 500.27258),(354.5 479.95657),(355.5 475.33737),(356.5 479.30872),(357.5 453.62772),(358.5 458.87234),(359.5 451.2942),(360.5 444.57547),(361.5 444.59595),(362.5 438.23477),(363.5 431.24847),(364.5 423.71954),(365.5 429.4297),(366.5 411.0286),(367.5 395.40332),(368.5 399.0483),(369.5 388.61353),(370.5 386.05142),(371.5 382.0817),(372.5 373.9919),(373.5 372.0763),(374.5 357.74066),(375.5 360.08658),(376.5 362.33588),(377.5 352.69974),(378.5 343.5909),(379.5 336.74985),(380.5 333.6551),(381.5 328.75787),(382.5 328.17422),(383.5 327.6725),(384.5 331.0329),(385.5 320.26825),(386.5 307.476),(387.5 302.47455),(388.5 299.6288),(389.5 289.88373),(390.5 292.6187),(391.5 292.14746),(392.5 294.67313),(393.5 285.47574),(394.5 281.2695),(395.5 282.65805),(396.5 270.86636),(397.5 274.63977),(398.5 260.97064),(399.5 264.91293),(400.5 257.70447),(401.5 256.44742),(402.5 243.92879),(403.5 238.62433),(404.5 237.82196),(405.5 244.55263),(406.5 233.63104),(407.5 235.12923),(408.5 228.4436),(409.5 227.22824),(410.5 222.57478),(411.5 219.16638),(412.5 218.97878),(413.5 213.73985),(414.5 209.4544),(415.5 212.71947),(416.5 208.69743),(417.5 207.86336),(418.5 208.17099),(419.5 197.05319),(420.5 201.1275),(421.5 194.95944),(422.5 189.53517),(423.5 186.51158),(424.5 189.8059),(425.5 183.43434),(426.5 182.01135),(427.5 177.66295),(428.5 180.21234),(429.5 176.96742),(430.5 174.27782),(431.5 170.81807),(432.5 165.26312),(433.5 170.77501),(434.5 163.3287),(435.5 163.03175),(436.5 160.20929),(437.5 163.64368),(438.5 157.63852),(439.5 152.62851),(440.5 152.41647),(441.5 153.26361),(442.5 153.21931),(443.5 150.20917),(444.5 149.80846),(445.5 148.84004),(446.5 145.67763),(447.5 142.20929),(448.5 148.00462),(449.5 136.99527),(450.5 141.54836),(451.5 138.38745),(452.5 138.28676),(453.5 138.4797),(454.5 134.38167),(455.5 130.49947),(456.5 132.9723),(457.5 135.43047),(458.5 131.0989),(459.5 130.49004),(460.5 127.67913),(461.5 125.29022),(462.5 126.023445),(463.5 125.853065),(464.5 125.1148),(465.5 125.34149),(466.5 120.787415),(467.5 122.70823),(468.5 118.61653),(469.5 123.25381),(470.5 119.54577),(471.5 117.7957),(472.5 117.36705),(473.5 118.8122),(474.5 117.09159),(475.5 115.53092),(476.5 114.76124),(477.5 113.68225),(478.5 110.021614),(479.5 110.349495),(480.5 112.41593),(481.5 108.40161),(482.5 110.44944),(483.5 108.01857),(484.5 109.82294),(485.5 107.70337),(486.5 109.078995),(487.5 105.32716),(488.5 107.362656),(489.5 109.13017),(490.5 105.91536),(491.5 101.12175),(492.5 106.15506),(493.5 104.034004),(494.5 104.18695),(495.5 104.396545),(496.5 105.92826),(497.5 103.18952),(498.5 101.38442),(499.5 101.957634),
(1.5 1597746.4),(2.5 2138394.8),(3.5 3096625),(4.5 2868493),(5.5 3912181.8),(6.5 5439808),(7.5 5455159.5),(8.5 5662571),(9.5 4149863.5),(10.5 4240229.5),(11.5 3229551),(12.5 4716003.5),(13.5 4226610.5),(14.5 3817275.3),(15.5 3905867.3),(16.5 3683579.3),(17.5 3282679),(18.5 2399321.8),(19.5 2330975.5),(20.5 2307959.5),(21.5 2755933),(22.5 2352112),(23.5 1664479.3),(24.5 1905792.4),(25.5 1659207.9),(26.5 1354566.6),(27.5 1472771.8),(28.5 1255600.5),(29.5 1245945.8),(30.5 1187036.4),(31.5 1116223.1),(32.5 915288),(33.5 951069.7),(34.5 757530.25),(35.5 741849.5),(36.5 751482.9),(37.5 655804.2),(38.5 556379.94),(39.5 574958.4),(40.5 649975.9),(41.5 587401.94),(42.5 564929.8),(43.5 568194.2),(44.5 557257.25),(45.5 450323.34),(46.5 454867.4),(47.5 459824.53),(48.5 441439.9),(49.5 424752.53),(50.5 305360.03),(51.5 322453.75),(52.5 345033.13),(53.5 278466.75),(54.5 281240.88),(55.5 290597.7),(56.5 262285.2),(57.5 249248.52),(58.5 221732.3),(59.5 200134.77),(60.5 203796.47),(61.5 235467.8),(62.5 215500.13),(63.5 190162.73),(64.5 194484.75),(65.5 185248.19),(66.5 169884.89),(67.5 149511.27),(68.5 148243.66),(69.5 155617.92),(70.5 142031.38),(71.5 137308.36),(72.5 139739.98),(73.5 161774.42),(74.5 145733.52),(75.5 133707.17),(76.5 126407.24),(77.5 118324.47),(78.5 114331.836),(79.5 110273.15),(80.5 121275.766),(81.5 121906.49),(82.5 102592.54),(83.5 95985.984),(84.5 92627.125),(85.5 94601.96),(86.5 90502.414),(87.5 83304.5),(88.5 90553.61),(89.5 80632.85),(90.5 86867.05),(91.5 81556.734),(92.5 75719.19),(93.5 79410.59),(94.5 69476.7),(95.5 69308.69),(96.5 61468.223),(97.5 61470.01),(98.5 64895.145),(99.5 61560.58),(100.5 58034.227),(101.5 52713.934),(102.5 54574.31),(103.5 54556.094),(104.5 54671.01),(105.5 54234.465),(106.5 47751.93),(107.5 47957.418),(108.5 47338.13),(109.5 50181.805),(110.5 46529.15),(111.5 44601.926),(112.5 43237.336),(113.5 40023.9),(114.5 38785.383),(115.5 36404.555),(116.5 37018.324),(117.5 35796.06),(118.5 35631.695),(119.5 33877.41),(120.5 34248.89),(121.5 33487.617),(122.5 32175.61),(123.5 34178.79),(124.5 32588.541),(125.5 33233.39),(126.5 31279.785),(127.5 32593.135),(128.5 29289.643),(129.5 27415.758),(130.5 28199.69),(131.5 25409.928),(132.5 26772.723),(133.5 27223.793),(134.5 26398.752),(135.5 25183.793),(136.5 23702.66),(137.5 25475.438),(138.5 25391.28),(139.5 23397.297),(140.5 22304.893),(141.5 21902.773),(142.5 23169.99),(143.5 21415.354),(144.5 21682.4),(145.5 20028.195),(146.5 19185.518),(147.5 18836.576),(148.5 18867.021),(149.5 18117.258),(150.5 19154.537),(151.5 17381.111),(152.5 17185.578),(153.5 16058.204),(154.5 16727.488),(155.5 16728.465),(156.5 16655.586),(157.5 16694.99),(158.5 16568.479),(159.5 15400.2705),(160.5 15561.732),(161.5 13769.1875),(162.5 13745.588),(163.5 13761.84),(164.5 13782.672),(165.5 12960.299),(166.5 13023.595),(167.5 13133.274),(168.5 12605.04),(169.5 12127.781),(170.5 12617.445),(171.5 11917.393),(172.5 11279.757),(173.5 11198.7),(174.5 11125.681),(175.5 11386.457),(176.5 10967.68),(177.5 10369.713),(178.5 10020.047),(179.5 9497.914),(180.5 9075.089),(181.5 9037.518),(182.5 9222.902),(183.5 9235.132),(184.5 9282.558),(185.5 8640.455),(186.5 8712.231),(187.5 8814.718),(188.5 8676.771),(189.5 8303.291),(190.5 7776.1606),(191.5 7643.4976),(192.5 7750.6196),(193.5 7353.197),(194.5 7002.8594),(195.5 7150.944),(196.5 7123.514),(197.5 6899.466),(198.5 6742.083),(199.5 6435.568),(200.5 6586.0044),(201.5 6474.2686),(202.5 6364.5664),(203.5 6199.1763),(204.5 6127.665),(205.5 5843.2407),(206.5 5591.515),(207.5 5694.491),(208.5 5610.4385),(209.5 5611.5034),(210.5 5348.032),(211.5 5290.884),(212.5 5166.7407),(213.5 5026.217),(214.5 4900.8804),(215.5 4903.2803),(216.5 4814.2114),(217.5 4711.3965),(218.5 4525.489),(219.5 4425.4897),(220.5 4418.469),(221.5 4521.9595),(222.5 4355.448),(223.5 4400.814),(224.5 3972.95),(225.5 4014.56),(226.5 3887.459),(227.5 3680.5786),(228.5 3695.1038),(229.5 3605.2383),(230.5 3788.3174),(231.5 3680.8926),(232.5 3499.6814),(233.5 3457.9087),(234.5 3454.5303),(235.5 3370.3394),(236.5 3236.3596),(237.5 3159.662),(238.5 3239.4417),(239.5 3208.9377),(240.5 3152.4119),(241.5 2998.2097),(242.5 2881.2139),(243.5 2967.7092),(244.5 2962.1138),(245.5 2914.3845),(246.5 2704.3962),(247.5 2752.0776),(248.5 2710.0566),(249.5 2589.1755),(250.5 2572.6023),(251.5 2476.3933),(252.5 2509.7761),(253.5 2434.8555),(254.5 2351.828),(255.5 2362.5024),(256.5 2349.5876),(257.5 2408.503),(258.5 2397.8755),(259.5 2353.3186),(260.5 2226.141),(261.5 2115.051),(262.5 2111.7305),(263.5 2050.8696),(264.5 2047.0446),(265.5 2024.9263),(266.5 2004.1066),(267.5 2001.61),(268.5 1921.2035),(269.5 1892.8298),(270.5 1888.9272),(271.5 1828.3066),(272.5 1811.63),(273.5 1784.8953),(274.5 1721.2742),(275.5 1708.335),(276.5 1704.6233),(277.5 1620.8865),(278.5 1629.1044),(279.5 1555.8608),(280.5 1574.2434),(281.5 1570.2161),(282.5 1478.8635),(283.5 1540.3813),(284.5 1525.4746),(285.5 1468.7747),(286.5 1443.6215),(287.5 1352.2639),(288.5 1343.6088),(289.5 1336.0581),(290.5 1299.0778),(291.5 1313.4757),(292.5 1224.2802),(293.5 1233.1027),(294.5 1210.5731),(295.5 1219.6648),(296.5 1169.9052),(297.5 1154.3782),(298.5 1127.4391),(299.5 1143.9584),(300.5 1147.909),(301.5 1141.1229),(302.5 1107.1277),(303.5 1115.0736),(304.5 1030.2379),(305.5 1025.8373),(306.5 1016.88116),(307.5 1030.5874),(308.5 1009.1404),(309.5 975.8767),(310.5 976.12714),(311.5 939.3826),(312.5 940.88214),(313.5 907.31354),(314.5 894.7837),(315.5 875.086),(316.5 872.92786),(317.5 857.3775),(318.5 825.0075),(319.5 841.6936),(320.5 816.5623),(321.5 805.9169),(322.5 755.6952),(323.5 794.57117),(324.5 793.5678),(325.5 770.7591),(326.5 746.6082),(327.5 736.3829),(328.5 714.07043),(329.5 725.4358),(330.5 678.61487),(331.5 684.73804),(332.5 682.6414),(333.5 678.67206),(334.5 654.0456),(335.5 639.5223),(336.5 635.64374),(337.5 629.9391),(338.5 626.1202),(339.5 630.51843),(340.5 605.9576),(341.5 581.107),(342.5 575.4794),(343.5 569.7118),(344.5 565.53595),(345.5 529.09656),(346.5 556.5907),(347.5 534.2525),(348.5 536.0877),(349.5 521.77435),(350.5 523.2017),(351.5 515.0527),(352.5 492.75873),(353.5 501.03555),(354.5 480.099),(355.5 478.51813),(356.5 479.4189),(357.5 453.16168),(358.5 459.03137),(359.5 455.53882),(360.5 446.76056),(361.5 448.6158),(362.5 442.4373),(363.5 427.85223),(364.5 419.9835),(365.5 428.55435),(366.5 408.10446),(367.5 391.6344),(368.5 397.4228),(369.5 389.85104),(370.5 383.7087),(371.5 379.34982),(372.5 373.74707),(373.5 371.92908),(374.5 359.3228),(375.5 362.24603),(376.5 362.95023),(377.5 354.72894),(378.5 345.4676),(379.5 340.6165),(380.5 333.2168),(381.5 329.64362),(382.5 327.20148),(383.5 326.82617),(384.5 331.7531),(385.5 324.1402),(386.5 310.47992),(387.5 304.5401),(388.5 299.44608),(389.5 291.57227),(390.5 295.7561),(391.5 290.5585),(392.5 295.52243),(393.5 285.4563),(394.5 280.3947),(395.5 283.69922),(396.5 270.8001),(397.5 272.49243),(398.5 259.92688),(399.5 261.3442),(400.5 258.77856),(401.5 254.99396),(402.5 243.5395),(403.5 238.55434),(404.5 239.97148),(405.5 247.328),(406.5 236.3475),(407.5 235.60405),(408.5 227.8531),(409.5 226.55852),(410.5 224.55458),(411.5 219.35481),(412.5 220.88423),(413.5 214.28255),(414.5 209.59154),(415.5 211.77516),(416.5 207.23349),(417.5 207.72797),(418.5 208.27138),(419.5 198.26558),(420.5 200.12575),(421.5 196.2513),(422.5 190.96077),(423.5 186.83112),(424.5 188.57242),(425.5 183.71065),(426.5 181.63907),(427.5 178.19029),(428.5 181.38791),(429.5 177.39592),(430.5 175.4079),(431.5 172.49025),(432.5 165.65732),(433.5 169.9743),(434.5 163.43645),(435.5 164.2795),(436.5 158.77203),(437.5 163.90068),(438.5 158.85478),(439.5 155.09279),(440.5 154.96904),(441.5 156.65205),(442.5 154.48457),(443.5 150.77173),(444.5 149.90353),(445.5 150.1735),(446.5 146.87317),(447.5 142.2034),(448.5 149.36896),(449.5 136.95746),(450.5 141.16443),(451.5 138.54292),(452.5 139.05345),(453.5 140.79333),(454.5 136.15141),(455.5 131.602),(456.5 133.84105),(457.5 135.75478),(458.5 131.04982),(459.5 130.54169),(460.5 127.96452),(461.5 126.98597),(462.5 127.08679),(463.5 126.75192),(464.5 125.68985),(465.5 125.50947),(466.5 120.81237),(467.5 122.15342),(468.5 118.674515),(469.5 122.705444),(470.5 119.98181),(471.5 117.62632),(472.5 118.159775),(473.5 119.22441),(474.5 117.360466),(475.5 116.75387),(476.5 115.4938),(477.5 113.736595),(478.5 110.66872),(479.5 110.36195),(480.5 112.95532),(481.5 107.70982),(482.5 110.17459),(483.5 107.95185),(484.5 111.36518),(485.5 108.771935),(486.5 109.2511),(487.5 106.1187),(488.5 106.296936),(489.5 109.18084),(490.5 105.35324),(491.5 100.45172),(492.5 105.41281),(493.5 103.20102),(494.5 104.94785),(495.5 104.48414),(496.5 104.71778),(497.5 104.180725),(498.5 101.46749),(499.5 102.3816),
(1.5 1727754.5),(2.5 2300359.3),(3.5 3350119.3),(4.5 3082930.3),(5.5 4261649),(6.5 5799381),(7.5 5783648),(8.5 5923889),(9.5 4360345),(10.5 4475373.5),(11.5 3418752),(12.5 4962932.5),(13.5 4394533),(14.5 3968732.8),(15.5 4090862),(16.5 3790997.3),(17.5 3393164),(18.5 2490893.5),(19.5 2377123.5),(20.5 2356027),(21.5 2785555.3),(22.5 2409032.3),(23.5 1718657.3),(24.5 1961844.5),(25.5 1677619.4),(26.5 1377127.1),(27.5 1496012.3),(28.5 1275195),(29.5 1260104.4),(30.5 1202751.5),(31.5 1124866.3),(32.5 924835.6),(33.5 966852.06),(34.5 764368.8),(35.5 742051.4),(36.5 752467.94),(37.5 655662.75),(38.5 559332.75),(39.5 577703.25),(40.5 658329.2),(41.5 594208),(42.5 574669),(43.5 579482.6),(44.5 569522.2),(45.5 452074.03),(46.5 451788.28),(47.5 465463.7),(48.5 444172.25),(49.5 427493.72),(50.5 306661.78),(51.5 328678.66),(52.5 348434.56),(53.5 278702.56),(54.5 278078.9),(55.5 294994.53),(56.5 260918.5),(57.5 248422.06),(58.5 223349.17),(59.5 200102.17),(60.5 207241.34),(61.5 238011.78),(62.5 218611.98),(63.5 189819.61),(64.5 195690.64),(65.5 187474.1),(66.5 170178.67),(67.5 149687.88),(68.5 145521.8),(69.5 153434.27),(70.5 143993),(71.5 138296.11),(72.5 140395.27),(73.5 162563.75),(74.5 146240.63),(75.5 134602.3),(76.5 127373.63),(77.5 121108.78),(78.5 115970.43),(79.5 111461.14),(80.5 122445),(81.5 122967),(82.5 103779.9),(83.5 97316.49),(84.5 93878.54),(85.5 95642.88),(86.5 90871.37),(87.5 83364.05),(88.5 91541.016),(89.5 81455.02),(90.5 86924.02),(91.5 81725.41),(92.5 76197.31),(93.5 79847.34),(94.5 69125.94),(95.5 69080.21),(96.5 61454.953),(97.5 61818.508),(98.5 63872.93),(99.5 60839.477),(100.5 58365.195),(101.5 53711.813),(102.5 54847.395),(103.5 54505.88),(104.5 54235.145),(105.5 55231.273),(106.5 48110.695),(107.5 48122.8),(108.5 47688.75),(109.5 50962.1),(110.5 46793.273),(111.5 44775.723),(112.5 43752.906),(113.5 40377.555),(114.5 39040.82),(115.5 36837.223),(116.5 36786.8),(117.5 35675.227),(118.5 35345.707),(119.5 33665.746),(120.5 33758.746),(121.5 33388.637),(122.5 32509.615),(123.5 34005.64),(124.5 32538.215),(125.5 33304.785),(126.5 30994.07),(127.5 32686.271),(128.5 29342.676),(129.5 27224.617),(130.5 28209.959),(131.5 25577.97),(132.5 26960.541),(133.5 26922.166),(134.5 25989.69),(135.5 24872.424),(136.5 23741.152),(137.5 25057.387),(138.5 25017.65),(139.5 23288.674),(140.5 21983.385),(141.5 21804.037),(142.5 23093.799),(143.5 21256.666),(144.5 21698.992),(145.5 19751.3),(146.5 19027.055),(147.5 18905.018),(148.5 18730.639),(149.5 18028.666),(150.5 18971.855),(151.5 17312.5),(152.5 17162.986),(153.5 16061.229),(154.5 16931.32),(155.5 16813.357),(156.5 16600.479),(157.5 16789.86),(158.5 16716.146),(159.5 15447.038),(160.5 15540.5625),(161.5 13811.105),(162.5 13761.014),(163.5 13830.14),(164.5 13722.735),(165.5 13067.237),(166.5 13065.129),(167.5 13162.492),(168.5 12494.62),(169.5 11965.048),(170.5 12656.905),(171.5 12034.2705),(172.5 11336.474),(173.5 11260.25),(174.5 11051.81),(175.5 11275.168),(176.5 10901.389),(177.5 10547.54),(178.5 10086.588),(179.5 9417.97),(180.5 9061.417),(181.5 9067.204),(182.5 9251.727),(183.5 9274.968),(184.5 9270.474),(185.5 8580.604),(186.5 8673.359),(187.5 8820.814),(188.5 8589.164),(189.5 8289.597),(190.5 7708),(191.5 7592.321),(192.5 7794.895),(193.5 7279.5977),(194.5 6980.9365),(195.5 7104.094),(196.5 7109.4824),(197.5 6914.0454),(198.5 6735.447),(199.5 6422.87),(200.5 6541.301),(201.5 6481.5303),(202.5 6354.868),(203.5 6192.592),(204.5 6164.038),(205.5 5837.2134),(206.5 5574.8125),(207.5 5727.199),(208.5 5650.9517),(209.5 5562.9614),(210.5 5329.4497),(211.5 5298.2485),(212.5 5200.0396),(213.5 5066.114),(214.5 4914.649),(215.5 4878.3735),(216.5 4768.635),(217.5 4671.8584),(218.5 4501.7974),(219.5 4439.5464),(220.5 4433.059),(221.5 4528.287),(222.5 4359.0366),(223.5 4418.2866),(224.5 4018.3464),(225.5 3984.3826),(226.5 3868.72),(227.5 3668.8792),(228.5 3690.3948),(229.5 3602.736),(230.5 3813.0518),(231.5 3684.6323),(232.5 3487.448),(233.5 3506.5845),(234.5 3424.3997),(235.5 3356.7559),(236.5 3249.7156),(237.5 3147.6775),(238.5 3232.4814),(239.5 3213.6377),(240.5 3169.5881),(241.5 3006.3896),(242.5 2886.8699),(243.5 2962.4514),(244.5 2968.5127),(245.5 2932.371),(246.5 2744.8787),(247.5 2777.1667),(248.5 2722.3447),(249.5 2637.7244),(250.5 2623.2432),(251.5 2495.387),(252.5 2530.7083),(253.5 2450.661),(254.5 2363.5686),(255.5 2370.1025),(256.5 2350.1138),(257.5 2390.4482),(258.5 2378.3774),(259.5 2328.6746),(260.5 2221.3333),(261.5 2114.444),(262.5 2093.8018),(263.5 2042.0693),(264.5 2028.5498),(265.5 2034.3512),(266.5 1998.789),(267.5 2006.34),(268.5 1914.4065),(269.5 1890.2743),(270.5 1874.3862),(271.5 1826.7655),(272.5 1807.0485),(273.5 1773.7529),(274.5 1710.2133),(275.5 1714.0764),(276.5 1697.3307),(277.5 1634.4438),(278.5 1630.4523),(279.5 1548.4904),(280.5 1559.5762),(281.5 1564.3544),(282.5 1491.3177),(283.5 1555.2976),(284.5 1530.3882),(285.5 1489.0112),(286.5 1447.5842),(287.5 1354.758),(288.5 1340.2826),(289.5 1344.2421),(290.5 1307.9744),(291.5 1310.0919),(292.5 1234.0563),(293.5 1235.471),(294.5 1212.854),(295.5 1216.6227),(296.5 1177.091),(297.5 1160.7957),(298.5 1120.4856),(299.5 1134.7977),(300.5 1140.0197),(301.5 1139.6346),(302.5 1110.3862),(303.5 1114.1581),(304.5 1035.7156),(305.5 1023.68066),(306.5 1025.2557),(307.5 1030.0635),(308.5 1006.91724),(309.5 977.95996),(310.5 980.63513),(311.5 948.54047),(312.5 940.1884),(313.5 905.18286),(314.5 881.5335),(315.5 877.88873),(316.5 884.0471),(317.5 856.8633),(318.5 826.4158),(319.5 843.41345),(320.5 822.4824),(321.5 806.8357),(322.5 760.21594),(323.5 802.2347),(324.5 801.0529),(325.5 778.74646),(326.5 753.1327),(327.5 741.4502),(328.5 715.50214),(329.5 728.9005),(330.5 685.9875),(331.5 682.8337),(332.5 693.0548),(333.5 673.6874),(334.5 653.86884),(335.5 638.1319),(336.5 635.2481),(337.5 625.45123),(338.5 625.4254),(339.5 631.05853),(340.5 606.13745),(341.5 581.80646),(342.5 572.7357),(343.5 572.26465),(344.5 563.1882),(345.5 532.94836),(346.5 554.7793),(347.5 537.80865),(348.5 537.98035),(349.5 525.1599),(350.5 523.08734),(351.5 518.18835),(352.5 490.72787),(353.5 495.41904),(354.5 481.5111),(355.5 478.4741),(356.5 483.44864),(357.5 455.71988),(358.5 458.28226),(359.5 458.58456),(360.5 444.3783),(361.5 449.24557),(362.5 444.87073),(363.5 430.85147),(364.5 421.41678),(365.5 427.1224),(366.5 407.84384),(367.5 393.661),(368.5 398.86365),(369.5 390.43524),(370.5 384.77505),(371.5 380.9271),(372.5 373.44464),(373.5 374.68033),(374.5 363.1248),(375.5 363.76254),(376.5 364.18674),(377.5 358.33267),(378.5 346.70648),(379.5 339.10876),(380.5 335.7621),(381.5 329.85062),(382.5 326.35788),(383.5 326.58783),(384.5 331.74548),(385.5 326.84152),(386.5 311.64594),(387.5 305.59686),(388.5 299.49725),(389.5 292.15268),(390.5 294.35898),(391.5 292.98373),(392.5 296.21814),(393.5 288.8163),(394.5 282.23926),(395.5 285.13535),(396.5 271.35684),(397.5 274.93387),(398.5 259.1987),(399.5 258.83908),(400.5 257.68137),(401.5 256.09903),(402.5 245.09975),(403.5 237.4541),(404.5 240.71362),(405.5 249.7656),(406.5 236.00655),(407.5 236.60657),(408.5 228.30931),(409.5 227.21187),(410.5 226.13708),(411.5 220.95337),(412.5 219.44315),(413.5 213.88036),(414.5 209.64133),(415.5 211.3726),(416.5 208.46576),(417.5 209.42413),(418.5 210.19797),(419.5 197.5864),(420.5 199.60661),(421.5 197.09956),(422.5 192.01932),(423.5 187.98402),(424.5 187.24504),(425.5 184.42433),(426.5 181.69377),(427.5 178.94739),(428.5 181.55922),(429.5 178.02846),(430.5 174.8297),(431.5 173.21332),(432.5 167.42123),(433.5 172.32478),(434.5 165.80739),(435.5 166.28261),(436.5 158.58469),(437.5 164.48969),(438.5 159.73087),(439.5 155.75264),(440.5 155.31766),(441.5 156.08038),(442.5 154.04272),(443.5 151.10214),(444.5 149.75288),(445.5 150.1748),(446.5 146.18042),(447.5 142.93478),(448.5 148.64607),(449.5 138.22539),(450.5 141.09119),(451.5 139.23952),(452.5 139.92625),(453.5 140.64726),(454.5 136.77083),(455.5 132.07114),(456.5 134.78867),(457.5 137.38893),(458.5 130.47658),(459.5 129.38113),(460.5 127.8705),(461.5 127.50884),(462.5 127.39445),(463.5 127.3776),(464.5 126.368),(465.5 126.35621),(466.5 121.3031),(467.5 122.78809),(468.5 118.961105),(469.5 123.167786),(470.5 119.26315),(471.5 116.993996),(472.5 118.23773),(473.5 119.61822),(474.5 118.83277),(475.5 116.30769),(476.5 114.908035),(477.5 113.72632),(478.5 110.28964),(479.5 110.38248),(480.5 112.44701),(481.5 107.43578),(482.5 110.45771),(483.5 107.44472),(484.5 111.01442),(485.5 109.18509),(486.5 109.904465),(487.5 105.91257),(488.5 106.903145),(489.5 109.39097),(490.5 105.75652),(491.5 101.57428),(492.5 105.62767),(493.5 104.2916),(494.5 106.28842),(495.5 105.39407),(496.5 106.81787),(497.5 104.86016),(498.5 101.203384),(499.5 102.18538),
(1.5 1886726.4),(2.5 2467983.5),(3.5 3570196),(4.5 3285068.5),(5.5 4623650),(6.5 6132788),(7.5 6099214),(8.5 6163289),(9.5 4567484.5),(10.5 4716538),(11.5 3605367.5),(12.5 5203951.5),(13.5 4546399.5),(14.5 4114114.5),(15.5 4254700.5),(16.5 3884827.8),(17.5 3488868),(18.5 2580340.8),(19.5 2419500.3),(20.5 2396124.3),(21.5 2803890.5),(22.5 2454945.3),(23.5 1771371.6),(24.5 2009024.8),(25.5 1693184.8),(26.5 1398283.9),(27.5 1513962.8),(28.5 1295316.3),(29.5 1273003.3),(30.5 1217748),(31.5 1129770),(32.5 934593.44),(33.5 983006.94),(34.5 770454.2),(35.5 742890.25),(36.5 755832.94),(37.5 659238),(38.5 566028.7),(39.5 579038.5),(40.5 664362.25),(41.5 596756.44),(42.5 581734.4),(43.5 586223.44),(44.5 578977.7),(45.5 453752.2),(46.5 447896.97),(47.5 468843.5),(48.5 444071.13),(49.5 426365.78),(50.5 306220.2),(51.5 333690.75),(52.5 352143.1),(53.5 277785.25),(54.5 274827.8),(55.5 298833.22),(56.5 260330.11),(57.5 248184.56),(58.5 226398.17),(59.5 201961.56),(60.5 210229.06),(61.5 239243.72),(62.5 219605.27),(63.5 189742.34),(64.5 196530.72),(65.5 188509.39),(66.5 170724.66),(67.5 150687.47),(68.5 142291.67),(69.5 150976.44),(70.5 146075.25),(71.5 138863.72),(72.5 141741.38),(73.5 163928.94),(74.5 147625.39),(75.5 136384.8),(76.5 128758.52),(77.5 123655.95),(78.5 116841.35),(79.5 111928.18),(80.5 122946.41),(81.5 123943.945),(82.5 104817.85),(83.5 98264.53),(84.5 94572.99),(85.5 95306.46),(86.5 91353.125),(87.5 83971.48),(88.5 92084.086),(89.5 81814.72),(90.5 86517.07),(91.5 80947.01),(92.5 76434.125),(93.5 79437.13),(94.5 68595.28),(95.5 68915.53),(96.5 61669.63),(97.5 62001.68),(98.5 62892.145),(99.5 60347.066),(100.5 58639.785),(101.5 54384.1),(102.5 55330.816),(103.5 55019.484),(104.5 54172.74),(105.5 56334.348),(106.5 48387.22),(107.5 48488.117),(108.5 48236.348),(109.5 51160.79),(110.5 47243.887),(111.5 44826.91),(112.5 44249.953),(113.5 40628.613),(114.5 39174.965),(115.5 36591.234),(116.5 36317.457),(117.5 35274.594),(118.5 34845.45),(119.5 33617.71),(120.5 33392.605),(121.5 33215.125),(122.5 32646.516),(123.5 33904.75),(124.5 32403.441),(125.5 33444.37),(126.5 31070.664),(127.5 32740.557),(128.5 29181.584),(129.5 26998.32),(130.5 28212.943),(131.5 25562.139),(132.5 26877.846),(133.5 26593.773),(134.5 25712.078),(135.5 24413.467),(136.5 23666.602),(137.5 24890.635),(138.5 24661.855),(139.5 23137.764),(140.5 21653.887),(141.5 21642.541),(142.5 22987.031),(143.5 21199.498),(144.5 21751.22),(145.5 19570.121),(146.5 19292.215),(147.5 19060.084),(148.5 18886.887),(149.5 18184.926),(150.5 18968.639),(151.5 17208.473),(152.5 17224.688),(153.5 16071.467),(154.5 17096.744),(155.5 16900.258),(156.5 16525.996),(157.5 16827.324),(158.5 16617.764),(159.5 15385.176),(160.5 15427.954),(161.5 13759.083),(162.5 13634.185),(163.5 13763.936),(164.5 13579.609),(165.5 13219.727),(166.5 13042.97),(167.5 13105.262),(168.5 12341.058),(169.5 11759.708),(170.5 12624.666),(171.5 12075.421),(172.5 11434.196),(173.5 11309.915),(174.5 10891.083),(175.5 11265.567),(176.5 10903.644),(177.5 10719.544),(178.5 10154.63),(179.5 9423.341),(180.5 9081.683),(181.5 9130.312),(182.5 9196.693),(183.5 9230.258),(184.5 9119.648),(185.5 8579.414),(186.5 8600.826),(187.5 8797.267),(188.5 8451.213),(189.5 8158.817),(190.5 7635.3794),(191.5 7541.499),(192.5 7764.743),(193.5 7196.538),(194.5 7016.7056),(195.5 7093.4775),(196.5 7119.7715),(197.5 6951.3877),(198.5 6741.117),(199.5 6392.3164),(200.5 6539.3623),(201.5 6519.8413),(202.5 6304.9995),(203.5 6165.436),(204.5 6200.7695),(205.5 5851.2783),(206.5 5606.465),(207.5 5684.3228),(208.5 5684.721),(209.5 5524.03),(210.5 5340.628),(211.5 5241.6777),(212.5 5133.745),(213.5 5022.622),(214.5 4922.4536),(215.5 4825.7876),(216.5 4703.5244),(217.5 4655.436),(218.5 4494.3784),(219.5 4450.2627),(220.5 4469.9097),(221.5 4537.8276),(222.5 4398.556),(223.5 4434.936),(224.5 4069.408),(225.5 3957.3477),(226.5 3846.6814),(227.5 3647.4978),(228.5 3719.1882),(229.5 3599.3738),(230.5 3800.7048),(231.5 3696.5845),(232.5 3516.0916),(233.5 3550.806),(234.5 3405.0378),(235.5 3350.9832),(236.5 3264.048),(237.5 3178.438),(238.5 3273.2021),(239.5 3268.1873),(240.5 3175.2886),(241.5 3023.5159),(242.5 2910.9187),(243.5 2971.8542),(244.5 2959.907),(245.5 2945.783),(246.5 2750.6235),(247.5 2753.1067),(248.5 2707.3286),(249.5 2623.367),(250.5 2649.9414),(251.5 2497.3706),(252.5 2551.0903),(253.5 2469.5588),(254.5 2397.7712),(255.5 2384.6084),(256.5 2331.1448),(257.5 2386.4797),(258.5 2358.2913),(259.5 2309.7104),(260.5 2224.1074),(261.5 2134.4614),(262.5 2086.5803),(263.5 2038.1567),(264.5 2011.802),(265.5 2041.3821),(266.5 2011.2672),(267.5 2007.7191),(268.5 1948.192),(269.5 1899.0361),(270.5 1852.7994),(271.5 1829.8141),(272.5 1799.1519),(273.5 1778.7483),(274.5 1713.4215),(275.5 1700.7819),(276.5 1700.653),(277.5 1627.6799),(278.5 1616.2816),(279.5 1544.5302),(280.5 1558.5027),(281.5 1540.9402),(282.5 1496.6334),(283.5 1564.8643),(284.5 1525.2498),(285.5 1484.1027),(286.5 1444.3729),(287.5 1349.2877),(288.5 1347.4008),(289.5 1340.567),(290.5 1300.7458),(291.5 1335.1704),(292.5 1229.656),(293.5 1240.9767),(294.5 1214.5023),(295.5 1209.6449),(296.5 1175.8162),(297.5 1158.247),(298.5 1115.115),(299.5 1128.0931),(300.5 1124.556),(301.5 1132.0038),(302.5 1107.7281),(303.5 1111.3583),(304.5 1025.0515),(305.5 1026.8004),(306.5 1025.7817),(307.5 1022.8889),(308.5 1008),(309.5 974.94354),(310.5 973.9995),(311.5 942.96686),(312.5 939.3841),(313.5 906.7337),(314.5 891.2557),(315.5 879.98895),(316.5 885.5902),(317.5 856.1224),(318.5 823.1002),(319.5 835.39636),(320.5 813.31226),(321.5 804.5042),(322.5 762.1228),(323.5 812.9156),(324.5 806.2842),(325.5 783.0817),(326.5 758.37897),(327.5 742.4858),(328.5 713.8941),(329.5 730.3316),(330.5 690.09283),(331.5 680.5178),(332.5 690.32446),(333.5 674.5248),(334.5 659.727),(335.5 638.13556),(336.5 635.0426),(337.5 630.8599),(338.5 626.46466),(339.5 622.56323),(340.5 603.2175),(341.5 581.9045),(342.5 579.3569),(343.5 570.6615),(344.5 563.3592),(345.5 534.30145),(346.5 554.82513),(347.5 538.399),(348.5 536.63617),(349.5 526.4723),(350.5 519.46533),(351.5 520.66376),(352.5 489.5193),(353.5 494.69437),(354.5 482.73965),(355.5 480.72717),(356.5 483.06192),(357.5 457.06467),(358.5 461.68875),(359.5 460.60092),(360.5 440.9586),(361.5 448.4403),(362.5 440.64886),(363.5 428.93906),(364.5 418.0707),(365.5 426.05017),(366.5 407.88788),(367.5 396.12115),(368.5 396.59033),(369.5 387.24728),(370.5 380.5502),(371.5 377.5752),(372.5 377.6667),(373.5 375.94308),(374.5 366.55463),(375.5 365.2126),(376.5 362.59436),(377.5 355.92126),(378.5 346.51852),(379.5 339.53577),(380.5 333.55228),(381.5 331.18442),(382.5 329.885),(383.5 328.89066),(384.5 331.12228),(385.5 324.62183),(386.5 311.61243),(387.5 304.25076),(388.5 301.043),(389.5 295.66196),(390.5 297.46072),(391.5 293.30652),(392.5 298.0802),(393.5 288.05884),(394.5 283.1082),(395.5 282.1079),(396.5 271.86826),(397.5 276.0336),(398.5 261.19098),(399.5 260.7474),(400.5 259.02777),(401.5 255.367),(402.5 244.90163),(403.5 236.74568),(404.5 238.80646),(405.5 248.52538),(406.5 238.30746),(407.5 236.09534),(408.5 229.52646),(409.5 227.06284),(410.5 227.06429),(411.5 220.66422),(412.5 219.62613),(413.5 212.66368),(414.5 207.80586),(415.5 211.20615),(416.5 209.29579),(417.5 208.46648),(418.5 210.48958),(419.5 195.8798),(420.5 199.28662),(421.5 197.32333),(422.5 192.69185),(423.5 186.98506),(424.5 186.94437),(425.5 183.50914),(426.5 180.74242),(427.5 178.45862),(428.5 182.19398),(429.5 178.72853),(430.5 177.02214),(431.5 173.29208),(432.5 168.30992),(433.5 171.86444),(434.5 164.86812),(435.5 166.74864),(436.5 159.45975),(437.5 165.91502),(438.5 159.80347),(439.5 154.4246),(440.5 153.97212),(441.5 155.0263),(442.5 153.22995),(443.5 151.94887),(444.5 149.63066),(445.5 151.33601),(446.5 146.09494),(447.5 143.44252),(448.5 149.53986),(449.5 137.65146),(450.5 140.33243),(451.5 139.19281),(452.5 139.6398),(453.5 140.91554),(454.5 137.73897),(455.5 131.7743),(456.5 134.27121),(457.5 137.32892),(458.5 131.16568),(459.5 129.7502),(460.5 127.84988),(461.5 126.56855),(462.5 129.02469),(463.5 126.53072),(464.5 124.659966),(465.5 126.242),(466.5 121.69842),(467.5 123.01612),(468.5 118.18787),(469.5 123.5722),(470.5 119.524635),(471.5 116.67005),(472.5 118.23817),(473.5 119.166214),(474.5 118.06543),(475.5 116.68045),(476.5 114.3091),(477.5 114.32716),(478.5 110.13698),(479.5 109.08005),(480.5 111.94187),(481.5 108.221375),(482.5 110.162415),(483.5 108.34391),(484.5 111.71125),(485.5 109.515724),(486.5 110.123505),(487.5 107.06128),(488.5 107.37059),(489.5 108.22102),(490.5 105.43864),(491.5 100.92566),(492.5 106.16129),(493.5 103.97799),(494.5 106.09143),(495.5 105.81334),(496.5 106.61713),(497.5 104.553024),(498.5 102.31461),(499.5 102.708984),
(1.5 2055133.6),(2.5 2643160.5),(3.5 3795338),(4.5 3509527.5),(5.5 5002688.5),(6.5 6476814.5),(7.5 6397322.5),(8.5 6396766),(9.5 4771933.5),(10.5 4953926.5),(11.5 3782986.3),(12.5 5427041.5),(13.5 4695709.5),(14.5 4256880.5),(15.5 4414038),(16.5 3970014),(17.5 3578851.3),(18.5 2664700.5),(19.5 2458094.8),(20.5 2430647.3),(21.5 2814893.5),(22.5 2497409.8),(23.5 1827995.6),(24.5 2052818.6),(25.5 1708439.5),(26.5 1420743.1),(27.5 1527138.5),(28.5 1317703.1),(29.5 1285668.9),(30.5 1230684.3),(31.5 1134560.1),(32.5 945037.9),(33.5 1001068.5),(34.5 779827.9),(35.5 743451.5),(36.5 759274.9),(37.5 667489.75),(38.5 576876.56),(39.5 581671.25),(40.5 668313.2),(41.5 595918.75),(42.5 587073.7),(43.5 588276.8),(44.5 585169),(45.5 455851.44),(46.5 444943.47),(47.5 470350.5),(48.5 442640.47),(49.5 423673.94),(50.5 306088.1),(51.5 339258.06),(52.5 356998.72),(53.5 276456.47),(54.5 271337.16),(55.5 302363.63),(56.5 260084.88),(57.5 247308.19),(58.5 229803.52),(59.5 204978.72),(60.5 211355.77),(61.5 238500.4),(62.5 218918.06),(63.5 190555.33),(64.5 197099.48),(65.5 188420.63),(66.5 171325.58),(67.5 152653.92),(68.5 139528.47),(69.5 149633.66),(70.5 148683.61),(71.5 139366.19),(72.5 142718.06),(73.5 165672.03),(74.5 149123.16),(75.5 138413.77),(76.5 129663.63),(77.5 125601.38),(78.5 116640.88),(79.5 111980.76),(80.5 122817.664),(81.5 124591.45),(82.5 105388.35),(83.5 99128.71),(84.5 94754.664),(85.5 94237.81),(86.5 91503.16),(87.5 84549.41),(88.5 92173.12),(89.5 82213.97),(90.5 85578.875),(91.5 79795.62),(92.5 75741.125),(93.5 78391.71),(94.5 67623.52),(95.5 68270.195),(96.5 61874.914),(97.5 62326.652),(98.5 62466.367),(99.5 60144.426),(100.5 59064.25),(101.5 55273.176),(102.5 56265.563),(103.5 55708.266),(104.5 54691.613),(105.5 56611.164),(106.5 48731.195),(107.5 48634.883),(108.5 48796.47),(109.5 50764.31),(110.5 47621.543),(111.5 45195.02),(112.5 44519.22),(113.5 40935.45),(114.5 39301.684),(115.5 36349.25),(116.5 35950.043),(117.5 35064.906),(118.5 34586),(119.5 34111.19),(120.5 33579.043),(121.5 32817.492),(122.5 32675.383),(123.5 33938.207),(124.5 32107.912),(125.5 33281.94),(126.5 31088.578),(127.5 32751.934),(128.5 28836.293),(129.5 27071.486),(130.5 28093.885),(131.5 25370.148),(132.5 26744.896),(133.5 26275.578),(134.5 25615.082),(135.5 24150.535),(136.5 23686.717),(137.5 24845.1),(138.5 24500.777),(139.5 23039.984),(140.5 21519.393),(141.5 21600.676),(142.5 22685.582),(143.5 21288.32),(144.5 21928.951),(145.5 19409.773),(146.5 19512.303),(147.5 19180.533),(148.5 18947.629),(149.5 18235.828),(150.5 18931.695),(151.5 17260.16),(152.5 17309.133),(153.5 16116.273),(154.5 17143.635),(155.5 16809.607),(156.5 16491.088),(157.5 16914.164),(158.5 16548.29),(159.5 15319.827),(160.5 15268.939),(161.5 13725.931),(162.5 13535.596),(163.5 13763.649),(164.5 13445.155),(165.5 13274.477),(166.5 13107.656),(167.5 13133.753),(168.5 12377.868),(169.5 11718.378),(170.5 12586.056),(171.5 12138.127),(172.5 11620.693),(173.5 11461.937),(174.5 10911.709),(175.5 11332.845),(176.5 10928.644),(177.5 10846.817),(178.5 10164.424),(179.5 9435.787),(180.5 9173.203),(181.5 9211.812),(182.5 9161.889),(183.5 9224.462),(184.5 9085.026),(185.5 8583.872),(186.5 8531.24),(187.5 8747.782),(188.5 8444.812),(189.5 8099.667),(190.5 7605.925),(191.5 7576.212),(192.5 7714.729),(193.5 7183.208),(194.5 7003.463),(195.5 7068.888),(196.5 7112.5674),(197.5 6969.2427),(198.5 6721.843),(199.5 6342.642),(200.5 6547.231),(201.5 6495.0884),(202.5 6258.302),(203.5 6167.0313),(204.5 6177.811),(205.5 5904.9824),(206.5 5650.5435),(207.5 5618.844),(208.5 5720.197),(209.5 5545.5313),(210.5 5301.2383),(211.5 5231.346),(212.5 5091.9893),(213.5 5031.294),(214.5 4864.385),(215.5 4837.6064),(216.5 4639.8174),(217.5 4650.8726),(218.5 4567.7036),(219.5 4466.9487),(220.5 4466.2373),(221.5 4546.744),(222.5 4417.712),(223.5 4472.8394),(224.5 4108.358),(225.5 3980.0693),(226.5 3810.3162),(227.5 3706.777),(228.5 3791.3784),(229.5 3640.0535),(230.5 3831.7012),(231.5 3743.9973),(232.5 3559.3997),(233.5 3558.201),(234.5 3405.3616),(235.5 3382.6719),(236.5 3244.195),(237.5 3185.1423),(238.5 3269.2346),(239.5 3238.266),(240.5 3159.4187),(241.5 3031.4104),(242.5 2937.7288),(243.5 2968.2637),(244.5 2919.3293),(245.5 2953.6904),(246.5 2747.0168),(247.5 2753.2212),(248.5 2706.327),(249.5 2604.3665),(250.5 2652.2466),(251.5 2509.534),(252.5 2555.2065),(253.5 2499.6563),(254.5 2414.287),(255.5 2397.5383),(256.5 2320.8333),(257.5 2375.8643),(258.5 2383.4727),(259.5 2311.6228),(260.5 2249.2437),(261.5 2167.257),(262.5 2119.0986),(263.5 2039.9128),(264.5 2015.3422),(265.5 2044.7303),(266.5 2019.7733),(267.5 2002.8182),(268.5 1949.6012),(269.5 1898.638),(270.5 1861.9385),(271.5 1830.1649),(272.5 1797.1028),(273.5 1776.6029),(274.5 1717.208),(275.5 1692.1948),(276.5 1717.1798),(277.5 1624.2137),(278.5 1605.9901),(279.5 1548.1904),(280.5 1555.6447),(281.5 1530.5422),(282.5 1501.6198),(283.5 1547.0825),(284.5 1513.9993),(285.5 1482.8844),(286.5 1429.7693),(287.5 1354.1395),(288.5 1344.0161),(289.5 1340.7202),(290.5 1303.4138),(291.5 1330.6045),(292.5 1246.8285),(293.5 1251.246),(294.5 1216.9569),(295.5 1209.0896),(296.5 1184.3906),(297.5 1160.956),(298.5 1125.3873),(299.5 1133.4597),(300.5 1128.8114),(301.5 1133.5706),(302.5 1108.8843),(303.5 1106.2053),(304.5 1035.3073),(305.5 1022.4224),(306.5 1019.6067),(307.5 1025.3634),(308.5 1006.51196),(309.5 992.07416),(310.5 982.2855),(311.5 946.25586),(312.5 942.242),(313.5 913.3982),(314.5 910.9995),(315.5 886.38214),(316.5 887.7926),(317.5 859.6957),(318.5 830.1046),(319.5 839.1882),(320.5 804.4586),(321.5 802.95044),(322.5 762.6891),(323.5 818.4153),(324.5 803.97656),(325.5 786.9353),(326.5 770.94977),(327.5 741.8367),(328.5 715.5676),(329.5 734.8638),(330.5 687.7623),(331.5 690.0715),(332.5 693.48926),(333.5 683.0016),(334.5 665.23596),(335.5 640.0485),(336.5 639.5239),(337.5 637.3836),(338.5 631.13904),(339.5 626.43677),(340.5 601.4431),(341.5 581.8586),(342.5 577.70166),(343.5 569.2663),(344.5 564.3603),(345.5 536.3674),(346.5 557.3937),(347.5 538.6648),(348.5 540.4509),(349.5 531.15204),(350.5 516.7884),(351.5 519.32697),(352.5 489.90295),(353.5 497.94),(354.5 484.7965),(355.5 477.72275),(356.5 483.34222),(357.5 459.5989),(358.5 462.6077),(359.5 461.23215),(360.5 444.44888),(361.5 450.79742),(362.5 440.37283),(363.5 430.82385),(364.5 423.00638),(365.5 425.9334),(366.5 408.6972),(367.5 396.64478),(368.5 393.49066),(369.5 386.74118),(370.5 375.31427),(371.5 379.88583),(372.5 378.96002),(373.5 377.22656),(374.5 366.06616),(375.5 364.83838),(376.5 363.71683),(377.5 359.19836),(378.5 349.69745),(379.5 341.00635),(380.5 334.86588),(381.5 332.84323),(382.5 333.54276),(383.5 328.03336),(384.5 331.8842),(385.5 326.1909),(386.5 312.66345),(387.5 304.97772),(388.5 300.29742),(389.5 294.73416),(390.5 296.8959),(391.5 294.21747),(392.5 296.46402),(393.5 287.1489),(394.5 282.17432),(395.5 281.06613),(396.5 271.8928),(397.5 275.7489),(398.5 263.01028),(399.5 262.578),(400.5 259.32034),(401.5 254.82971),(402.5 244.55547),(403.5 237.44934),(404.5 240.47603),(405.5 249.14299),(406.5 238.27377),(407.5 237.55954),(408.5 231.43198),(409.5 228.31958),(410.5 228.97072),(411.5 223.32944),(412.5 221.3395),(413.5 211.6321),(414.5 206.5893),(415.5 211.46765),(416.5 208.61885),(417.5 208.30763),(418.5 210.78351),(419.5 197.04549),(420.5 200.42998),(421.5 197.87347),(422.5 192.76471),(423.5 185.79669),(424.5 185.92638),(425.5 183.93178),(426.5 182.3686),(427.5 179.37718),(428.5 183.3444),(429.5 181.19936),(430.5 178.20491),(431.5 173.99358),(432.5 168.76056),(433.5 172.08438),(434.5 165.94417),(435.5 167.4085),(436.5 159.12898),(437.5 165.62346),(438.5 159.39642),(439.5 156.42014),(440.5 154.20166),(441.5 154.39064),(442.5 153.14871),(443.5 150.89896),(444.5 149.12453),(445.5 151.12462),(446.5 145.5798),(447.5 142.6661),(448.5 149.94127),(449.5 138.72179),(450.5 139.87386),(451.5 137.86165),(452.5 138.27333),(453.5 139.95502),(454.5 137.03416),(455.5 133.17546),(456.5 133.28795),(457.5 137.20967),(458.5 130.30194),(459.5 129.81725),(460.5 128.98291),(461.5 126.367935),(462.5 128.2942),(463.5 126.2056),(464.5 124.71126),(465.5 125.82761),(466.5 121.07993),(467.5 123.41199),(468.5 119.3159),(469.5 123.51309),(470.5 120.96005),(471.5 117.36315),(472.5 118.59245),(473.5 119.447655),(474.5 118.778),(475.5 117.57727),(476.5 115.572914),(477.5 114.86744),(478.5 110.73796),(479.5 110.424446),(480.5 112.578705),(481.5 109.32256),(482.5 110.88776),(483.5 109.04824),(484.5 112.13414),(485.5 109.42216),(486.5 111.18137),(487.5 106.606705),(488.5 107.902374),(489.5 108.48837),(490.5 105.40646),(491.5 102.07664),(492.5 105.7717),(493.5 104.503174),(494.5 106.149765),(495.5 105.40742),(496.5 107.00974),(497.5 104.1274),(498.5 102.274826),(499.5 102.462746),
(1.5 2222643.5),(2.5 2830632.5),(3.5 4067942),(4.5 3731056.5),(5.5 5394966),(6.5 6800126.5),(7.5 6699762),(8.5 6614240),(9.5 4971262),(10.5 5190599),(11.5 3966448),(12.5 5627581),(13.5 4838517.5),(14.5 4385739.5),(15.5 4558614.5),(16.5 4033528.3),(17.5 3658197.3),(18.5 2741090),(19.5 2493261.5),(20.5 2456697.8),(21.5 2813038.8),(22.5 2528905.5),(23.5 1880164.9),(24.5 2084932.9),(25.5 1716787.3),(26.5 1437656.9),(27.5 1532764.9),(28.5 1337317.1),(29.5 1296957.4),(30.5 1236558.8),(31.5 1138416.5),(32.5 956141.9),(33.5 1018728.3),(34.5 791181.75),(35.5 744805.56),(36.5 761307.1),(37.5 678215.9),(38.5 589844.4),(39.5 583255.25),(40.5 669401.3),(41.5 592820.44),(42.5 590097.44),(43.5 587806),(44.5 589742.3),(45.5 456539.7),(46.5 441555),(47.5 469424.22),(48.5 440343.1),(49.5 419007.16),(50.5 306915.6),(51.5 346144.56),(52.5 360410.66),(53.5 274905.2),(54.5 268460.03),(55.5 304829.9),(56.5 259363.6),(57.5 245601.5),(58.5 232089.22),(59.5 206800.25),(60.5 211362.88),(61.5 236337.47),(62.5 216599.19),(63.5 191235.48),(64.5 197450.81),(65.5 188307.9),(66.5 172068.05),(67.5 155085.83),(68.5 137053.58),(69.5 148236.17),(70.5 150701.1),(71.5 140608.14),(72.5 143088.66),(73.5 166187.16),(74.5 149291.23),(75.5 139644.92),(76.5 129976.37),(77.5 126359.336),(78.5 116515.484),(79.5 111612.3),(80.5 122780.55),(81.5 125547.875),(82.5 105849.484),(83.5 99813.516),(84.5 94584.086),(85.5 93603.93),(86.5 91349.36),(87.5 84412.24),(88.5 91487.984),(89.5 82467.56),(90.5 84911.945),(91.5 78568.01),(92.5 74892.78),(93.5 77794.44),(94.5 66830.836),(95.5 68327.086),(96.5 62119.633),(97.5 62974.797),(98.5 62412.047),(99.5 60110.73),(100.5 59567.582),(101.5 55912.402),(102.5 56996.563),(103.5 56598.34),(104.5 54914.24),(105.5 56813.26),(106.5 49151.195),(107.5 48871.48),(108.5 49817.434),(109.5 50627.074),(110.5 47835.59),(111.5 45548.855),(112.5 44373.66),(113.5 41107.19),(114.5 39576.824),(115.5 36184.754),(116.5 35915.83),(117.5 35222.125),(118.5 34419.918),(119.5 34295.875),(120.5 33731.41),(121.5 32503.807),(122.5 32581.29),(123.5 33915.61),(124.5 32003.518),(125.5 32978.94),(126.5 31052.55),(127.5 32769.516),(128.5 28424.092),(129.5 27350.262),(130.5 28075.088),(131.5 25183.99),(132.5 26711.906),(133.5 25867.877),(134.5 25477.21),(135.5 24009.15),(136.5 23642.94),(137.5 25037.436),(138.5 24558.191),(139.5 22960.184),(140.5 21479.908),(141.5 21557.203),(142.5 22387.133),(143.5 21428.19),(144.5 21885.795),(145.5 19321.426),(146.5 19452.56),(147.5 19061.713),(148.5 18706.725),(149.5 18053.824),(150.5 18906.904),(151.5 17423.307),(152.5 17328.977),(153.5 16221.125),(154.5 17263.215),(155.5 16715.375),(156.5 16503.22),(157.5 16984.686),(158.5 16412.232),(159.5 15214.023),(160.5 15209.161),(161.5 13664.284),(162.5 13334.244),(163.5 13663.282),(164.5 13330.106),(165.5 13164.906),(166.5 13281.866),(167.5 13280.2),(168.5 12346.797),(169.5 11677.438),(170.5 12543.679),(171.5 12137.694),(172.5 11742.858),(173.5 11514.011),(174.5 10805.668),(175.5 11330.714),(176.5 10995.93),(177.5 10967.396),(178.5 10150.143),(179.5 9526.592),(180.5 9232.275),(181.5 9277.208),(182.5 9212.435),(183.5 9046.592),(184.5 9089.342),(185.5 8571.86),(186.5 8463.168),(187.5 8609.674),(188.5 8346.87),(189.5 7983.258),(190.5 7554.7744),(191.5 7585.7354),(192.5 7655.9316),(193.5 7229.7856),(194.5 6978.4805),(195.5 7050.9185),(196.5 7136.048),(197.5 7034.185),(198.5 6731.6616),(199.5 6298.225),(200.5 6481.8906),(201.5 6491.4614),(202.5 6277.7866),(203.5 6215.6475),(204.5 6213.8535),(205.5 5978.8374),(206.5 5689.381),(207.5 5686.951),(208.5 5709.879),(209.5 5602.7446),(210.5 5325.116),(211.5 5272.849),(212.5 5143.245),(213.5 5028.2886),(214.5 4828.752),(215.5 4836.0405),(216.5 4612.0874),(217.5 4667.7686),(218.5 4589.223),(219.5 4452.251),(220.5 4476.354),(221.5 4573.156),(222.5 4405.7124),(223.5 4503.5024),(224.5 4125.176),(225.5 4058.732),(226.5 3847.9324),(227.5 3717.2378),(228.5 3789.919),(229.5 3618.1892),(230.5 3806.589),(231.5 3745.084),(232.5 3585.4907),(233.5 3515.1611),(234.5 3388.2021),(235.5 3346.9866),(236.5 3222.445),(237.5 3186.7095),(238.5 3262.93),(239.5 3219.087),(240.5 3129.3066),(241.5 3040.7249),(242.5 2973.093),(243.5 2966.7202),(244.5 2918.3264),(245.5 2977.6445),(246.5 2757.9702),(247.5 2770.6467),(248.5 2688.7224),(249.5 2599.6934),(250.5 2652.43),(251.5 2512.9255),(252.5 2568.5828),(253.5 2504.098),(254.5 2435.5706),(255.5 2394.2126),(256.5 2328.4182),(257.5 2367.3276),(258.5 2406.4802),(259.5 2310.1152),(260.5 2245.0723),(261.5 2198.6973),(262.5 2144.3984),(263.5 2038.6819),(264.5 2021.9495),(265.5 2046.9457),(266.5 2026.9941),(267.5 2017.2318),(268.5 1949.1394),(269.5 1899.738),(270.5 1863.0133),(271.5 1824.6895),(272.5 1774.8937),(273.5 1763.0825),(274.5 1723.9701),(275.5 1703.8042),(276.5 1715.9957),(277.5 1631.7476),(278.5 1619.4465),(279.5 1545.9396),(280.5 1550.6217),(281.5 1541.309),(282.5 1515.0374),(283.5 1538.5671),(284.5 1517.3124),(285.5 1488.6704),(286.5 1436.9142),(287.5 1353.1927),(288.5 1339.6007),(289.5 1341.5491),(290.5 1312.0612),(291.5 1333.0305),(292.5 1262.7838),(293.5 1265.6334),(294.5 1228.0398),(295.5 1216.934),(296.5 1197.2411),(297.5 1160.1583),(298.5 1138.7639),(299.5 1141.0928),(300.5 1123.2963),(301.5 1125.0764),(302.5 1105.6017),(303.5 1109.1503),(304.5 1038.7393),(305.5 1030.6156),(306.5 1013.52313),(307.5 1021.9109),(308.5 1006.97656),(309.5 992.3958),(310.5 985.48206),(311.5 956.84814),(312.5 955.33954),(313.5 922.1692),(314.5 914.9324),(315.5 891.07825),(316.5 891.5199),(317.5 867.2167),(318.5 839.9242),(319.5 842.5877),(320.5 817.122),(321.5 812.23145),(322.5 770.7554),(323.5 826.88995),(324.5 807.53235),(325.5 794.37726),(326.5 781.1603),(327.5 746.9466),(328.5 723.5182),(329.5 748.57465),(330.5 693.2634),(331.5 699.1793),(332.5 702.6907),(333.5 688.1279),(334.5 661.7802),(335.5 645.7347),(336.5 646.09924),(337.5 638.9025),(338.5 631.12164),(339.5 625.6695),(340.5 599.50903),(341.5 582.4783),(342.5 579.73615),(343.5 576.177),(344.5 566.7113),(345.5 536.18726),(346.5 555.4409),(347.5 537.5026),(348.5 535.3396),(349.5 535.41815),(350.5 519.3367),(351.5 518.69525),(352.5 493.2471),(353.5 499.36935),(354.5 482.4179),(355.5 479.26804),(356.5 481.65268),(357.5 457.61484),(358.5 462.7568),(359.5 463.65933),(360.5 445.9543),(361.5 451.15167),(362.5 439.6147),(363.5 430.3262),(364.5 425.31897),(365.5 425.73795),(366.5 413.8809),(367.5 397.6071),(368.5 390.5182),(369.5 389.74634),(370.5 376.47177),(371.5 382.41687),(372.5 382.71234),(373.5 379.96603),(374.5 366.34732),(375.5 365.3865),(376.5 364.78098),(377.5 359.75934),(378.5 347.41086),(379.5 338.40848),(380.5 335.95346),(381.5 336.34888),(382.5 337.3711),(383.5 331.10077),(384.5 330.80353),(385.5 327.0395),(386.5 313.5961),(387.5 303.3465),(388.5 302.28827),(389.5 296.78748),(390.5 299.09207),(391.5 293.2614),(392.5 294.22614),(393.5 284.96906),(394.5 279.5416),(395.5 282.51544),(396.5 270.8757),(397.5 275.2051),(398.5 263.43454),(399.5 265.22067),(400.5 258.64597),(401.5 252.52098),(402.5 244.9002),(403.5 238.53474),(404.5 242.19765),(405.5 249.18384),(406.5 238.27458),(407.5 235.42395),(408.5 232.23119),(409.5 228.78084),(410.5 231.25496),(411.5 221.97375),(412.5 221.75761),(413.5 212.83418),(414.5 207.24557),(415.5 211.42508),(416.5 207.5542),(417.5 210.19197),(418.5 212.72751),(419.5 198.28679),(420.5 201.49207),(421.5 198.63283),(422.5 193.56328),(423.5 186.08792),(424.5 187.49751),(425.5 185.56567),(426.5 182.69965),(427.5 181.61223),(428.5 184.90555),(429.5 182.26141),(430.5 179.3522),(431.5 175.23105),(432.5 169.80084),(433.5 173.48935),(434.5 166.37225),(435.5 167.88272),(436.5 159.0239),(437.5 165.17444),(438.5 161.12524),(439.5 157.40697),(440.5 153.55165),(441.5 155.62714),(442.5 154.8398),(443.5 151.12898),(444.5 150.66609),(445.5 151.4188),(446.5 146.86195),(447.5 143.07536),(448.5 150.15602),(449.5 139.52585),(450.5 140.44669),(451.5 137.976),(452.5 137.90744),(453.5 140.03508),(454.5 138.22536),(455.5 133.52342),(456.5 133.9418),(457.5 137.18884),(458.5 131.15402),(459.5 129.35147),(460.5 130.0372),(461.5 126.621895),(462.5 128.68677),(463.5 126.15641),(464.5 125.287506),(465.5 126.892395),(466.5 121.20018),(467.5 124.628914),(468.5 120.482925),(469.5 122.662766),(470.5 120.09582),(471.5 117.299805),(472.5 118.64983),(473.5 120.82583),(474.5 118.69138),(475.5 117.447266),(476.5 114.96626),(477.5 114.97604),(478.5 110.47513),(479.5 109.754265),(480.5 112.40954),(481.5 109.697464),(482.5 109.88677),(483.5 109.1466),(484.5 111.91068),(485.5 109.03236),(486.5 111.73316),(487.5 106.06938),(488.5 108.24647),(489.5 109.17817),(490.5 106.240746),(491.5 102.46817),(492.5 105.58281),(493.5 104.38061),(494.5 106.35846),(495.5 105.08731),(496.5 106.731094),(497.5 104.69748),(498.5 102.45924),(499.5 103.39904),
(1.5 2432060.3),(2.5 3038389.3),(3.5 4310244.5),(4.5 3935948.5),(5.5 5790051.5),(6.5 7118552),(7.5 6993129),(8.5 6821974.5),(9.5 5166698),(10.5 5423725.5),(11.5 4145148.8),(12.5 5823140),(13.5 4977838),(14.5 4503899),(15.5 4684469),(16.5 4087042.3),(17.5 3726583),(18.5 2813513.5),(19.5 2526692),(20.5 2482577),(21.5 2804870.8),(22.5 2555231.8),(23.5 1931404.5),(24.5 2112245),(25.5 1725505.4),(26.5 1451936.4),(27.5 1535833),(28.5 1357197.9),(29.5 1306235.9),(30.5 1240893.6),(31.5 1143969),(32.5 966944.4),(33.5 1036390.5),(34.5 803502.7),(35.5 745238.56),(36.5 761791.6),(37.5 691339.2),(38.5 604828.06),(39.5 584497.4),(40.5 667956.9),(41.5 587858),(42.5 592028.25),(43.5 585888.1),(44.5 591701.7),(45.5 454759.53),(46.5 438212.13),(47.5 466364.38),(48.5 437556.72),(49.5 414974.4),(50.5 310031),(51.5 352716.8),(52.5 363334.88),(53.5 272264.78),(54.5 266013.16),(55.5 306576.9),(56.5 257369.98),(57.5 243165.48),(58.5 233473.28),(59.5 209357.63),(60.5 211170.14),(61.5 234613.67),(62.5 214453.94),(63.5 191999.03),(64.5 197718.55),(65.5 188661.83),(66.5 173231.03),(67.5 158459.13),(68.5 135393.06),(69.5 147239.33),(70.5 152057.72),(71.5 142670.48),(72.5 142613.77),(73.5 165693.52),(74.5 148395.06),(75.5 140583.9),(76.5 129880.766),(77.5 126759.4),(78.5 116809.766),(79.5 111374.82),(80.5 122208.94),(81.5 126508.96),(82.5 106319.5),(83.5 100502.25),(84.5 94292.55),(85.5 93281.56),(86.5 91194.16),(87.5 83808.94),(88.5 91128.21),(89.5 82787.99),(90.5 84561.79),(91.5 77456.25),(92.5 74230.414),(93.5 77083.14),(94.5 66158.08),(95.5 69005.766),(96.5 62939.582),(97.5 63599.227),(98.5 62145.79),(99.5 60133.58),(100.5 60228.793),(101.5 56601.3),(102.5 57714.83),(103.5 57506.98),(104.5 55002.496),(105.5 56665.938),(106.5 49510.387),(107.5 49197.746),(108.5 50857.37),(109.5 50568.45),(110.5 48143.484),(111.5 45588.57),(112.5 43921.574),(113.5 40962.3),(114.5 39450.086),(115.5 35670.066),(116.5 36004.734),(117.5 35585.63),(118.5 34515.57),(119.5 34360.023),(120.5 34105.496),(121.5 32504.791),(122.5 32439.895),(123.5 33981.934),(124.5 32064.924),(125.5 32674.932),(126.5 30985.068),(127.5 32632.658),(128.5 28283.766),(129.5 27617.977),(130.5 27995.324),(131.5 25306.176),(132.5 26785.838),(133.5 25718.115),(134.5 25541.434),(135.5 23974.102),(136.5 23842.467),(137.5 25091.16),(138.5 24473.666),(139.5 22872.213),(140.5 21479.303),(141.5 21612.988),(142.5 22288.406),(143.5 21760.861),(144.5 21784.756),(145.5 19253.506),(146.5 19263),(147.5 19043.146),(148.5 18563.096),(149.5 18099.809),(150.5 19046.723),(151.5 17698.203),(152.5 17286.38),(153.5 16353.063),(154.5 17299.791),(155.5 16801.94),(156.5 16536.24),(157.5 17134.035),(158.5 16254.275),(159.5 15208.699),(160.5 15240.446),(161.5 13601.266),(162.5 13192.555),(163.5 13598.127),(164.5 13230.279),(165.5 12989.296),(166.5 13336.295),(167.5 13242.698),(168.5 12371.584),(169.5 11749.769),(170.5 12558.029),(171.5 12071.605),(172.5 11696.296),(173.5 11495.236),(174.5 10709.679),(175.5 11274.596),(176.5 10972.93),(177.5 10995.577),(178.5 10097.552),(179.5 9445.621),(180.5 9301.631),(181.5 9246.339),(182.5 9261.671),(183.5 8877.109),(184.5 9100.176),(185.5 8549.167),(186.5 8355.2295),(187.5 8449.135),(188.5 8235.424),(189.5 7840.8384),(190.5 7465.9346),(191.5 7429.338),(192.5 7556.365),(193.5 7241.197),(194.5 6947.9434),(195.5 7041.148),(196.5 7202.9946),(197.5 7106.9697),(198.5 6766.7925),(199.5 6293.4067),(200.5 6468.1846),(201.5 6479.9),(202.5 6269.0405),(203.5 6185.9014),(204.5 6242.0596),(205.5 6070.9253),(206.5 5736.4355),(207.5 5759.3994),(208.5 5743.286),(209.5 5566.03),(210.5 5410.2456),(211.5 5351.529),(212.5 5229.8086),(213.5 5066.4233),(214.5 4848.326),(215.5 4828.231),(216.5 4671.2954),(217.5 4685.167),(218.5 4605.0767),(219.5 4405.6177),(220.5 4454.8438),(221.5 4572.213),(222.5 4408.862),(223.5 4527.388),(224.5 4158.3286),(225.5 4074.5234),(226.5 3843.329),(227.5 3703.5225),(228.5 3764.5188),(229.5 3609.5212),(230.5 3793.257),(231.5 3732.287),(232.5 3635.8333),(233.5 3520.587),(234.5 3434.3635),(235.5 3349.2507),(236.5 3243.2634),(237.5 3199.4746),(238.5 3247.2625),(239.5 3222.947),(240.5 3153.681),(241.5 3076.6152),(242.5 2998.1753),(243.5 2988.7336),(244.5 2914.7458),(245.5 2987.7488),(246.5 2790.5593),(247.5 2782.9011),(248.5 2696.2),(249.5 2622.3445),(250.5 2664.0554),(251.5 2548.8298),(252.5 2550.3083),(253.5 2500.7856),(254.5 2438.8618),(255.5 2395.9788),(256.5 2329.7134),(257.5 2357.63),(258.5 2383.0676),(259.5 2328.3335),(260.5 2244.0242),(261.5 2193.979),(262.5 2127.263),(263.5 2043.4182),(264.5 2029.6003),(265.5 2055.108),(266.5 2033.4241),(267.5 1995.7548),(268.5 1943.5637),(269.5 1903.9218),(270.5 1858.116),(271.5 1826.4171),(272.5 1789.2997),(273.5 1773.1974),(274.5 1739.9634),(275.5 1696.6145),(276.5 1701.0504),(277.5 1636.0173),(278.5 1623.3394),(279.5 1572.3568),(280.5 1552.9869),(281.5 1556.2573),(282.5 1512.1598),(283.5 1534.4642),(284.5 1541.6969),(285.5 1495.7839),(286.5 1433.3511),(287.5 1357.7433),(288.5 1341.8224),(289.5 1346.5972),(290.5 1327.3607),(291.5 1342.1301),(292.5 1267.9636),(293.5 1282.6935),(294.5 1245.5186),(295.5 1251.5935),(296.5 1216.9988),(297.5 1183.1724),(298.5 1162.2205),(299.5 1163.7118),(300.5 1118.4799),(301.5 1123.7401),(302.5 1110.5758),(303.5 1116.6816),(304.5 1043.9874),(305.5 1038.2119),(306.5 1012.278),(307.5 1022.49164),(308.5 1006.38354),(309.5 1003.4085),(310.5 1003.46875),(311.5 974.89844),(312.5 975.1442),(313.5 940.9584),(314.5 919.9293),(315.5 891.15656),(316.5 891.2861),(317.5 876.73413),(318.5 853.6473),(319.5 851.17535),(320.5 828.1698),(321.5 826.16675),(322.5 781.69434),(323.5 826.2551),(324.5 810.738),(325.5 791.3537),(326.5 783.05365),(327.5 752.846),(328.5 722.9013),(329.5 760.3799),(330.5 712.4294),(331.5 709.21954),(332.5 703.6238),(333.5 686.81006),(334.5 667.99585),(335.5 646.2022),(336.5 640.26416),(337.5 637.7489),(338.5 630.32513),(339.5 621.75214),(340.5 595.03516),(341.5 582.885),(342.5 584.5788),(343.5 578.0115),(344.5 566.5564),(345.5 531.8408),(346.5 555.9766),(347.5 540.4891),(348.5 534.4348),(349.5 532.76245),(350.5 528.60657),(351.5 516.8459),(352.5 494.18347),(353.5 497.2258),(354.5 485.7306),(355.5 476.7671),(356.5 487.2768),(357.5 456.14914),(358.5 465.06708),(359.5 460.94678),(360.5 448.88187),(361.5 453.50754),(362.5 439.85373),(363.5 428.65726),(364.5 429.034),(365.5 429.85114),(366.5 416.97308),(367.5 394.87286),(368.5 391.84308),(369.5 388.61682),(370.5 374.95374),(371.5 380.45316),(372.5 382.46146),(373.5 377.68893),(374.5 365.54645),(375.5 362.87708),(376.5 360.3399),(377.5 357.10547),(378.5 348.1773),(379.5 339.67755),(380.5 338.31174),(381.5 333.53146),(382.5 338.30872),(383.5 334.48486),(384.5 334.14706),(385.5 327.87054),(386.5 313.5877),(387.5 304.90326),(388.5 306.22278),(389.5 297.56842),(390.5 299.51358),(391.5 293.42786),(392.5 294.6824),(393.5 283.967),(394.5 279.54547),(395.5 286.27164),(396.5 270.51428),(397.5 274.68155),(398.5 264.37527),(399.5 268.53943),(400.5 259.75278),(401.5 256.18158),(402.5 246.43431),(403.5 240.47905),(404.5 244.87253),(405.5 250.41376),(406.5 241.03827),(407.5 238.18423),(408.5 233.0054),(409.5 230.24033),(410.5 231.44978),(411.5 225.0404),(412.5 223.2194),(413.5 215.16809),(414.5 208.06737),(415.5 211.14601),(416.5 209.17679),(417.5 209.14893),(418.5 213.44887),(419.5 199.48503),(420.5 203.23334),(421.5 198.07721),(422.5 194.25032),(423.5 186.25778),(424.5 189.53123),(425.5 185.88852),(426.5 182.09007),(427.5 182.87408),(428.5 184.21136),(429.5 182.68808),(430.5 179.47618),(431.5 176.83469),(432.5 171.17435),(433.5 172.89383),(434.5 167.30542),(435.5 171.51501),(436.5 160.42041),(437.5 165.3638),(438.5 162.46303),(439.5 157.98454),(440.5 155.28891),(441.5 156.37358),(442.5 155.89986),(443.5 151.96182),(444.5 151.24733),(445.5 151.74297),(446.5 147.52641),(447.5 143.86375),(448.5 151.58784),(449.5 140.33838),(450.5 140.80397),(451.5 138.3789),(452.5 137.28656),(453.5 139.81326),(454.5 139.7091),(455.5 133.8597),(456.5 133.59271),(457.5 137.14348),(458.5 131.59627),(459.5 130.91586),(460.5 131.1504),(461.5 126.72556),(462.5 128.35344),(463.5 127.79367),(464.5 126.905205),(465.5 126.716385),(466.5 121.80135),(467.5 125.248314),(468.5 120.73966),(469.5 123.09758),(470.5 121.89227),(471.5 119.30876),(472.5 119.30425),(473.5 119.28534),(474.5 118.29855),(475.5 117.59244),(476.5 116.59705),(477.5 115.41406),(478.5 112.23694),(479.5 111.03034),(480.5 112.67314),(481.5 110.20998),(482.5 110.909424),(483.5 109.83018),(484.5 113.252716),(485.5 108.69102),(486.5 111.83957),(487.5 105.2858),(488.5 107.70543),(489.5 109.15517),(490.5 106.94553),(491.5 104.197495),(492.5 106.898415),(493.5 104.16512),(494.5 107.24679),(495.5 105.90819),(496.5 107.322716),(497.5 105.412025),(498.5 102.938614),(499.5 102.87099),
(1.5 2636892.3),(2.5 3242353.5),(3.5 4560948.5),(4.5 4167479),(5.5 6192864),(6.5 7436963),(7.5 7276077),(8.5 7017505.5),(9.5 5363660),(10.5 5660261.5),(11.5 4319309.5),(12.5 6007614),(13.5 5109865),(14.5 4618791.5),(15.5 4796315),(16.5 4125662),(17.5 3785115.3),(18.5 2874563),(19.5 2550399.5),(20.5 2503165.3),(21.5 2792948),(22.5 2575302.8),(23.5 1979629.8),(24.5 2137457.5),(25.5 1733063.5),(26.5 1461116.5),(27.5 1535707.8),(28.5 1375921.8),(29.5 1317093),(30.5 1244333.4),(31.5 1148427.9),(32.5 977257.25),(33.5 1052614.3),(34.5 817590.56),(35.5 746143.4),(36.5 760008.56),(37.5 706768.6),(38.5 620063.9),(39.5 585966.9),(40.5 665340.94),(41.5 581533.75),(42.5 592356.44),(43.5 583813.75),(44.5 592394.25),(45.5 451168.84),(46.5 437751.4),(47.5 462603.03),(48.5 435040.75),(49.5 411549.9),(50.5 313938.94),(51.5 357253.78),(52.5 363881.47),(53.5 268252.28),(54.5 263372.7),(55.5 307069.38),(56.5 255400.4),(57.5 240083.31),(58.5 234181.77),(59.5 212641.81),(60.5 209995.11),(61.5 232480.52),(62.5 212662.55),(63.5 192740.17),(64.5 198413.53),(65.5 188634.83),(66.5 173839.72),(67.5 161463.44),(68.5 134568.13),(69.5 147066.36),(70.5 152552.67),(71.5 144217.73),(72.5 141900.58),(73.5 163886.03),(74.5 147414.3),(75.5 141183.84),(76.5 129575.734),(77.5 126872.125),(78.5 117334.03),(79.5 112099.1),(80.5 121898.91),(81.5 127514.65),(82.5 106714.84),(83.5 100961.945),(84.5 94153.36),(85.5 92533.85),(86.5 90875.016),(87.5 82711.984),(88.5 91045.945),(89.5 83147.77),(90.5 84959.53),(91.5 76756.2),(92.5 73561.25),(93.5 75953.055),(94.5 65710),(95.5 69487.49),(96.5 64116.94),(97.5 64151.31),(98.5 61888.33),(99.5 59908.99),(100.5 60678.87),(101.5 57517.332),(102.5 58404.574),(103.5 58007.043),(104.5 55062.105),(105.5 56105.293),(106.5 49788.703),(107.5 49580.652),(108.5 51221.656),(109.5 50351.66),(110.5 48068.16),(111.5 44934.53),(112.5 43496.746),(113.5 40744.89),(114.5 38805.824),(115.5 35095.023),(116.5 36093.934),(117.5 35878.355),(118.5 34626.53),(119.5 34285.23),(120.5 34322.746),(121.5 32554.436),(122.5 32268.516),(123.5 34324.168),(124.5 32391.139),(125.5 32566.557),(126.5 30618.68),(127.5 32533.275),(128.5 28628.379),(129.5 27737.748),(130.5 27926.658),(131.5 25244.83),(132.5 26727.482),(133.5 25513.072),(134.5 25675.15),(135.5 23954.357),(136.5 23786.873),(137.5 25037.748),(138.5 24446.99),(139.5 22845.305),(140.5 21458.828),(141.5 21831.064),(142.5 22319.426),(143.5 22024.826),(144.5 21690.637),(145.5 19295.56),(146.5 19065.822),(147.5 18854.314),(148.5 18267.707),(149.5 18179.594),(150.5 19237.188),(151.5 17962.973),(152.5 17166.959),(153.5 16357.771),(154.5 17208.982),(155.5 16749.611),(156.5 16530.303),(157.5 17019.674),(158.5 15993.844),(159.5 15110.128),(160.5 15294.063),(161.5 13489.773),(162.5 13220.88),(163.5 13621.333),(164.5 13108.511),(165.5 12986.125),(166.5 13302.21),(167.5 13011.019),(168.5 12365.475),(169.5 11817.782),(170.5 12592.558),(171.5 12002.758),(172.5 11504.491),(173.5 11282.994),(174.5 10691.422),(175.5 11238.598),(176.5 10924.999),(177.5 10955.781),(178.5 10058.299),(179.5 9397.568),(180.5 9351.816),(181.5 9231.408),(182.5 9313.806),(183.5 8817.772),(184.5 9062.827),(185.5 8508.815),(186.5 8268.077),(187.5 8366.668),(188.5 8151.778),(189.5 7763.8145),(190.5 7500.035),(191.5 7398.783),(192.5 7469.2417),(193.5 7226.3936),(194.5 6948.0454),(195.5 7134.074),(196.5 7362.862),(197.5 7208.8037),(198.5 6792.258),(199.5 6261.1807),(200.5 6392.1294),(201.5 6385.3896),(202.5 6323.4175),(203.5 6249.4478),(204.5 6262.1187),(205.5 6111.6025),(206.5 5830.261),(207.5 5793.5693),(208.5 5734.1157),(209.5 5499.0063),(210.5 5417.6353),(211.5 5408.622),(212.5 5222.7305),(213.5 5083.454),(214.5 4858.8477),(215.5 4847.7373),(216.5 4704.5996),(217.5 4721.577),(218.5 4612.2056),(219.5 4365.663),(220.5 4401.1177),(221.5 4581.4766),(222.5 4468.638),(223.5 4560.7295),(224.5 4104.3965),(225.5 4028.3408),(226.5 3840.417),(227.5 3725.9148),(228.5 3747.256),(229.5 3585.9692),(230.5 3767.527),(231.5 3708.3982),(232.5 3608.2346),(233.5 3515.6116),(234.5 3445.4612),(235.5 3369.4185),(236.5 3234.3726),(237.5 3188.5833),(238.5 3217.0535),(239.5 3207.2573),(240.5 3155.2227),(241.5 3081.5923),(242.5 2974.9358),(243.5 2970.2188),(244.5 2891.2786),(245.5 2970.9158),(246.5 2757.9866),(247.5 2788.464),(248.5 2685.95),(249.5 2628.7444),(250.5 2654.3738),(251.5 2541.2498),(252.5 2541.2874),(253.5 2489.3462),(254.5 2431.967),(255.5 2394.8975),(256.5 2326.319),(257.5 2337.9658),(258.5 2361.8765),(259.5 2335.1394),(260.5 2253.079),(261.5 2208.3313),(262.5 2119.4585),(263.5 2047.8877),(264.5 2034.0166),(265.5 2020.3796),(266.5 1993.8442),(267.5 1984.6855),(268.5 1929.5165),(269.5 1898.7758),(270.5 1854.8906),(271.5 1826.172),(272.5 1800.8127),(273.5 1794.864),(274.5 1742.4913),(275.5 1696.2911),(276.5 1710.3181),(277.5 1639.0461),(278.5 1619.7701),(279.5 1568.2144),(280.5 1546.8654),(281.5 1552.0283),(282.5 1504.2975),(283.5 1533.7462),(284.5 1544.7576),(285.5 1503.6875),(286.5 1450.547),(287.5 1358.885),(288.5 1343.9978),(289.5 1357.6788),(290.5 1342.8499),(291.5 1345.2968),(292.5 1280.9027),(293.5 1293.8333),(294.5 1261.4191),(295.5 1261.3038),(296.5 1227.8174),(297.5 1206.8772),(298.5 1174.5085),(299.5 1172.3103),(300.5 1120.589),(301.5 1126.3496),(302.5 1109.6522),(303.5 1110.225),(304.5 1042.8424),(305.5 1044.7211),(306.5 1015.8832),(307.5 1023.1818),(308.5 1009.2374),(309.5 1001.0516),(310.5 1016.20355),(311.5 992.8234),(312.5 993.006),(313.5 953.44586),(314.5 932.1704),(315.5 889.94073),(316.5 882.94977),(317.5 871.3245),(318.5 860.68176),(319.5 853.86487),(320.5 832.0994),(321.5 842.54913),(322.5 782.0181),(323.5 819.211),(324.5 802.4448),(325.5 786.76056),(326.5 777.2835),(327.5 751.59863),(328.5 725.65063),(329.5 759.24335),(330.5 712.94946),(331.5 705.1103),(332.5 700.4639),(333.5 684.91595),(334.5 668.92236),(335.5 650.7865),(336.5 639.3992),(337.5 641.33826),(338.5 630.889),(339.5 616.9791),(340.5 600.1236),(341.5 586.96643),(342.5 590.22314),(343.5 584.7441),(344.5 577.03845),(345.5 538.56287),(346.5 553.552),(347.5 541.306),(348.5 535.7603),(349.5 531.9138),(350.5 518.99493),(351.5 515.9259),(352.5 494.0334),(353.5 497.2),(354.5 490.32297),(355.5 480.1918),(356.5 489.74615),(357.5 458.20847),(358.5 465.14014),(359.5 464.6079),(360.5 453.83624),(361.5 453.60486),(362.5 441.64362),(363.5 429.6479),(364.5 428.25284),(365.5 433.47815),(366.5 420.52536),(367.5 396.59222),(368.5 393.17822),(369.5 389.81433),(370.5 378.31964),(371.5 381.7662),(372.5 382.80923),(373.5 375.95145),(374.5 363.79797),(375.5 361.9932),(376.5 359.21112),(377.5 356.05878),(378.5 348.21765),(379.5 340.65436),(380.5 339.432),(381.5 337.23486),(382.5 337.16574),(383.5 336.4899),(384.5 331.53644),(385.5 327.13),(386.5 313.38916),(387.5 301.0836),(388.5 302.95486),(389.5 298.015),(390.5 300.64197),(391.5 294.8828),(392.5 295.0765),(393.5 280.91144),(394.5 279.14642),(395.5 285.07022),(396.5 269.4904),(397.5 274.16815),(398.5 262.49777),(399.5 268.46448),(400.5 261.75317),(401.5 257.95294),(402.5 250.9161),(403.5 240.88403),(404.5 244.8519),(405.5 253.69855),(406.5 241.5095),(407.5 240.34442),(408.5 233.77783),(409.5 230.88333),(410.5 231.56218),(411.5 223.09503),(412.5 224.37381),(413.5 217.2309),(414.5 208.1712),(415.5 210.21048),(416.5 207.36714),(417.5 209.73346),(418.5 212.76212),(419.5 200.04538),(420.5 203.45435),(421.5 200.21277),(422.5 194.50627),(423.5 186.49925),(424.5 188.9812),(425.5 187.12991),(426.5 183.87593),(427.5 184.66354),(428.5 183.3701),(429.5 182.2488),(430.5 179.28899),(431.5 174.77228),(432.5 171.47682),(433.5 172.98636),(434.5 168.13254),(435.5 170.02867),(436.5 160.5394),(437.5 166.42493),(438.5 163.60292),(439.5 158.07956),(440.5 155.1985),(441.5 155.7916),(442.5 156.36432),(443.5 151.37662),(444.5 151.64622),(445.5 151.83519),(446.5 147.96353),(447.5 144.82646),(448.5 151.3157),(449.5 140.28384),(450.5 141.21713),(451.5 138.83084),(452.5 136.5097),(453.5 140.14421),(454.5 138.88167),(455.5 134.77383),(456.5 132.72165),(457.5 136.97556),(458.5 131.93211),(459.5 131.42696),(460.5 132.06886),(461.5 126.56575),(462.5 129.26617),(463.5 128.60172),(464.5 127.40906),(465.5 127.04907),(466.5 121.76154),(467.5 125.483406),(468.5 120.94843),(469.5 123.24677),(470.5 122.3773),(471.5 119.41406),(472.5 119.62075),(473.5 119.06482),(474.5 119.039665),(475.5 117.558716),(476.5 115.93869),(477.5 116.42685),(478.5 113.49213),(479.5 110.72342),(480.5 113.71545),(481.5 110.602264),(482.5 111.211426),(483.5 109.25392),(484.5 113.31076),(485.5 109.43138),(486.5 112.38769),(487.5 105.1832),(488.5 106.56977),(489.5 108.88684),(490.5 107.9272),(491.5 103.99732),(492.5 107.213646),(493.5 103.8467),(494.5 106.524536),(495.5 104.321556),(496.5 106.0511),(497.5 104.48468),(498.5 102.41265),(499.5 102.86142),
(1.5 2832701.3),(2.5 3462032.5),(3.5 4867068),(4.5 4383418),(5.5 6600990.5),(6.5 7744259),(7.5 7553462),(8.5 7196168.5),(9.5 5554143.5),(10.5 5889666),(11.5 4491135),(12.5 6174206.5),(13.5 5243402.5),(14.5 4716075.5),(15.5 4893364),(16.5 4148099.8),(17.5 3831935.3),(18.5 2923386.8),(19.5 2566231),(20.5 2517508),(21.5 2774802.5),(22.5 2591972.3),(23.5 2026775.4),(24.5 2159640),(25.5 1741210.6),(26.5 1468358.9),(27.5 1535036.6),(28.5 1395616.8),(29.5 1326778.4),(30.5 1248977.9),(31.5 1154420.9),(32.5 985152.94),(33.5 1066771.4),(34.5 832121.56),(35.5 748526.44),(36.5 757040.4),(37.5 722159.9),(38.5 634813.4),(39.5 589116.9),(40.5 663252.25),(41.5 574994.06),(42.5 592798.5),(43.5 581799.7),(44.5 590000.25),(45.5 444580.38),(46.5 436010.75),(47.5 456790),(48.5 432969.66),(49.5 408703),(50.5 317929.1),(51.5 361881.84),(52.5 362957.1),(53.5 263555.5),(54.5 260595.86),(55.5 305951.38),(56.5 253067.06),(57.5 236409.3),(58.5 233881.77),(59.5 215596.34),(60.5 208268.22),(61.5 230337.19),(62.5 211200.36),(63.5 193569.47),(64.5 199233.92),(65.5 188405.88),(66.5 174408.23),(67.5 163760.42),(68.5 134326.95),(69.5 147308.61),(70.5 152791.08),(71.5 145560.06),(72.5 141798.47),(73.5 162324.4),(74.5 147241.73),(75.5 140862.73),(76.5 129397.83),(77.5 127067.766),(78.5 118398.39),(79.5 114068.3),(80.5 122234.195),(81.5 128405.03),(82.5 106397.79),(83.5 101576.16),(84.5 94374.9),(85.5 91826.14),(86.5 90963.16),(87.5 81610.37),(88.5 90653.12),(89.5 83174.57),(90.5 85754.52),(91.5 76544.734),(92.5 73168.164),(93.5 74239.55),(94.5 65181.89),(95.5 69463.27),(96.5 64989.09),(97.5 64516.508),(98.5 61739.53),(99.5 59774.375),(100.5 61061.586),(101.5 58417.496),(102.5 58956.426),(103.5 58074.125),(104.5 55228.633),(105.5 55591.324),(106.5 49620.234),(107.5 49479.37),(108.5 50865.31),(109.5 49762.777),(110.5 47623.496),(111.5 44208.668),(112.5 43149.28),(113.5 40393.508),(114.5 38184.43),(115.5 34984.316),(116.5 36407.92),(117.5 36169.11),(118.5 34958.902),(119.5 34558.223),(120.5 34401.348),(121.5 32303.389),(122.5 32224.928),(123.5 34480.074),(124.5 32577.861),(125.5 32760.701),(126.5 30535.13),(127.5 32411.793),(128.5 28898.969),(129.5 27714.559),(130.5 27570.957),(131.5 25016.975),(132.5 26471.188),(133.5 25504.834),(134.5 25825.87),(135.5 23992.945),(136.5 23664.574),(137.5 25159.598),(138.5 24545.299),(139.5 22775.826),(140.5 21694.09),(141.5 22141.623),(142.5 22430.559),(143.5 22004.588),(144.5 21545.258),(145.5 19282.352),(146.5 18990.44),(147.5 18693.232),(148.5 18115.555),(149.5 18177.355),(150.5 19150.9),(151.5 18074.496),(152.5 17008.188),(153.5 16369.512),(154.5 17072.87),(155.5 16559.492),(156.5 16612.76),(157.5 16906.992),(158.5 15934.848),(159.5 15133.446),(160.5 15214.984),(161.5 13358.545),(162.5 13130.039),(163.5 13448.185),(164.5 12915.156),(165.5 13046.239),(166.5 13210.015),(167.5 12894.254),(168.5 12335.276),(169.5 11804.336),(170.5 12632.806),(171.5 11965.483),(172.5 11295.007),(173.5 11131.265),(174.5 10789.0625),(175.5 11174.672),(176.5 10849.97),(177.5 10833.613),(178.5 10007.966),(179.5 9430.244),(180.5 9435.912),(181.5 9274.859),(182.5 9316.827),(183.5 8868.567),(184.5 9028.755),(185.5 8488.328),(186.5 8258.012),(187.5 8416.502),(188.5 8008.617),(189.5 7762.3286),(190.5 7575.4717),(191.5 7436.385),(192.5 7455.57),(193.5 7286.231),(194.5 6912.8545),(195.5 7157.9746),(196.5 7407.073),(197.5 7255.0547),(198.5 6867.7183),(199.5 6304.3633),(200.5 6387.4346),(201.5 6308.9614),(202.5 6316.027),(203.5 6311.828),(204.5 6304.84),(205.5 6122.3257),(206.5 5915.3228),(207.5 5877.049),(208.5 5745.424),(209.5 5512.386),(210.5 5427.8774),(211.5 5419.6353),(212.5 5234.4375),(213.5 5091.782),(214.5 4908.373),(215.5 4860.15),(216.5 4749.786),(217.5 4723.804),(218.5 4662.65),(219.5 4398.193),(220.5 4326.747),(221.5 4545.315),(222.5 4483.69),(223.5 4589.599),(224.5 4068.2642),(225.5 4025.75),(226.5 3857.487),(227.5 3749.531),(228.5 3725.7175),(229.5 3542.4585),(230.5 3730.97),(231.5 3660.3442),(232.5 3571.9316),(233.5 3519.2083),(234.5 3431.4407),(235.5 3374.107),(236.5 3227.0813),(237.5 3167.4758),(238.5 3222.8557),(239.5 3228.9087),(240.5 3201.0857),(241.5 3082.2173),(242.5 2993.8296),(243.5 2958.061),(244.5 2862.6924),(245.5 2958.2805),(246.5 2755.3909),(247.5 2803.409),(248.5 2687.5515),(249.5 2659.2544),(250.5 2649.2964),(251.5 2541.1274),(252.5 2566.7588),(253.5 2495.033),(254.5 2429.103),(255.5 2388.0999),(256.5 2306.3984),(257.5 2315.4307),(258.5 2360.4224),(259.5 2328.6926),(260.5 2240.2048),(261.5 2197.6213),(262.5 2113.4587),(263.5 2048.6016),(264.5 2030.5898),(265.5 2007.6322),(266.5 1980.2622),(267.5 1995.2129),(268.5 1922.7751),(269.5 1916.5966),(270.5 1849.095),(271.5 1831.0676),(272.5 1809.2769),(273.5 1797.7805),(274.5 1732.1771),(275.5 1689.5769),(276.5 1709.3026),(277.5 1621.86),(278.5 1607.1344),(279.5 1567.7544),(280.5 1554.9111),(281.5 1545.69),(282.5 1483.3469),(283.5 1532.8033),(284.5 1536.1254),(285.5 1496.668),(286.5 1456.9434),(287.5 1364.213),(288.5 1353.7549),(289.5 1367.462),(290.5 1369.4465),(291.5 1371.1038),(292.5 1293.9855),(293.5 1304.9443),(294.5 1269.0614),(295.5 1270.4053),(296.5 1235.9246),(297.5 1201.4285),(298.5 1171.8864),(299.5 1161.6302),(300.5 1123.1504),(301.5 1135.293),(302.5 1123.799),(303.5 1109.9523),(304.5 1041.2828),(305.5 1042.1912),(306.5 1018.45575),(307.5 1018.4652),(308.5 1013.404),(309.5 1000.1345),(310.5 1013.54346),(311.5 996.17645),(312.5 975.3065),(313.5 942.3458),(314.5 928.60474),(315.5 889.8479),(316.5 884.29254),(317.5 866.4233),(318.5 861.74457),(319.5 844.28345),(320.5 835.94464),(321.5 841.76917),(322.5 785.1586),(323.5 816.8702),(324.5 801.2395),(325.5 786.4357),(326.5 774.19763),(327.5 751.8574),(328.5 723.87726),(329.5 760.4618),(330.5 705.89026),(331.5 702.8863),(332.5 698.00275),(333.5 679.5598),(334.5 661.0536),(335.5 646.3582),(336.5 633.8234),(337.5 634.4663),(338.5 625.42224),(339.5 618.5807),(340.5 599.27435),(341.5 583.1058),(342.5 587.13696),(343.5 577.90735),(344.5 578.0114),(345.5 545.85583),(346.5 555.33325),(347.5 542.0357),(348.5 538.1191),(349.5 530.3743),(350.5 524.4766),(351.5 513.00574),(352.5 493.95868),(353.5 497.57562),(354.5 491.18658),(355.5 477.83972),(356.5 490.62366),(357.5 457.0762),(358.5 463.16476),(359.5 466.84866),(360.5 454.02295),(361.5 452.60193),(362.5 443.9482),(363.5 429.9386),(364.5 431.61203),(365.5 432.241),(366.5 423.89374),(367.5 398.3835),(368.5 392.04742),(369.5 391.15704),(370.5 379.8564),(371.5 380.4252),(372.5 381.48636),(373.5 379.5367),(374.5 368.9236),(375.5 360.9563),(376.5 357.13907),(377.5 352.817),(378.5 347.38913),(379.5 339.76642),(380.5 338.80597),(381.5 334.99023),(382.5 336.71045),(383.5 333.7675),(384.5 329.29172),(385.5 323.8656),(386.5 313.54373),(387.5 304.8224),(388.5 306.09543),(389.5 297.60446),(390.5 300.48987),(391.5 296.50555),(392.5 295.4062),(393.5 281.02704),(394.5 280.38992),(395.5 286.21616),(396.5 272.2551),(397.5 278.89026),(398.5 264.21423),(399.5 269.5231),(400.5 262.78793),(401.5 257.1787),(402.5 249.90004),(403.5 239.60452),(404.5 246.19987),(405.5 252.44887),(406.5 241.67154),(407.5 238.60315),(408.5 232.63464),(409.5 229.04382),(410.5 230.31999),(411.5 222.12695),(412.5 223.54816),(413.5 217.65126),(414.5 207.09958),(415.5 208.57587),(416.5 207.1801),(417.5 209.8538),(418.5 214.01796),(419.5 201.03316),(420.5 203.3333),(421.5 200.3605),(422.5 192.8582),(423.5 182.88498),(424.5 187.96727),(425.5 188.62735),(426.5 182.96655),(427.5 185.29736),(428.5 183.40094),(429.5 180.89218),(430.5 178.18169),(431.5 173.40813),(432.5 172.36537),(433.5 175.21094),(434.5 169.15126),(435.5 172.09445),(436.5 160.77486),(437.5 165.62025),(438.5 164.40495),(439.5 156.4691),(440.5 155.82353),(441.5 156.84642),(442.5 157.19081),(443.5 150.12689),(444.5 150.86761),(445.5 152.97032),(446.5 148.6951),(447.5 144.89209),(448.5 150.47565),(449.5 139.34135),(450.5 139.30594),(451.5 138.66121),(452.5 135.75407),(453.5 139.7568),(454.5 139.1878),(455.5 134.75865),(456.5 133.12085),(457.5 137.23074),(458.5 132.38533),(459.5 131.45828),(460.5 131.56282),(461.5 126.01903),(462.5 129.71631),(463.5 128.45932),(464.5 127.20355),(465.5 126.79513),(466.5 121.39582),(467.5 124.039734),(468.5 121.334595),(469.5 122.639),(470.5 121.978294),(471.5 119.96552),(472.5 119.33038),(473.5 119.70219),(474.5 117.6959),(475.5 116.87401),(476.5 115.8289),(477.5 117.0632),(478.5 113.52576),(479.5 111.09126),(480.5 113.35781),(481.5 110.85791),(482.5 111.44338),(483.5 108.65433),(484.5 112.44755),(485.5 108.39761),(486.5 112.416855),(487.5 105.313),(488.5 105.93974),(489.5 107.40686),(490.5 107.67974),(491.5 103.46174),(492.5 107.46996),(493.5 103.38732),(494.5 106.095566),(495.5 103.26615),(496.5 107.05338),(497.5 104.18449),(498.5 102.16428),(499.5 103.203514),
(1.5 3044328.8),(2.5 3675779.3),(3.5 5132320.5),(4.5 4587938),(5.5 6986843.5),(6.5 8051926.5),(7.5 7809902),(8.5 7354651.5),(9.5 5723865.5),(10.5 6107864),(11.5 4641596),(12.5 6324415.5),(13.5 5369820.5),(14.5 4794726.5),(15.5 4968897),(16.5 4153871.8),(17.5 3866022.3),(18.5 2959033.8),(19.5 2577004.5),(20.5 2523748.5),(21.5 2753015),(22.5 2610582.5),(23.5 2071008.5),(24.5 2181423.8),(25.5 1748891.8),(26.5 1474741.1),(27.5 1533718.3),(28.5 1414020.5),(29.5 1337329.6),(30.5 1256987.9),(31.5 1161795.4),(32.5 991374.4),(33.5 1079318.3),(34.5 843828.7),(35.5 750865.7),(36.5 752046.4),(37.5 736254.6),(38.5 648686.7),(39.5 594306),(40.5 660727.5),(41.5 567643.06),(42.5 590527.4),(43.5 582185.75),(44.5 587200.25),(45.5 437194.03),(46.5 433725.97),(47.5 449773.8),(48.5 432001.4),(49.5 408959.9),(50.5 321939.28),(51.5 365763.94),(52.5 359896.88),(53.5 258712.73),(54.5 259187.47),(55.5 303463.06),(56.5 251976.77),(57.5 232977.36),(58.5 232772.27),(59.5 217734.11),(60.5 207639.34),(61.5 228998.02),(62.5 210718.56),(63.5 194996.97),(64.5 200370.89),(65.5 188222.28),(66.5 174720.9),(67.5 165981.17),(68.5 134958.25),(69.5 147902.92),(70.5 152152.03),(71.5 147488.03),(72.5 142041.45),(73.5 161783.78),(74.5 147768.11),(75.5 140357.5),(76.5 129379.25),(77.5 126997.336),(78.5 119078.01),(79.5 116503.84),(80.5 122695.1),(81.5 128379.81),(82.5 106460.65),(83.5 102479.62),(84.5 94770.914),(85.5 91175.766),(86.5 91168.7),(87.5 80506.41),(88.5 89810.64),(89.5 82529.43),(90.5 86142.12),(91.5 76438.04),(92.5 72991.03),(93.5 72583.29),(94.5 64797.844),(95.5 69357.984),(96.5 65585.7),(97.5 64824.395),(98.5 61777.844),(99.5 59820.09),(100.5 60892.613),(101.5 58719.09),(102.5 59307.816),(103.5 57584.504),(104.5 55488.61),(105.5 54915.945),(106.5 49199.336),(107.5 48891.668),(108.5 50617.645),(109.5 49596.293),(110.5 47653.44),(111.5 43950.63),(112.5 43158.78),(113.5 40316.75),(114.5 38178.816),(115.5 35075.387),(116.5 36759.777),(117.5 36673.69),(118.5 35189.313),(119.5 34690.41),(120.5 34581.563),(121.5 32276.459),(122.5 32313.12),(123.5 34510.51),(124.5 32661.928),(125.5 32934.504),(126.5 30444.297),(127.5 32099.361),(128.5 28961.963),(129.5 27721.568),(130.5 27534.521),(131.5 25104.643),(132.5 26349.434),(133.5 25474.213),(134.5 26122.742),(135.5 24073.016),(136.5 23889.7),(137.5 25150.285),(138.5 24405.78),(139.5 22612.75),(140.5 21762.543),(141.5 22438.76),(142.5 22689.617),(143.5 21956.137),(144.5 21484.246),(145.5 19309.55),(146.5 19017.627),(147.5 18743.94),(148.5 18210.037),(149.5 18245.182),(150.5 19153.428),(151.5 18234.459),(152.5 16995.672),(153.5 16281.577),(154.5 16793.072),(155.5 16432.37),(156.5 16766.217),(157.5 16986.824),(158.5 16004.43),(159.5 15338.218),(160.5 15221.361),(161.5 13249.907),(162.5 13020.349),(163.5 13305.088),(164.5 12755.3955),(165.5 12991.4375),(166.5 13259.014),(167.5 12819.946),(168.5 12238.418),(169.5 11797.116),(170.5 12621.045),(171.5 11900.701),(172.5 11248.136),(173.5 11131.283),(174.5 10910.791),(175.5 11169.478),(176.5 10807.031),(177.5 10657.733),(178.5 9993.622),(179.5 9474.339),(180.5 9504.612),(181.5 9315.823),(182.5 9361.623),(183.5 8859.776),(184.5 8929.74),(185.5 8462.443),(186.5 8333.215),(187.5 8544.503),(188.5 8024.3896),(189.5 7766.6772),(190.5 7612.2124),(191.5 7446.6187),(192.5 7474.757),(193.5 7342.4077),(194.5 6917.4536),(195.5 7177.4673),(196.5 7396.804),(197.5 7244.6563),(198.5 6988.783),(199.5 6376.5605),(200.5 6401.416),(201.5 6237.1685),(202.5 6357.007),(203.5 6331.3013),(204.5 6339.2163),(205.5 6111.8657),(206.5 5967.45),(207.5 5922.7813),(208.5 5756.8364),(209.5 5512.939),(210.5 5455.6284),(211.5 5392.206),(212.5 5180.722),(213.5 5070.746),(214.5 4930.2534),(215.5 4874.832),(216.5 4787.8784),(217.5 4747.1973),(218.5 4705.3823),(219.5 4453.118),(220.5 4326.658),(221.5 4599.301),(222.5 4519.74),(223.5 4612.9043),(224.5 4053.1116),(225.5 4023.329),(226.5 3873.7783),(227.5 3768.5972),(228.5 3739.0212),(229.5 3550.7637),(230.5 3730.7554),(231.5 3696.4956),(232.5 3581.0076),(233.5 3509.6597),(234.5 3445.9167),(235.5 3352.644),(236.5 3242.5886),(237.5 3156.9011),(238.5 3256.5432),(239.5 3290.5303),(240.5 3233.098),(241.5 3081.367),(242.5 3017.0225),(243.5 2965.8596),(244.5 2879.9016),(245.5 2967.7444),(246.5 2781.0337),(247.5 2831.0752),(248.5 2758.499),(249.5 2645.8364),(250.5 2635.691),(251.5 2535.554),(252.5 2567.284),(253.5 2486.0854),(254.5 2455.1726),(255.5 2377.4019),(256.5 2296.7583),(257.5 2318.2144),(258.5 2348.966),(259.5 2326.7336),(260.5 2251.622),(261.5 2194.0615),(262.5 2118.1956),(263.5 2048.1099),(264.5 2021.5002),(265.5 1991.7722),(266.5 1995.0209),(267.5 2028.0282),(268.5 1928.2924),(269.5 1938.6947),(270.5 1864.5826),(271.5 1862.7247),(272.5 1827.0902),(273.5 1810.1608),(274.5 1732.8882),(275.5 1697.2216),(276.5 1716.7131),(277.5 1633.2606),(278.5 1615.2645),(279.5 1564.1494),(280.5 1568.9762),(281.5 1555.1167),(282.5 1472.9723),(283.5 1524.5552),(284.5 1532.3391),(285.5 1502.5701),(286.5 1461.4305),(287.5 1366.651),(288.5 1351.1226),(289.5 1375.3273),(290.5 1376.8461),(291.5 1372.8812),(292.5 1301.1886),(293.5 1315.0553),(294.5 1266.8953),(295.5 1276.1658),(296.5 1240.8772),(297.5 1194.3716),(298.5 1175.071),(299.5 1151.516),(300.5 1133.5775),(301.5 1143.1705),(302.5 1124.122),(303.5 1105.8665),(304.5 1053.4741),(305.5 1051.277),(306.5 1022.9432),(307.5 1023.58344),(308.5 1018.22095),(309.5 1006.4829),(310.5 1018.45416),(311.5 997.2524),(312.5 975.2642),(313.5 944.8172),(314.5 936.4763),(315.5 894.6771),(316.5 889.3946),(317.5 870.93634),(318.5 864.0374),(319.5 840.77704),(320.5 834.65704),(321.5 842.16455),(322.5 787.8756),(323.5 822.5876),(324.5 799.94275),(325.5 784.3866),(326.5 776.7337),(327.5 754.7451),(328.5 732.19574),(329.5 761.2645),(330.5 711.9874),(331.5 705.76434),(332.5 697.85394),(333.5 675.09735),(334.5 661.6483),(335.5 639.19116),(336.5 632.2184),(337.5 634.7274),(338.5 627.5566),(339.5 616.51605),(340.5 600.79095),(341.5 587.1249),(342.5 588.9777),(343.5 583.9227),(344.5 583.52814),(345.5 554.57733),(346.5 561.18286),(347.5 541.92865),(348.5 537.2347),(349.5 527.2505),(350.5 528.281),(351.5 514.16345),(352.5 495.31882),(353.5 497.43045),(354.5 490.11124),(355.5 473.69745),(356.5 486.9844),(357.5 460.24435),(358.5 461.02026),(359.5 469.62158),(360.5 451.6024),(361.5 454.67047),(362.5 446.04572),(363.5 429.96426),(364.5 433.28464),(365.5 433.4332),(366.5 428.3646),(367.5 401.1791),(368.5 394.31274),(369.5 390.92197),(370.5 381.087),(371.5 381.44406),(372.5 380.30374),(373.5 380.10254),(374.5 371.08823),(375.5 361.89563),(376.5 359.069),(377.5 353.72818),(378.5 352.2537),(379.5 344.7087),(380.5 341.99622),(381.5 334.348),(382.5 338.56937),(383.5 337.38004),(384.5 327.03693),(385.5 323.9413),(386.5 314.87155),(387.5 302.10577),(388.5 305.20358),(389.5 298.2002),(390.5 300.73254),(391.5 294.66714),(392.5 294.8126),(393.5 280.13977),(394.5 279.7702),(395.5 285.28625),(396.5 273.78845),(397.5 278.46204),(398.5 263.70837),(399.5 268.81296),(400.5 265.1314),(401.5 258.33752),(402.5 253.97946),(403.5 242.90678),(404.5 246.35008),(405.5 251.74425),(406.5 242.29376),(407.5 239.37033),(408.5 235.4453),(409.5 233.08736),(410.5 231.35593),(411.5 223.35437),(412.5 221.47803),(413.5 215.0815),(414.5 206.95288),(415.5 210.65648),(416.5 206.46588),(417.5 211.01604),(418.5 213.365),(419.5 201.56436),(420.5 204.17473),(421.5 200.38165),(422.5 194.2637),(423.5 182.61539),(424.5 189.78596),(425.5 188.77806),(426.5 184.414),(427.5 184.9485),(428.5 182.46388),(429.5 179.34184),(430.5 176.23734),(431.5 172.78333),(432.5 170.20381),(433.5 175.13174),(434.5 170.01625),(435.5 171.83833),(436.5 160.09076),(437.5 166.53859),(438.5 163.81563),(439.5 156.79001),(440.5 156.56013),(441.5 158.19434),(442.5 158.8415),(443.5 150.15591),(444.5 150.59274),(445.5 152.77519),(446.5 149.4078),(447.5 144.79556),(448.5 150.43082),(449.5 139.93637),(450.5 139.91632),(451.5 139.89745),(452.5 137.54506),(453.5 140.35036),(454.5 139.07693),(455.5 135.29329),(456.5 133.17989),(457.5 137.07077),(458.5 132.31628),(459.5 130.72552),(460.5 132.34998),(461.5 125.73573),(462.5 128.80952),(463.5 128.71912),(464.5 127.61443),(465.5 127.413666),(466.5 121.79871),(467.5 123.6901),(468.5 121.02421),(469.5 122.85963),(470.5 121.9707),(471.5 119.05747),(472.5 119.56508),(473.5 120.18425),(474.5 119.0928),(475.5 116.26247),(476.5 115.16227),(477.5 116.70609),(478.5 114.21453),(479.5 110.72548),(480.5 112.97105),(481.5 110.633415),(482.5 112.21259),(483.5 108.69357),(484.5 113.61919),(485.5 108.38346),(486.5 112.289185),(487.5 105.20908),(488.5 105.54542),(489.5 107.25578),(490.5 107.86318),(491.5 102.602554),(492.5 107.88155),(493.5 104.95136),(494.5 106.456314),(495.5 104.38209),(496.5 106.88562),(497.5 105.068596),(498.5 102.3839),(499.5 104.17648),
(1.5 3248636.8),(2.5 3887891.5),(3.5 5409547),(4.5 4821642.5),(5.5 7382987.5),(6.5 8365371),(7.5 8062944.5),(8.5 7529136),(9.5 5898652),(10.5 6325756.5),(11.5 4780768),(12.5 6460355.5),(13.5 5498225.5),(14.5 4863045),(15.5 5025575.5),(16.5 4150012.3),(17.5 3892101.5),(18.5 2984045.3),(19.5 2587426.8),(20.5 2527200.5),(21.5 2738305.3),(22.5 2631085.3),(23.5 2116525.5),(24.5 2201031.8),(25.5 1760505.6),(26.5 1479126),(27.5 1536594.8),(28.5 1431119.8),(29.5 1349389.8),(30.5 1265054.4),(31.5 1168002.8),(32.5 993564.56),(33.5 1089314.1),(34.5 856445.9),(35.5 754551.1),(36.5 747439.75),(37.5 748121.5),(38.5 661054.8),(39.5 601816.8),(40.5 658307.1),(41.5 562478.7),(42.5 587471.4),(43.5 584216.25),(44.5 584177.9),(45.5 429730.66),(46.5 431547.44),(47.5 441244.63),(48.5 431861),(49.5 411143.1),(50.5 324546.66),(51.5 370412.47),(52.5 356682.88),(53.5 255749.16),(54.5 259997.95),(55.5 301933.3),(56.5 251123.52),(57.5 230598.9),(58.5 231449.61),(59.5 219523.66),(60.5 207918.28),(61.5 227555.34),(62.5 211005.3),(63.5 195879.88),(64.5 201192.03),(65.5 187747.25),(66.5 175428.81),(67.5 168227.05),(68.5 135987.14),(69.5 147695.25),(70.5 152199.9),(71.5 149841.13),(72.5 143631.52),(73.5 163040.89),(74.5 148320.03),(75.5 139430.42),(76.5 129716.84),(77.5 126270.695),(78.5 119623.22),(79.5 119480.61),(80.5 123517.66),(81.5 128275.15),(82.5 106639.5),(83.5 103090.14),(84.5 94484.805),(85.5 90412.22),(86.5 90708.59),(87.5 79499),(88.5 88116.25),(89.5 81643.45),(90.5 86360.51),(91.5 76693.14),(92.5 72765.29),(93.5 71562.27),(94.5 64887.645),(95.5 69291.14),(96.5 65743.03),(97.5 65018.176),(98.5 61710.63),(99.5 59861.445),(100.5 60512.87),(101.5 58994.16),(102.5 59840.215),(103.5 57020.59),(104.5 55472.258),(105.5 54306.273),(106.5 49216.258),(107.5 48767.008),(108.5 50769.023),(109.5 49720.023),(110.5 48156.383),(111.5 44057.277),(112.5 43269.9),(113.5 40226.844),(114.5 38378.953),(115.5 35040.594),(116.5 36827.85),(117.5 36979.07),(118.5 35201.664),(119.5 34801.34),(120.5 34951.9),(121.5 32472.717),(122.5 32646.426),(123.5 34624.484),(124.5 32587.834),(125.5 32713.072),(126.5 30443.127),(127.5 31969.873),(128.5 29105.1),(129.5 27707.172),(130.5 27484.01),(131.5 25324.268),(132.5 26532.604),(133.5 25427.547),(134.5 26385.05),(135.5 24145.395),(136.5 24128.023),(137.5 25210.613),(138.5 24521.94),(139.5 22833.85),(140.5 22055.246),(141.5 22597.652),(142.5 22885.154),(143.5 22092.904),(144.5 21665.076),(145.5 19405.904),(146.5 19168.303),(147.5 18859.191),(148.5 18388.809),(149.5 18286.738),(150.5 19195.762),(151.5 18352.18),(152.5 16959.787),(153.5 16309.356),(154.5 16694.861),(155.5 16340.142),(156.5 16726.54),(157.5 16920.945),(158.5 16145.588),(159.5 15536.611),(160.5 15357.209),(161.5 13167.75),(162.5 13006.744),(163.5 13301.934),(164.5 12714.108),(165.5 12904.426),(166.5 13290.293),(167.5 12872.299),(168.5 12372.567),(169.5 11912.569),(170.5 12442.893),(171.5 11831.395),(172.5 11287.543),(173.5 11209.526),(174.5 10982.598),(175.5 11282.884),(176.5 10752.179),(177.5 10580.09),(178.5 9983.533),(179.5 9598.022),(180.5 9629.044),(181.5 9333.356),(182.5 9453.741),(183.5 8860.718),(184.5 8922.848),(185.5 8397.98),(186.5 8451.403),(187.5 8719.231),(188.5 8149.495),(189.5 7767.0273),(190.5 7622.8086),(191.5 7475.885),(192.5 7415.443),(193.5 7331.283),(194.5 6965.8223),(195.5 7237.338),(196.5 7370.0015),(197.5 7256.5405),(198.5 7030.213),(199.5 6475.694),(200.5 6398.162),(201.5 6240.4155),(202.5 6407.2856),(203.5 6335.6494),(204.5 6347.7593),(205.5 6124.688),(206.5 5997.963),(207.5 5957.582),(208.5 5793.5444),(209.5 5527.3823),(210.5 5422.217),(211.5 5342.1846),(212.5 5130.8535),(213.5 5065.2725),(214.5 4920.844),(215.5 4890.413),(216.5 4822.649),(217.5 4751.115),(218.5 4727.8394),(219.5 4442.8003),(220.5 4339.654),(221.5 4605.2866),(222.5 4518.4736),(223.5 4618.157),(224.5 4050.5137),(225.5 4031.7166),(226.5 3845.1724),(227.5 3743.3796),(228.5 3711.4514),(229.5 3587.2832),(230.5 3738.2844),(231.5 3737.8567),(232.5 3571.24),(233.5 3538.7107),(234.5 3441.7693),(235.5 3329.0947),(236.5 3283.811),(237.5 3206.041),(238.5 3306.3125),(239.5 3314.0398),(240.5 3245.8372),(241.5 3108.8938),(242.5 3055.578),(243.5 2974.6921),(244.5 2890.9368),(245.5 2952.958),(246.5 2808.9233),(247.5 2869.148),(248.5 2789.0146),(249.5 2655.764),(250.5 2626.826),(251.5 2540.87),(252.5 2565.1458),(253.5 2474.8213),(254.5 2451.3303),(255.5 2377.2786),(256.5 2298.322),(257.5 2325.1304),(258.5 2356.7578),(259.5 2308.667),(260.5 2246.5674),(261.5 2181.959),(262.5 2096.3557),(263.5 2062.4216),(264.5 2026.2621),(265.5 1996.0302),(266.5 1997.6755),(267.5 2033.9678),(268.5 1920.2651),(269.5 1940.1301),(270.5 1865.8678),(271.5 1859.1893),(272.5 1834.5541),(273.5 1816.7928),(274.5 1771.0314),(275.5 1715.6292),(276.5 1724.8289),(277.5 1635.2928),(278.5 1634.6508),(279.5 1577.3647),(280.5 1576.2312),(281.5 1561.8986),(282.5 1470.7845),(283.5 1540.7737),(284.5 1526.6387),(285.5 1494.7843),(286.5 1470.2352),(287.5 1363.1461),(288.5 1356.8678),(289.5 1383.689),(290.5 1392.5162),(291.5 1377.5396),(292.5 1292.8143),(293.5 1314.459),(294.5 1273.3248),(295.5 1276.4078),(296.5 1248.8658),(297.5 1202.9861),(298.5 1171.76),(299.5 1158.4441),(300.5 1132.3982),(301.5 1147.6305),(302.5 1122.1359),(303.5 1115.0865),(304.5 1067.4193),(305.5 1056.5695),(306.5 1029.7529),(307.5 1037.0647),(308.5 1033.5038),(309.5 1008.00555),(310.5 1023.1068),(311.5 997.7374),(312.5 969.0384),(313.5 945.15466),(314.5 927.1066),(315.5 894.3072),(316.5 891.7455),(317.5 869.57855),(318.5 851.66016),(319.5 834.87714),(320.5 837.51416),(321.5 847.56445),(322.5 790.2398),(323.5 816.41754),(324.5 795.1116),(325.5 790.80194),(326.5 773.9632),(327.5 755.63837),(328.5 737.45557),(329.5 768.4691),(330.5 721.5035),(331.5 716.6958),(332.5 706.3914),(333.5 674.0312),(334.5 666.47864),(335.5 644.07306),(336.5 637.8576),(337.5 638.89465),(338.5 621.9083),(339.5 621.697),(340.5 604.8153),(341.5 589.2165),(342.5 596.91846),(343.5 589.59106),(344.5 595.08795),(345.5 563.8575),(346.5 566.9361),(347.5 549.21234),(348.5 539.5983),(349.5 528.70294),(350.5 524.3355),(351.5 515.6402),(352.5 500.1133),(353.5 497.88797),(354.5 495.33362),(355.5 472.95065),(356.5 489.75537),(357.5 465.28604),(358.5 463.92578),(359.5 474.78574),(360.5 454.83435),(361.5 457.8459),(362.5 451.99384),(363.5 427.53732),(364.5 435.46375),(365.5 432.9776),(366.5 424.8482),(367.5 397.44156),(368.5 397.04114),(369.5 390.09222),(370.5 382.96335),(371.5 381.9222),(372.5 378.17053),(373.5 378.20502),(374.5 371.81946),(375.5 363.75504),(376.5 359.67297),(377.5 352.6046),(378.5 349.4763),(379.5 348.04263),(380.5 339.95883),(381.5 335.68387),(382.5 337.40997),(383.5 336.54965),(384.5 327.7138),(385.5 323.15793),(386.5 315.5404),(387.5 301.5719),(388.5 301.72318),(389.5 298.46213),(390.5 300.50693),(391.5 293.72617),(392.5 294.34738),(393.5 281.29623),(394.5 279.96487),(395.5 287.0384),(396.5 272.49603),(397.5 278.2727),(398.5 265.46924),(399.5 269.13565),(400.5 262.71933),(401.5 262.0873),(402.5 258.71005),(403.5 243.90118),(404.5 246.81012),(405.5 252.51895),(406.5 242.98154),(407.5 240.08188),(408.5 236.70932),(409.5 235.51778),(410.5 231.98083),(411.5 224.67218),(412.5 221.29846),(413.5 215.76076),(414.5 208.66978),(415.5 211.38997),(416.5 207.17604),(417.5 212.20363),(418.5 214.12958),(419.5 201.86252),(420.5 202.8733),(421.5 200.02693),(422.5 196.41179),(423.5 183.64326),(424.5 189.4682),(425.5 188.72931),(426.5 186.92473),(427.5 185.62231),(428.5 181.91191),(429.5 178.02298),(430.5 177.6545),(431.5 172.56552),(432.5 170.35544),(433.5 174.94167),(434.5 169.13063),(435.5 172.02995),(436.5 161.66374),(437.5 166.24007),(438.5 164.35587),(439.5 156.56035),(440.5 157.3925),(441.5 159.64368),(442.5 159.28978),(443.5 150.06184),(444.5 149.27295),(445.5 152.9512),(446.5 148.19388),(447.5 146.1384),(448.5 150.31122),(449.5 140.01204),(450.5 140.54903),(451.5 139.43265),(452.5 136.92914),(453.5 139.98349),(454.5 138.89883),(455.5 135.52652),(456.5 134.05632),(457.5 136.44525),(458.5 131.57394),(459.5 131.30241),(460.5 132.56247),(461.5 125.736755),(462.5 128.91441),(463.5 128.55614),(464.5 126.49457),(465.5 126.98237),(466.5 123.3467),(467.5 124.42528),(468.5 121.184685),(469.5 123.4279),(470.5 122.553215),(471.5 118.82838),(472.5 119.07574),(473.5 120.6504),(474.5 118.39862),(475.5 115.996025),(476.5 115.67149),(477.5 116.75386),(478.5 114.648735),(479.5 111.86197),(480.5 113.66228),(481.5 110.530396),(482.5 111.64278),(483.5 108.09623),(484.5 114.44841),(485.5 109.13003),(486.5 112.77943),(487.5 105.985695),(488.5 105.91866),(489.5 106.71099),(490.5 107.98967),(491.5 103.05346),(492.5 106.83239),(493.5 105.439156),(494.5 105.90441),(495.5 102.97709),(496.5 107.138855),(497.5 105.78297),(498.5 103.53605),(499.5 104.59592),
(1.5 3410607.3),(2.5 4084279.5),(3.5 5743524),(4.5 5048503.5),(5.5 7773590),(6.5 8661905),(7.5 8301931),(8.5 7688238),(9.5 6064884),(10.5 6531984),(11.5 4924574.5),(12.5 6573831.5),(13.5 5619587.5),(14.5 4917673.5),(15.5 5066509),(16.5 4137566.8),(17.5 3916191.5),(18.5 3008079.3),(19.5 2596671.8),(20.5 2527605),(21.5 2723163.8),(22.5 2655647.3),(23.5 2159731),(24.5 2216281.3),(25.5 1776912.1),(26.5 1483343.9),(27.5 1544390.3),(28.5 1447332.8),(29.5 1362764.9),(30.5 1272238.6),(31.5 1173997.8),(32.5 993008),(33.5 1094997.5),(34.5 869042.7),(35.5 759450.44),(36.5 744088.4),(37.5 760896),(38.5 672946.75),(39.5 612273.6),(40.5 656851.75),(41.5 560420.5),(42.5 583977.8),(43.5 586107.1),(44.5 580280.25),(45.5 422119),(46.5 427418.63),(47.5 432678.34),(48.5 433203.9),(49.5 414525.97),(50.5 326268),(51.5 374127.28),(52.5 354410.88),(53.5 255038.89),(54.5 262539.28),(55.5 300748.28),(56.5 251600.11),(57.5 229395.33),(58.5 231126.2),(59.5 221933.03),(60.5 209133.63),(61.5 226776.48),(62.5 212375.72),(63.5 196403.25),(64.5 202345.72),(65.5 187728.53),(66.5 177123.61),(67.5 170859.13),(68.5 137410.03),(69.5 147362.77),(70.5 151665.52),(71.5 152264.25),(72.5 145547.61),(73.5 164707.94),(74.5 148623.47),(75.5 138866.16),(76.5 129265.445),(77.5 125126.41),(78.5 120310.05),(79.5 121405.836),(80.5 123727.78),(81.5 126761.77),(82.5 106640.586),(83.5 102945.54),(84.5 93868.4),(85.5 89334.29),(86.5 89883.625),(87.5 79410.13),(88.5 86564.82),(89.5 81048.56),(90.5 86662.22),(91.5 76696.19),(92.5 72843.56),(93.5 70998.555),(94.5 64829.62),(95.5 68728.21),(96.5 65551.98),(97.5 64856.527),(98.5 61535.95),(99.5 59573.58),(100.5 59891.11),(101.5 59185.7),(102.5 60226.555),(103.5 56718.61),(104.5 55928.375),(105.5 54135.945),(106.5 49580.965),(107.5 49115.426),(108.5 50725.434),(109.5 49937.266),(110.5 48816.258),(111.5 44060.5),(112.5 43109.785),(113.5 40213.043),(114.5 38403.082),(115.5 35053.223),(116.5 36854.227),(117.5 37265.49),(118.5 35094.36),(119.5 34886.39),(120.5 35113.086),(121.5 32606.502),(122.5 32820.254),(123.5 34676.965),(124.5 32364.834),(125.5 32414.162),(126.5 30389.281),(127.5 31793.674),(128.5 29300.588),(129.5 27728.25),(130.5 27592.19),(131.5 25808.979),(132.5 26818.35),(133.5 25435.064),(134.5 26460.756),(135.5 24314.395),(136.5 24633.035),(137.5 25411.082),(138.5 24411.037),(139.5 23099.78),(140.5 22162.895),(141.5 22571.559),(142.5 23049.936),(143.5 22224.686),(144.5 21874.025),(145.5 19661.611),(146.5 19373.06),(147.5 18863.313),(148.5 18466.303),(149.5 18351.996),(150.5 19075.432),(151.5 18292.145),(152.5 16928.822),(153.5 16425.957),(154.5 16660.3),(155.5 16253.042),(156.5 16803.348),(157.5 16910.719),(158.5 16393.938),(159.5 15816.242),(160.5 15476.883),(161.5 13147.66),(162.5 12921.219),(163.5 13334.237),(164.5 12852.583),(165.5 12948.614),(166.5 13321.972),(167.5 12963.488),(168.5 12502.416),(169.5 11990.065),(170.5 12236.776),(171.5 11822.274),(172.5 11308.76),(173.5 11341.755),(174.5 11065.603),(175.5 11331.318),(176.5 10678.584),(177.5 10539.538),(178.5 9972.845),(179.5 9627.588),(180.5 9719.091),(181.5 9206.329),(182.5 9395.251),(183.5 8770.674),(184.5 8926.137),(185.5 8351.709),(186.5 8539.222),(187.5 8739.642),(188.5 8240.42),(189.5 7804.827),(190.5 7672.5425),(191.5 7511.9985),(192.5 7498.7324),(193.5 7338.8413),(194.5 7064.466),(195.5 7281.295),(196.5 7331.702),(197.5 7313.2393),(198.5 7102.219),(199.5 6595.806),(200.5 6351.543),(201.5 6286.7734),(202.5 6474.363),(203.5 6384.233),(204.5 6413.24),(205.5 6142.901),(206.5 5961.55),(207.5 5936.2114),(208.5 5784.981),(209.5 5520.441),(210.5 5378.653),(211.5 5302.095),(212.5 5102.5596),(213.5 5056.823),(214.5 4903.9033),(215.5 4842.1836),(216.5 4840.6577),(217.5 4733.2207),(218.5 4793.684),(219.5 4455.771),(220.5 4376.9946),(221.5 4613.7617),(222.5 4545.514),(223.5 4643.4326),(224.5 4076.3743),(225.5 4092.6377),(226.5 3841.2886),(227.5 3741.4707),(228.5 3725.9058),(229.5 3610.6946),(230.5 3775.8315),(231.5 3767.8584),(232.5 3600.0884),(233.5 3530.7107),(234.5 3457.7813),(235.5 3357.625),(236.5 3291.3484),(237.5 3226.809),(238.5 3313.4749),(239.5 3295.6433),(240.5 3263.2205),(241.5 3086.1062),(242.5 3062.1702),(243.5 2971.6497),(244.5 2880.3386),(245.5 2957.7065),(246.5 2814.9348),(247.5 2855.9673),(248.5 2761.6113),(249.5 2642.7783),(250.5 2589.075),(251.5 2517.7925),(252.5 2569.6584),(253.5 2481.5051),(254.5 2457.694),(255.5 2382.881),(256.5 2303.6045),(257.5 2337.665),(258.5 2367.7183),(259.5 2323.6565),(260.5 2245.5837),(261.5 2184.161),(262.5 2096.4846),(263.5 2051.3818),(264.5 2023.2971),(265.5 1984.8829),(266.5 2002.9387),(267.5 2023.1184),(268.5 1909.0474),(269.5 1934.6227),(270.5 1870.8116),(271.5 1865.2086),(272.5 1842.1637),(273.5 1793.5303),(274.5 1765.0255),(275.5 1715.4908),(276.5 1716.5128),(277.5 1662.2932),(278.5 1639.1339),(279.5 1592.1608),(280.5 1580.0679),(281.5 1552.877),(282.5 1469.2854),(283.5 1536.0664),(284.5 1519.6725),(285.5 1491.4452),(286.5 1460.3302),(287.5 1355.0876),(288.5 1353.1897),(289.5 1382.1461),(290.5 1381.5465),(291.5 1379.8557),(292.5 1291.186),(293.5 1295.6243),(294.5 1272.9708),(295.5 1267.0687),(296.5 1237.7616),(297.5 1196.5869),(298.5 1166.2361),(299.5 1158.0204),(300.5 1131.5244),(301.5 1146.2311),(302.5 1130.4056),(303.5 1114.169),(304.5 1067.2566),(305.5 1051.4465),(306.5 1021.99164),(307.5 1031.2955),(308.5 1035.056),(309.5 1005.4346),(310.5 1022.8917),(311.5 1000.8523),(312.5 962.6236),(313.5 936.257),(314.5 926.5729),(315.5 891.179),(316.5 896.6689),(317.5 872.72565),(318.5 856.05646),(319.5 829.76886),(320.5 827.16364),(321.5 843.6567),(322.5 790.7422),(323.5 813.43225),(324.5 788.35443),(325.5 792.2077),(326.5 780.9875),(327.5 766.92175),(328.5 740.1819),(329.5 767.89154),(330.5 724.8383),(331.5 718.6172),(332.5 708.4338),(333.5 676.8922),(334.5 666.89154),(335.5 642.3121),(336.5 640.5097),(337.5 634.7267),(338.5 619.6032),(339.5 623.3947),(340.5 605.4715),(341.5 586.1883),(342.5 594.32806),(343.5 593.134),(344.5 595.32794),(345.5 559.55457),(346.5 561.63824),(347.5 546.3764),(348.5 536.0878),(349.5 525.9362),(350.5 528.3239),(351.5 520.5969),(352.5 505.34995),(353.5 506.98093),(354.5 499.6792),(355.5 474.9832),(356.5 485.81137),(357.5 462.07962),(358.5 465.47244),(359.5 475.9215),(360.5 454.34387),(361.5 454.65387),(362.5 449.05814),(363.5 429.98077),(364.5 433.43097),(365.5 431.7969),(366.5 425.79596),(367.5 395.73767),(368.5 398.3624),(369.5 388.46692),(370.5 380.8223),(371.5 380.70493),(372.5 379.4443),(373.5 379.3373),(374.5 373.18307),(375.5 361.5713),(376.5 359.54395),(377.5 352.95166),(378.5 345.69955),(379.5 341.32074),(380.5 341.82587),(381.5 337.71323),(382.5 336.20297),(383.5 335.5798),(384.5 326.1718),(385.5 320.17715),(386.5 314.92236),(387.5 302.73273),(388.5 301.40536),(389.5 298.2689),(390.5 299.585),(391.5 292.53818),(392.5 293.71613),(393.5 281.2371),(394.5 280.66254),(395.5 285.71228),(396.5 272.24036),(397.5 275.61465),(398.5 266.02188),(399.5 268.29465),(400.5 263.65173),(401.5 263.04388),(402.5 255.80054),(403.5 243.97758),(404.5 244.83945),(405.5 248.48839),(406.5 243.39185),(407.5 239.695),(408.5 236.70705),(409.5 236.67319),(410.5 233.03284),(411.5 223.10768),(412.5 222.47235),(413.5 216.06491),(414.5 209.8178),(415.5 211.01143),(416.5 208.56445),(417.5 212.27026),(418.5 213.07803),(419.5 200.83443),(420.5 201.45184),(421.5 196.97081),(422.5 195.69136),(423.5 182.4868),(424.5 188.47037),(425.5 187.84912),(426.5 185.45102),(427.5 185.29573),(428.5 180.09041),(429.5 177.17065),(430.5 174.78976),(431.5 170.93568),(432.5 169.57602),(433.5 174.3243),(434.5 168.64513),(435.5 170.93755),(436.5 159.71208),(437.5 165.19247),(438.5 163.49113),(439.5 157.03342),(440.5 157.44086),(441.5 159.38614),(442.5 158.49484),(443.5 149.71582),(444.5 149.229),(445.5 152.9427),(446.5 148.00632),(447.5 147.51564),(448.5 150.62971),(449.5 139.87762),(450.5 139.92354),(451.5 139.23167),(452.5 137.09035),(453.5 139.92657),(454.5 138.33806),(455.5 134.69814),(456.5 135.45029),(457.5 134.4116),(458.5 131.48444),(459.5 131.63844),(460.5 133.65764),(461.5 125.80026),(462.5 129.35895),(463.5 128.39842),(464.5 126.81571),(465.5 126.7215),(466.5 124.217064),(467.5 124.17547),(468.5 121.8843),(469.5 124.22585),(470.5 121.85009),(471.5 118.735825),(472.5 119.700066),(473.5 120.90139),(474.5 119.95419),(475.5 117.04894),(476.5 115.82655),(477.5 116.217186),(478.5 114.972984),(479.5 111.43182),(480.5 114.444084),(481.5 110.77601),(482.5 111.90416),(483.5 108.5408),(484.5 113.93023),(485.5 108.99078),(486.5 112.211365),(487.5 106.54277),(488.5 106.62009),(489.5 107.25415),(490.5 108.249916),(491.5 103.12851),(492.5 107.88308),(493.5 106.02467),(494.5 107.581825),(495.5 103.9775),(496.5 107.730484),(497.5 106.51895),(498.5 103.660225),(499.5 105.386604),
(1.5 3681268.8),(2.5 4371477),(3.5 6088321.5),(4.5 5285330),(5.5 8182689.5),(6.5 8984766),(7.5 8543693),(8.5 7851616.5),(9.5 6217313),(10.5 6729429.5),(11.5 5062974),(12.5 6675686.5),(13.5 5745614.5),(14.5 4965037),(15.5 5096484),(16.5 4123710.5),(17.5 3938124),(18.5 3026321.5),(19.5 2612741.3),(20.5 2530995.8),(21.5 2716131),(22.5 2684376.8),(23.5 2202185.8),(24.5 2225712.8),(25.5 1796308.3),(26.5 1490346.9),(27.5 1555752),(28.5 1463996),(29.5 1377990.1),(30.5 1279249.5),(31.5 1180583.8),(32.5 993099.4),(33.5 1099449.9),(34.5 881109.75),(35.5 765486.1),(36.5 741910.94),(37.5 773077.9),(38.5 683997.6),(39.5 623350.4),(40.5 655737.94),(41.5 558331.7),(42.5 578200.06),(43.5 587460.1),(44.5 576637.25),(45.5 415899.2),(46.5 424102.6),(47.5 426189.75),(48.5 436301.47),(49.5 419899.3),(50.5 328415.66),(51.5 377227.4),(52.5 353769.1),(53.5 255787.52),(54.5 265535.38),(55.5 299073.34),(56.5 252135.45),(57.5 230068.3),(58.5 231858.89),(59.5 224654),(60.5 211068.9),(61.5 226826.89),(62.5 214249.73),(63.5 197552.31),(64.5 203647.27),(65.5 188732.31),(66.5 178732.31),(67.5 173950.92),(68.5 139279.1),(69.5 146685.11),(70.5 150292.25),(71.5 154997.13),(72.5 147159.73),(73.5 165907.3),(74.5 148368.1),(75.5 138223.06),(76.5 127415.09),(77.5 123318.484),(78.5 120602.766),(79.5 121660.6),(80.5 123649.47),(81.5 124661.22),(82.5 106363.42),(83.5 102195.19),(84.5 93997.71),(85.5 88652.72),(86.5 89418.23),(87.5 79909.29),(88.5 85788.36),(89.5 81097.76),(90.5 87202.27),(91.5 76500.234),(92.5 72911.09),(93.5 70277.4),(94.5 64063.832),(95.5 67453.03),(96.5 65472.96),(97.5 64946.25),(98.5 61457.29),(99.5 59193.613),(100.5 59711.066),(101.5 59171.313),(102.5 60351.49),(103.5 56700.133),(104.5 56526.88),(105.5 54066.977),(106.5 50007.88),(107.5 49421.76),(108.5 50563.83),(109.5 49765.88),(110.5 49175.355),(111.5 44053.918),(112.5 43124.953),(113.5 40366.035),(114.5 38546.2),(115.5 35145.65),(116.5 36919.84),(117.5 37016.11),(118.5 35185.258),(119.5 34880.156),(120.5 34791.94),(121.5 32720.412),(122.5 32892.313),(123.5 34449.82),(124.5 31825.953),(125.5 32270.436),(126.5 30468.879),(127.5 31481.709),(128.5 29542.248),(129.5 27798.69),(130.5 27921.002),(131.5 26236.303),(132.5 26912.008),(133.5 25303.91),(134.5 26559.422),(135.5 24410.861),(136.5 24795.453),(137.5 25433.83),(138.5 24067.967),(139.5 23340.373),(140.5 22196.568),(141.5 22347.977),(142.5 22945.055),(143.5 22200.156),(144.5 22128.469),(145.5 19739.67),(146.5 19458.246),(147.5 18924.674),(148.5 18573.89),(149.5 18273.086),(150.5 18908.748),(151.5 18228.506),(152.5 17018.705),(153.5 16662.693),(154.5 16824.357),(155.5 16255.755),(156.5 16794.727),(157.5 16752.389),(158.5 16504.316),(159.5 15999.276),(160.5 15483.472),(161.5 13277.037),(162.5 13083.534),(163.5 13402.755),(164.5 12926.561),(165.5 12943.457),(166.5 13295.458),(167.5 13219.67),(168.5 12618.491),(169.5 11956.137),(170.5 12199.764),(171.5 11787.092),(172.5 11158.819),(173.5 11375.984),(174.5 11129.143),(175.5 11300.068),(176.5 10621.958),(177.5 10503.576),(178.5 9985.15),(179.5 9670.106),(180.5 9672.036),(181.5 9038.012),(182.5 9303.915),(183.5 8708.24),(184.5 8933.828),(185.5 8369.882),(186.5 8445.673),(187.5 8756.264),(188.5 8386.932),(189.5 7884.8643),(190.5 7735.1563),(191.5 7424.1606),(192.5 7513.6177),(193.5 7277.438),(194.5 7114.1323),(195.5 7236.7915),(196.5 7251.222),(197.5 7238.0596),(198.5 7076.1836),(199.5 6601.4434),(200.5 6271.686),(201.5 6352.842),(202.5 6588.1675),(203.5 6447.0405),(204.5 6488.405),(205.5 6137.8623),(206.5 5879.086),(207.5 5857.0205),(208.5 5757.8213),(209.5 5491.809),(210.5 5336.7476),(211.5 5269.312),(212.5 5041.306),(213.5 5031.516),(214.5 4883.7627),(215.5 4805.9097),(216.5 4812.329),(217.5 4708.3813),(218.5 4834.9453),(219.5 4485.475),(220.5 4427.1206),(221.5 4613.6543),(222.5 4599.7505),(223.5 4660.7285),(224.5 4114.613),(225.5 4137.725),(226.5 3850.3774),(227.5 3731.8599),(228.5 3700.8389),(229.5 3617.6565),(230.5 3861.8582),(231.5 3776.4565),(232.5 3613.8896),(233.5 3492.2378),(234.5 3468.9631),(235.5 3399.42),(236.5 3335.11),(237.5 3210.0244),(238.5 3258.862),(239.5 3247.1672),(240.5 3231.472),(241.5 3080.577),(242.5 3093.6592),(243.5 2987.1956),(244.5 2897.0808),(245.5 2985.7288),(246.5 2832.305),(247.5 2862.1328),(248.5 2756.1658),(249.5 2627.5435),(250.5 2557.676),(251.5 2503.3242),(252.5 2562.6511),(253.5 2470.4468),(254.5 2439.8577),(255.5 2369.662),(256.5 2307.2554),(257.5 2347.2734),(258.5 2361.2314),(259.5 2357.856),(260.5 2270.013),(261.5 2204.7273),(262.5 2114.9316),(263.5 2047.2539),(264.5 2020.2688),(265.5 1965.7361),(266.5 2024.4252),(267.5 2017.2041),(268.5 1907.7906),(269.5 1924.5938),(270.5 1887.1497),(271.5 1871.5382),(272.5 1855.6163),(273.5 1796.6118),(274.5 1771.0803),(275.5 1716.8518),(276.5 1708.5043),(277.5 1679.2651),(278.5 1647.0211),(279.5 1596.1941),(280.5 1574.0149),(281.5 1573.6073),(282.5 1482.9177),(283.5 1539.8511),(284.5 1533.841),(285.5 1518.9059),(286.5 1473.4221),(287.5 1368.7205),(288.5 1363.001),(289.5 1380.7223),(290.5 1380.6881),(291.5 1385.1958),(292.5 1297.1027),(293.5 1290.6006),(294.5 1282.5172),(295.5 1269.4097),(296.5 1230.2648),(297.5 1202.1862),(298.5 1172.2031),(299.5 1155.142),(300.5 1120.8483),(301.5 1153.5343),(302.5 1136.1984),(303.5 1119.744),(304.5 1076.5924),(305.5 1055.0225),(306.5 1021.76086),(307.5 1034.7804),(308.5 1040.8965),(309.5 1001.1348),(310.5 1026.3046),(311.5 1010.0976),(312.5 970.5403),(313.5 941.86346),(314.5 924.89716),(315.5 894.3737),(316.5 899.67834),(317.5 871.74304),(318.5 869.4596),(319.5 848.2593),(320.5 831.9025),(321.5 852.97235),(322.5 805.8378),(323.5 824.2188),(324.5 795.55554),(325.5 789.85297),(326.5 781.02484),(327.5 776.5874),(328.5 754.65216),(329.5 780.3043),(330.5 727.9253),(331.5 718.8793),(332.5 717.50793),(333.5 684.224),(334.5 671.4171),(335.5 646.9473),(336.5 643.8972),(337.5 635.78906),(338.5 623.7106),(339.5 625.7873),(340.5 611.525),(341.5 590.1305),(342.5 596.20355),(343.5 589.98206),(344.5 595.2063),(345.5 563.5765),(346.5 566.4442),(347.5 548.80865),(348.5 543.4543),(349.5 530.6933),(350.5 537.6985),(351.5 525.76715),(352.5 513.9331),(353.5 516.9362),(354.5 506.85962),(355.5 483.83325),(356.5 487.66852),(357.5 464.4629),(358.5 474.3032),(359.5 481.34872),(360.5 460.61368),(361.5 460.86548),(362.5 451.6244),(363.5 434.76593),(364.5 436.03845),(365.5 433.90546),(366.5 429.5938),(367.5 396.73657),(368.5 400.0839),(369.5 393.58972),(370.5 383.79895),(371.5 382.1114),(372.5 379.8304),(373.5 378.49646),(374.5 375.24695),(375.5 363.37994),(376.5 361.3036),(377.5 356.25076),(378.5 348.08008),(379.5 343.4505),(380.5 344.02716),(381.5 337.12653),(382.5 336.5448),(383.5 337.98236),(384.5 326.5164),(385.5 321.2955),(386.5 313.33328),(387.5 304.2186),(388.5 302.86163),(389.5 297.98697),(390.5 299.6819),(391.5 293.28638),(392.5 290.42072),(393.5 284.05145),(394.5 283.50534),(395.5 289.31924),(396.5 276.37357),(397.5 278.81088),(398.5 269.57202),(399.5 268.52826),(400.5 261.93958),(401.5 264.9745),(402.5 254.39577),(403.5 245.67299),(404.5 243.72333),(405.5 248.81482),(406.5 242.78476),(407.5 240.6598),(408.5 236.5329),(409.5 236.24973),(410.5 231.03888),(411.5 223.25725),(412.5 222.14355),(413.5 218.35721),(414.5 211.9755),(415.5 211.40955),(416.5 207.96132),(417.5 212.65466),(418.5 214.96326),(419.5 201.83517),(420.5 200.73784),(421.5 195.59521),(422.5 198.04622),(423.5 183.92569),(424.5 188.33585),(425.5 188.52652),(426.5 185.33263),(427.5 186.4193),(428.5 178.64418),(429.5 177.03465),(430.5 174.01845),(431.5 170.90373),(432.5 167.94781),(433.5 172.632),(434.5 168.37444),(435.5 172.45363),(436.5 161.00941),(437.5 164.9825),(438.5 165.10257),(439.5 156.22916),(440.5 159.1273),(441.5 160.45595),(442.5 158.91626),(443.5 149.82655),(444.5 149.4121),(445.5 151.0675),(446.5 148.71521),(447.5 147.31812),(448.5 151.34816),(449.5 138.56163),(450.5 140.307),(451.5 140.08109),(452.5 137.35468),(453.5 140.97028),(454.5 138.92621),(455.5 136.15842),(456.5 135.34341),(457.5 134.23137),(458.5 131.77435),(459.5 131.6635),(460.5 134.70364),(461.5 126.21447),(462.5 129.4896),(463.5 127.86263),(464.5 126.068115),(465.5 126.215294),(466.5 125.58674),(467.5 125.40409),(468.5 121.26162),(469.5 122.994415),(470.5 121.59935),(471.5 118.873634),(472.5 119.38265),(473.5 119.22852),(474.5 120.46887),(475.5 117.86388),(476.5 115.694435),(477.5 115.53871),(478.5 113.65181),(479.5 111.99597),(480.5 113.63967),(481.5 111.49525),(482.5 113.30596),(483.5 108.46113),(484.5 114.3636),(485.5 108.302315),(486.5 112.77169),(487.5 107.55675),(488.5 106.23193),(489.5 108.23527),(490.5 108.27568),(491.5 105.38533),(492.5 109.06315),(493.5 106.60924),(494.5 107.84359),(495.5 104.35516),(496.5 108.02184),(497.5 107.24903),(498.5 104.96234),(499.5 105.7943),
(1.5 3837748),(2.5 4541115),(3.5 6358414.5),(4.5 5522677.5),(5.5 8568175),(6.5 9287958),(7.5 8750849),(8.5 8004082),(9.5 6362927),(10.5 6921067),(11.5 5187852),(12.5 6768248.5),(13.5 5870630),(14.5 5002241.5),(15.5 5114144),(16.5 4102170),(17.5 3961780),(18.5 3035968),(19.5 2635366.5),(20.5 2530990),(21.5 2713588.8),(22.5 2711579.5),(23.5 2241049),(24.5 2234024.3),(25.5 1820525.9),(26.5 1499749.8),(27.5 1566819.6),(28.5 1479248.6),(29.5 1391132.5),(30.5 1284046),(31.5 1188473.8),(32.5 991543.6),(33.5 1102493.6),(34.5 893148),(35.5 773462.5),(36.5 743856.5),(37.5 784803.8),(38.5 693383.94),(39.5 635190.5),(40.5 655061.06),(41.5 556703.9),(42.5 572577.2),(43.5 586813.5),(44.5 573295.75),(45.5 410632.06),(46.5 422471.38),(47.5 420555.44),(48.5 439684.56),(49.5 424551.72),(50.5 329495.53),(51.5 378587.06),(52.5 354522.38),(53.5 258910.58),(54.5 269847.06),(55.5 299439.13),(56.5 252391.95),(57.5 232895.08),(58.5 233655.22),(59.5 227180.8),(60.5 213050.64),(61.5 228400.84),(62.5 216879.92),(63.5 198579.95),(64.5 204950.53),(65.5 190158.48),(66.5 179080.39),(67.5 175902.2),(68.5 141252.61),(69.5 146551.8),(70.5 148743.05),(71.5 156972.42),(72.5 147393.2),(73.5 166439.86),(74.5 148748.34),(75.5 137913.08),(76.5 125644.47),(77.5 122158.68),(78.5 119804.33),(79.5 120756.39),(80.5 123551.58),(81.5 122769.87),(82.5 106292.766),(83.5 101262.695),(84.5 94402.836),(85.5 88487.65),(86.5 89262.55),(87.5 80274.85),(88.5 84956.86),(89.5 81519.42),(90.5 87863.29),(91.5 76118.086),(92.5 72885.27),(93.5 69588.11),(94.5 63074.414),(95.5 65601.914),(96.5 65186.805),(97.5 65123.35),(98.5 62077.523),(99.5 59098.086),(100.5 60272.527),(101.5 59767),(102.5 60768.89),(103.5 57401.742),(104.5 57250.684),(105.5 53960.867),(106.5 50317.48),(107.5 49582.36),(108.5 50497.207),(109.5 49753.758),(110.5 49450.176),(111.5 44048.945),(112.5 43402.496),(113.5 40521.406),(114.5 38777.81),(115.5 35449.65),(116.5 37058.66),(117.5 36793.88),(118.5 35123.86),(119.5 34698.496),(120.5 34491.613),(121.5 32683.523),(122.5 33185.957),(123.5 34268.88),(124.5 31598.37),(125.5 32509.172),(126.5 30402.643),(127.5 31272.459),(128.5 29730.502),(129.5 27994.52),(130.5 28211.303),(131.5 26471.98),(132.5 27088.03),(133.5 25506.953),(134.5 26553.469),(135.5 24316.07),(136.5 24681.303),(137.5 25074.13),(138.5 23784.512),(139.5 23351.32),(140.5 22126.496),(141.5 22096.635),(142.5 22875.32),(143.5 22134.54),(144.5 22147.043),(145.5 19808.268),(146.5 19670.129),(147.5 19212.648),(148.5 18718.395),(149.5 18437.33),(150.5 19012.604),(151.5 18175.373),(152.5 17231.994),(153.5 16982.432),(154.5 17018.563),(155.5 16358.749),(156.5 16667.36),(157.5 16701.691),(158.5 16635.709),(159.5 16187.286),(160.5 15401.585),(161.5 13374.985),(162.5 13273.161),(163.5 13465.105),(164.5 13118.155),(165.5 13003.335),(166.5 13357.357),(167.5 13301.853),(168.5 12618.633),(169.5 11860.42),(170.5 12182.402),(171.5 11707.663),(172.5 11041.499),(173.5 11474.569),(174.5 11183.023),(175.5 11299.826),(176.5 10749.069),(177.5 10452.698),(178.5 9929.874),(179.5 9723.125),(180.5 9581.606),(181.5 8925.533),(182.5 9204.45),(183.5 8667.406),(184.5 8953.402),(185.5 8460.937),(186.5 8449.693),(187.5 8750.988),(188.5 8434.119),(189.5 7956.69),(190.5 7842.904),(191.5 7364.9253),(192.5 7493.5776),(193.5 7266.6636),(194.5 7117.249),(195.5 7203.604),(196.5 7261.2764),(197.5 7196.0806),(198.5 7055.0845),(199.5 6593.235),(200.5 6218.632),(201.5 6406.9414),(202.5 6625.742),(203.5 6525.427),(204.5 6554.7754),(205.5 6166.329),(206.5 5885.2505),(207.5 5843.973),(208.5 5729.7085),(209.5 5426.631),(210.5 5290.203),(211.5 5237.3896),(212.5 5017.781),(213.5 5020.933),(214.5 4924.4736),(215.5 4778.1426),(216.5 4763.008),(217.5 4745.4307),(218.5 4886.725),(219.5 4524.198),(220.5 4444.079),(221.5 4617.0044),(222.5 4634.373),(223.5 4709.815),(224.5 4161.6743),(225.5 4148.9897),(226.5 3870.228),(227.5 3732.3962),(228.5 3694.8884),(229.5 3592.6484),(230.5 3891.443),(231.5 3786.0698),(232.5 3579.558),(233.5 3479.628),(234.5 3475.9065),(235.5 3428.3916),(236.5 3349.1123),(237.5 3236.831),(238.5 3242.7253),(239.5 3189.7168),(240.5 3205.544),(241.5 3128.1243),(242.5 3125.127),(243.5 2997.2473),(244.5 2897.1443),(245.5 3034.0732),(246.5 2850.1035),(247.5 2886.4128),(248.5 2745.2773),(249.5 2616.26),(250.5 2552.6365),(251.5 2488.5825),(252.5 2544.1506),(253.5 2469.0432),(254.5 2428.5564),(255.5 2370.6653),(256.5 2300.8152),(257.5 2341.6335),(258.5 2358.8289),(259.5 2353.9287),(260.5 2269.634),(261.5 2195.8684),(262.5 2107.6704),(263.5 2047.4633),(264.5 2028.4249),(265.5 1961.598),(266.5 2014.8765),(267.5 1991.714),(268.5 1891.1202),(269.5 1908.3027),(270.5 1868.3993),(271.5 1860.0059),(272.5 1859.6864),(273.5 1802.7855),(274.5 1774.0774),(275.5 1702.1178),(276.5 1706.286),(277.5 1683.9515),(278.5 1649.1727),(279.5 1569.7637),(280.5 1565.745),(281.5 1575.4286),(282.5 1486.4834),(283.5 1538.8564),(284.5 1532.8961),(285.5 1514.2354),(286.5 1467.31),(287.5 1384.067),(288.5 1365.1029),(289.5 1387.4532),(290.5 1371.7028),(291.5 1376.5375),(292.5 1304.2157),(293.5 1290.1456),(294.5 1288.6825),(295.5 1270.0524),(296.5 1238.5582),(297.5 1204.4379),(298.5 1182.3274),(299.5 1154.8932),(300.5 1107.4994),(301.5 1140.8542),(302.5 1127.4331),(303.5 1119.0853),(304.5 1076.2563),(305.5 1055.5295),(306.5 1020.97766),(307.5 1028.4252),(308.5 1033.8046),(309.5 988.8105),(310.5 1018.60895),(311.5 1001.1922),(312.5 971.2813),(313.5 943.69214),(314.5 916.623),(315.5 891.7356),(316.5 896.65265),(317.5 870.34875),(318.5 864.1512),(319.5 843.69),(320.5 832.28064),(321.5 854.7072),(322.5 802.4762),(323.5 822.9457),(324.5 787.9294),(325.5 788.34393),(326.5 771.6471),(327.5 761.5997),(328.5 752.0445),(329.5 777.0481),(330.5 722.249),(331.5 715.2359),(332.5 707.7768),(333.5 683.41034),(334.5 672.90497),(335.5 645.3812),(336.5 649.7931),(337.5 640.3392),(338.5 625.80286),(339.5 624.72736),(340.5 607.1378),(341.5 587.61487),(342.5 594.7093),(343.5 592.70795),(344.5 594.8351),(345.5 561.12604),(346.5 568.7912),(347.5 542.36176),(348.5 543.8174),(349.5 539.54315),(350.5 540.5566),(351.5 527.79144),(352.5 518.4199),(353.5 515.6498),(354.5 502.3491),(355.5 483.93057),(356.5 487.2956),(357.5 465.29407),(358.5 473.63547),(359.5 478.9106),(360.5 463.81293),(361.5 460.62103),(362.5 448.07382),(363.5 431.28384),(364.5 428.24594),(365.5 429.9397),(366.5 424.64938),(367.5 399.80365),(368.5 399.35156),(369.5 386.2274),(370.5 377.85394),(371.5 378.4588),(372.5 378.17014),(373.5 375.46088),(374.5 372.98935),(375.5 360.15894),(376.5 362.0964),(377.5 352.98807),(378.5 348.96808),(379.5 343.19202),(380.5 344.63568),(381.5 336.63083),(382.5 337.88785),(383.5 339.9116),(384.5 327.0241),(385.5 320.54654),(386.5 312.93298),(387.5 306.23468),(388.5 303.03162),(389.5 297.28918),(390.5 300.26285),(391.5 290.8151),(392.5 289.29947),(393.5 281.5518),(394.5 279.04376),(395.5 289.35638),(396.5 274.87308),(397.5 277.21957),(398.5 269.6133),(399.5 268.2039),(400.5 262.0827),(401.5 265.36853),(402.5 254.76472),(403.5 245.46648),(404.5 243.60321),(405.5 249.7378),(406.5 243.4407),(407.5 237.37656),(408.5 236.92041),(409.5 235.65845),(410.5 230.10843),(411.5 223.95004),(412.5 221.76302),(413.5 219.09354),(414.5 210.9585),(415.5 212.00313),(416.5 207.4592),(417.5 213.48999),(418.5 214.0331),(419.5 200.90567),(420.5 201.30682),(421.5 192.85867),(422.5 197.71819),(423.5 183.34431),(424.5 187.86932),(425.5 187.57956),(426.5 187.71921),(427.5 187.05725),(428.5 179.33704),(429.5 177.49095),(430.5 174.20023),(431.5 171.40761),(432.5 169.34308),(433.5 173.77527),(434.5 167.95949),(435.5 171.82448),(436.5 161.3156),(437.5 164.16173),(438.5 164.90347),(439.5 156.55373),(440.5 156.95358),(441.5 157.87115),(442.5 157.89165),(443.5 149.368),(444.5 147.90517),(445.5 150.21176),(446.5 147.93011),(447.5 146.96205),(448.5 150.3471),(449.5 138.31537),(450.5 140.23563),(451.5 139.48361),(452.5 137.35129),(453.5 140.43903),(454.5 138.55893),(455.5 136.78546),(456.5 134.06798),(457.5 132.99547),(458.5 131.43086),(459.5 130.70464),(460.5 133.55829),(461.5 125.294174),(462.5 128.91194),(463.5 126.942535),(464.5 124.91687),(465.5 126.55245),(466.5 125.65617),(467.5 124.66269),(468.5 121.63755),(469.5 122.88758),(470.5 120.58443),(471.5 118.40804),(472.5 118.97192),(473.5 119.56288),(474.5 120.17412),(475.5 118.08186),(476.5 115.87059),(477.5 115.83596),(478.5 112.77532),(479.5 110.76302),(480.5 113.65874),(481.5 112.46332),(482.5 114.07115),(483.5 108.81774),(484.5 113.549866),(485.5 107.93981),(486.5 112.173),(487.5 107.40235),(488.5 105.94462),(489.5 107.81103),(490.5 108.06954),(491.5 105.27178),(492.5 109.255844),(493.5 106.28196),(494.5 108.69528),(495.5 105.046036),(496.5 109.028755),(497.5 107.320854),(498.5 103.59279),(499.5 105.97214),
(1.5 3977270.8),(2.5 4703069),(3.5 6671633.5),(4.5 5759901.5),(5.5 8970492),(6.5 9581195),(7.5 8942187),(8.5 8159824.5),(9.5 6515569.5),(10.5 7115615),(11.5 5309086.5),(12.5 6853236),(13.5 6009561.5),(14.5 5032031.5),(15.5 5117072.5),(16.5 4082203.8),(17.5 3986897.5),(18.5 3040717.3),(19.5 2660602),(20.5 2532620.5),(21.5 2715204),(22.5 2739082),(23.5 2270565),(24.5 2235163.3),(25.5 1847640.9),(26.5 1510025.4),(27.5 1580985.1),(28.5 1488986.5),(29.5 1402514),(30.5 1286640.1),(31.5 1195154.6),(32.5 988465.6),(33.5 1105773.8),(34.5 904170.1),(35.5 783319.1),(36.5 747311.2),(37.5 797550.6),(38.5 703488.25),(39.5 647779.44),(40.5 654410.6),(41.5 556538.06),(42.5 566559.3),(43.5 585603.06),(44.5 570115),(45.5 405696.16),(46.5 422053.75),(47.5 416108.75),(48.5 445507.66),(49.5 429994.2),(50.5 330179.8),(51.5 380493.34),(52.5 356554.03),(53.5 264811.2),(54.5 274838.84),(55.5 300429.34),(56.5 253097.72),(57.5 237686.4),(58.5 235850.9),(59.5 229318.66),(60.5 214334.72),(61.5 230598.73),(62.5 219302.5),(63.5 198328.81),(64.5 205270.7),(65.5 190272.45),(66.5 178461.72),(67.5 176073.28),(68.5 142770.84),(69.5 145712),(70.5 147305.98),(71.5 157597.31),(72.5 147403.98),(73.5 166868.13),(74.5 149799.17),(75.5 137544.14),(76.5 123286.62),(77.5 121820.94),(78.5 118618.01),(79.5 119550.29),(80.5 123398.58),(81.5 121760.63),(82.5 105651.17),(83.5 100393.25),(84.5 95100.164),(85.5 88398.74),(86.5 89228.8),(87.5 80383.35),(88.5 84722.88),(89.5 82194.76),(90.5 87986.38),(91.5 75804.51),(92.5 72644.195),(93.5 69479.734),(94.5 62476.695),(95.5 64508.26),(96.5 65321.83),(97.5 65422.773),(98.5 63308.09),(99.5 59494.41),(100.5 60991.95),(101.5 60832.254),(102.5 61070.418),(103.5 58246.99),(104.5 57893.973),(105.5 53869.39),(106.5 50724.313),(107.5 49797.92),(108.5 50669.52),(109.5 50117.61),(110.5 49812.703),(111.5 44209.074),(112.5 43610.875),(113.5 40565.188),(114.5 38866.52),(115.5 35820.832),(116.5 37263.266),(117.5 36483.24),(118.5 34849.44),(119.5 34245.92),(120.5 34117.242),(121.5 32761.355),(122.5 33836.223),(123.5 33979.996),(124.5 31586.604),(125.5 32659.912),(126.5 30097.934),(127.5 31031.992),(128.5 29856.07),(129.5 27986.398),(130.5 28308.025),(131.5 26475.201),(132.5 27037.701),(133.5 25519.334),(134.5 26354.418),(135.5 24145.68),(136.5 24235.44),(137.5 24570.443),(138.5 23731.723),(139.5 23194.436),(140.5 22023.943),(141.5 22212.408),(142.5 23118.887),(143.5 22163.115),(144.5 22144.824),(145.5 20053.967),(146.5 20019.9),(147.5 19419.246),(148.5 18849.951),(149.5 18591.404),(150.5 19128.121),(151.5 18169.514),(152.5 17432.467),(153.5 17363.475),(154.5 17170.908),(155.5 16478.336),(156.5 16594.662),(157.5 16592.844),(158.5 16506.436),(159.5 16123.459),(160.5 15195.201),(161.5 13405.181),(162.5 13300.261),(163.5 13447.965),(164.5 13159.432),(165.5 12952.743),(166.5 13354.16),(167.5 13336.836),(168.5 12589.357),(169.5 11721.116),(170.5 12225.903),(171.5 11631.473),(172.5 11054.812),(173.5 11535.17),(174.5 11202.0625),(175.5 11322.529),(176.5 10758.389),(177.5 10361.527),(178.5 9975.343),(179.5 9764.696),(180.5 9557.146),(181.5 8907.072),(182.5 9102.042),(183.5 8711.983),(184.5 8968.848),(185.5 8522.693),(186.5 8404.522),(187.5 8649.699),(188.5 8415.746),(189.5 8022.44),(190.5 7918.107),(191.5 7366.5674),(192.5 7548.957),(193.5 7300.2705),(194.5 7118.316),(195.5 7239.6533),(196.5 7286.995),(197.5 7148.606),(198.5 6976.3115),(199.5 6575.0728),(200.5 6222.361),(201.5 6455.51),(202.5 6637.486),(203.5 6599.1074),(204.5 6539.9355),(205.5 6135.954),(206.5 5843.41),(207.5 5807.9565),(208.5 5716.055),(209.5 5409.283),(210.5 5310.8223),(211.5 5249.0337),(212.5 5063.1313),(213.5 5035.5596),(214.5 4909.468),(215.5 4785.7695),(216.5 4720.0996),(217.5 4733.6724),(218.5 4895.5474),(219.5 4505.69),(220.5 4398.6826),(221.5 4625.642),(222.5 4605.226),(223.5 4714.8184),(224.5 4213.3066),(225.5 4143.7026),(226.5 3859.139),(227.5 3714.094),(228.5 3700.3389),(229.5 3574.399),(230.5 3936.453),(231.5 3788.4675),(232.5 3576.6873),(233.5 3448.366),(234.5 3497.5303),(235.5 3471.0293),(236.5 3393.3335),(237.5 3262.893),(238.5 3261.465),(239.5 3187.085),(240.5 3197.5308),(241.5 3159.2922),(242.5 3148.8164),(243.5 2996.8904),(244.5 2892.3035),(245.5 3043.8445),(246.5 2807.5842),(247.5 2847.5498),(248.5 2725.5942),(249.5 2596.7402),(250.5 2554.158),(251.5 2495.0818),(252.5 2537.1052),(253.5 2461.7766),(254.5 2399.38),(255.5 2359.952),(256.5 2283.6003),(257.5 2344.873),(258.5 2343.6807),(259.5 2344.173),(260.5 2254.732),(261.5 2181.1252),(262.5 2096.9834),(263.5 2054.1982),(264.5 2021.2368),(265.5 1955.9808),(266.5 2013.9683),(267.5 1982.7101),(268.5 1872.9242),(269.5 1900.384),(270.5 1857.9932),(271.5 1851.1456),(272.5 1858.1885),(273.5 1812.3176),(274.5 1771.2095),(275.5 1706.4956),(276.5 1723.6489),(277.5 1678.4741),(278.5 1643.8507),(279.5 1560.7649),(280.5 1542.9219),(281.5 1570.5651),(282.5 1499.3446),(283.5 1554.2024),(284.5 1535.3832),(285.5 1512.0287),(286.5 1470.5388),(287.5 1382.5428),(288.5 1361.7297),(289.5 1405.72),(290.5 1380.9376),(291.5 1367.5516),(292.5 1295.1681),(293.5 1281.8235),(294.5 1279.399),(295.5 1273.4368),(296.5 1245.3787),(297.5 1216.2975),(298.5 1192.4021),(299.5 1159.1313),(300.5 1112.6813),(301.5 1145.0963),(302.5 1135.209),(303.5 1131.8053),(304.5 1087.1865),(305.5 1076.4146),(306.5 1028.3464),(307.5 1027.452),(308.5 1028.3145),(309.5 980.3991),(310.5 1022.3729),(311.5 1005.11914),(312.5 975.4876),(313.5 944.26874),(314.5 913.6918),(315.5 890.87476),(316.5 895.29193),(317.5 869.09503),(318.5 858.23425),(319.5 836.04785),(320.5 830.22516),(321.5 856.5133),(322.5 803.8529),(323.5 828.54895),(324.5 794.3507),(325.5 788.22925),(326.5 763.99835),(327.5 771.11237),(328.5 754.66516),(329.5 775.4348),(330.5 720.259),(331.5 709.94794),(332.5 699.8201),(333.5 680.47876),(334.5 668.68195),(335.5 649.7652),(336.5 656.2777),(337.5 644.5869),(338.5 631.18396),(339.5 626.03534),(340.5 605.6765),(341.5 589.18915),(342.5 595.67456),(343.5 590.809),(344.5 589.1761),(345.5 561.94574),(346.5 567.3291),(347.5 544.4778),(348.5 548.1664),(349.5 536.6442),(350.5 540.4769),(351.5 531.7785),(352.5 516.9472),(353.5 514.27026),(354.5 502.2173),(355.5 486.91028),(356.5 489.69208),(357.5 468.3874),(358.5 477.45084),(359.5 480.12662),(360.5 463.22937),(361.5 458.64987),(362.5 449.3213),(363.5 431.23764),(364.5 425.30664),(365.5 427.61456),(366.5 422.6694),(367.5 401.549),(368.5 400.85938),(369.5 386.5338),(370.5 378.26523),(371.5 378.69406),(372.5 376.90112),(373.5 374.3051),(374.5 371.361),(375.5 362.2696),(376.5 358.60526),(377.5 352.5017),(378.5 348.9337),(379.5 344.96198),(380.5 347.3706),(381.5 337.52887),(382.5 334.4768),(383.5 336.92307),(384.5 327.0481),(385.5 320.59958),(386.5 311.4503),(387.5 307.18054),(388.5 304.29132),(389.5 294.48175),(390.5 297.71454),(391.5 286.5902),(392.5 291.02133),(393.5 284.3109),(394.5 281.0703),(395.5 289.90967),(396.5 272.1472),(397.5 279.00623),(398.5 269.40402),(399.5 270.88754),(400.5 264.5094),(401.5 263.05963),(402.5 253.31667),(403.5 244.06541),(404.5 244.59569),(405.5 249.75804),(406.5 243.12305),(407.5 237.71463),(408.5 235.53642),(409.5 233.793),(410.5 229.02371),(411.5 223.66794),(412.5 221.7878),(413.5 220.26878),(414.5 210.49046),(415.5 210.21039),(416.5 206.23006),(417.5 211.93427),(418.5 211.79488),(419.5 200.71188),(420.5 200.17218),(421.5 191.47244),(422.5 196.24973),(423.5 185.78415),(424.5 188.43257),(425.5 188.96654),(426.5 188.26657),(427.5 185.05771),(428.5 180.43413),(429.5 177.3006),(430.5 173.62964),(431.5 171.48096),(432.5 169.32393),(433.5 173.45668),(434.5 168.73076),(435.5 171.52205),(436.5 160.67332),(437.5 163.15295),(438.5 164.7773),(439.5 157.34103),(440.5 157.99506),(441.5 158.5763),(442.5 157.48924),(443.5 149.60396),(444.5 147.2659),(445.5 150.42592),(446.5 148.2864),(447.5 146.47609),(448.5 150.06812),(449.5 138.34024),(450.5 140.33156),(451.5 140.10173),(452.5 137.16837),(453.5 140.5351),(454.5 137.3305),(455.5 136.24539),(456.5 134.24385),(457.5 132.604),(458.5 129.03085),(459.5 129.88707),(460.5 132.51393),(461.5 125.902435),(462.5 128.20943),(463.5 126.13838),(464.5 124.07179),(465.5 126.13872),(466.5 125.66626),(467.5 124.00915),(468.5 122.77461),(469.5 121.55563),(470.5 120.3658),(471.5 117.53563),(472.5 118.03171),(473.5 119.228806),(474.5 120.40507),(475.5 118.044716),(476.5 116.68899),(477.5 115.7937),(478.5 112.25207),(479.5 110.32114),(480.5 113.295746),(481.5 113.31725),(482.5 113.314705),(483.5 108.71147),(484.5 113.52065),(485.5 107.818596),(486.5 113.0826),(487.5 108.41054),(488.5 106.67883),(489.5 107.80122),(490.5 107.70053),(491.5 104.6215),(492.5 109.17092),(493.5 106.152954),(494.5 108.70399),(495.5 104.328674),(496.5 109.163734),(497.5 106.877914),(498.5 103.59102),(499.5 106.17025),
(1.5 4237085.5),(2.5 4934651),(3.5 6964297.5),(4.5 5977958),(5.5 9356301),(6.5 9873619),(7.5 9122029),(8.5 8305083.5),(9.5 6649117.5),(10.5 7294296),(11.5 5423396),(12.5 6932460.5),(13.5 6138273.5),(14.5 5059204.5),(15.5 5102484.5),(16.5 4061383.5),(17.5 4014103.3),(18.5 3046373.8),(19.5 2692392.3),(20.5 2534835.8),(21.5 2714346.8),(22.5 2770967.5),(23.5 2292269.5),(24.5 2232708),(25.5 1867942.4),(26.5 1523720.1),(27.5 1605732.3),(28.5 1496420.8),(29.5 1409054),(30.5 1282530.5),(31.5 1197884.9),(32.5 980483.75),(33.5 1109553.8),(34.5 914380.8),(35.5 792612.7),(36.5 752281),(37.5 810147.3),(38.5 713302.2),(39.5 659473.75),(40.5 653465.06),(41.5 555307.56),(42.5 561584.8),(43.5 583475.5),(44.5 565859.94),(45.5 401323.47),(46.5 423032.63),(47.5 413605.16),(48.5 452536.5),(49.5 435950.8),(50.5 331044.78),(51.5 381752.25),(52.5 358980.06),(53.5 271951.53),(54.5 279069.34),(55.5 301005.25),(56.5 251889.16),(57.5 242929.6),(58.5 237390.78),(59.5 230007.28),(60.5 214710.66),(61.5 232788.38),(62.5 220790.02),(63.5 197593.61),(64.5 204986.45),(65.5 188771.56),(66.5 177048.84),(67.5 176099.75),(68.5 143742.1),(69.5 144223.88),(70.5 146144.23),(71.5 157143),(72.5 146844.53),(73.5 167300.27),(74.5 151532.48),(75.5 137761.31),(76.5 122017.87),(77.5 122557.15),(78.5 117306.305),(79.5 118503.2),(80.5 121895.71),(81.5 120185.7),(82.5 104112.98),(83.5 99498.37),(84.5 95734.43),(85.5 88779.95),(86.5 89782.56),(87.5 80927.59),(88.5 85196.69),(89.5 82930.164),(90.5 87240.016),(91.5 75898.93),(92.5 72521.29),(93.5 69687.15),(94.5 62401.477),(95.5 64444.766),(96.5 65556.26),(97.5 65906.37),(98.5 64769.254),(99.5 60303.52),(100.5 62008.27),(101.5 61975.645),(102.5 61476.48),(103.5 59260.125),(104.5 58647.895),(105.5 54042.52),(106.5 51206.96),(107.5 50105.332),(108.5 50889.957),(109.5 50625.598),(110.5 50087.273),(111.5 43990.85),(112.5 43316.086),(113.5 40526.81),(114.5 39050.42),(115.5 36490.73),(116.5 37439.047),(117.5 36320.164),(118.5 34801.87),(119.5 33722.535),(120.5 33808.305),(121.5 32669.334),(122.5 33957.36),(123.5 33604.855),(124.5 31401.19),(125.5 32298.738),(126.5 29971.566),(127.5 30736.346),(128.5 29836.705),(129.5 27862.787),(130.5 28459.47),(131.5 26298.129),(132.5 27025.152),(133.5 25534.854),(134.5 26319.906),(135.5 23964.377),(136.5 23943.523),(137.5 24107.771),(138.5 23668.563),(139.5 23138.17),(140.5 22001.822),(141.5 22633.027),(142.5 23619.002),(143.5 22200.906),(144.5 22415.314),(145.5 20386.064),(146.5 20247.023),(147.5 19362.201),(148.5 18950.988),(149.5 18657.03),(150.5 19056.457),(151.5 18345.28),(152.5 17421.762),(153.5 17527.629),(154.5 17233.977),(155.5 16554.8),(156.5 16563.215),(157.5 16408.102),(158.5 16270.977),(159.5 16018.191),(160.5 15153.419),(161.5 13491.734),(162.5 13348.325),(163.5 13367.49),(164.5 13078.438),(165.5 12880.258),(166.5 13244.477),(167.5 13317.814),(168.5 12449.522),(169.5 11570.133),(170.5 12163.961),(171.5 11614.832),(172.5 11182.105),(173.5 11517.879),(174.5 11207.925),(175.5 11264.567),(176.5 10710.093),(177.5 10278.601),(178.5 10016.82),(179.5 9737.838),(180.5 9626.099),(181.5 8937.619),(182.5 8929.393),(183.5 8871.767),(184.5 9049.933),(185.5 8545.456),(186.5 8347.713),(187.5 8586.269),(188.5 8409.514),(189.5 8055.174),(190.5 7958.6387),(191.5 7513.3384),(192.5 7601.3467),(193.5 7294.1294),(194.5 7135.912),(195.5 7253.152),(196.5 7250.7446),(197.5 7114.0894),(198.5 6866.2),(199.5 6499.8223),(200.5 6270.7026),(201.5 6394.193),(202.5 6631.652),(203.5 6586.031),(204.5 6485.3887),(205.5 6081.727),(206.5 5827.888),(207.5 5772.8384),(208.5 5684.0796),(209.5 5340.83),(210.5 5289.5166),(211.5 5278.4785),(212.5 5096.764),(213.5 5086.888),(214.5 4930.308),(215.5 4806.3643),(216.5 4667.5654),(217.5 4750.236),(218.5 4916.6685),(219.5 4531.882),(220.5 4426.8965),(221.5 4562.8105),(222.5 4559.22),(223.5 4698.3496),(224.5 4182.6465),(225.5 4105.919),(226.5 3868.6716),(227.5 3737.4697),(228.5 3744.1099),(229.5 3621.3235),(230.5 3970.8062),(231.5 3806.2583),(232.5 3588.5857),(233.5 3484.4248),(234.5 3516.9592),(235.5 3499.1292),(236.5 3421.0513),(237.5 3278.7231),(238.5 3282.532),(239.5 3190.4463),(240.5 3221.8076),(241.5 3165.9873),(242.5 3134.9375),(243.5 2987.2454),(244.5 2914.8782),(245.5 3052.2427),(246.5 2783.1892),(247.5 2812.9148),(248.5 2732.962),(249.5 2606.4207),(250.5 2538.2595),(251.5 2481.0818),(252.5 2528.7124),(253.5 2469.5657),(254.5 2389.9302),(255.5 2340.9807),(256.5 2262.0234),(257.5 2344.0073),(258.5 2327.1309),(259.5 2345.8687),(260.5 2250.4392),(261.5 2187.5242),(262.5 2096.0762),(263.5 2059.6406),(264.5 2025.2155),(265.5 1960.4443),(266.5 1980.2458),(267.5 1952.1956),(268.5 1863.1083),(269.5 1905.7606),(270.5 1856.0269),(271.5 1845.69),(272.5 1853.9204),(273.5 1825.7933),(274.5 1775.2734),(275.5 1699.9296),(276.5 1709.3502),(277.5 1655.1587),(278.5 1629.3784),(279.5 1563.0625),(280.5 1525.4384),(281.5 1561.4813),(282.5 1515.4097),(283.5 1556.1605),(284.5 1540.8048),(285.5 1518.793),(286.5 1465.1799),(287.5 1397.4492),(288.5 1358.6852),(289.5 1406.4033),(290.5 1381.4972),(291.5 1363.3298),(292.5 1290.8131),(293.5 1275.6482),(294.5 1286.799),(295.5 1269.733),(296.5 1242.8978),(297.5 1217.1772),(298.5 1186.1125),(299.5 1162.0515),(300.5 1110.4843),(301.5 1138.4229),(302.5 1128.8381),(303.5 1118.6809),(304.5 1089.3807),(305.5 1079.1078),(306.5 1028.753),(307.5 1023.58777),(308.5 1022.1694),(309.5 986.6639),(310.5 1018.5227),(311.5 1010.99493),(312.5 978.7088),(313.5 935.85333),(314.5 907.7051),(315.5 888.76086),(316.5 893.99896),(317.5 871.373),(318.5 852.9149),(319.5 823.8178),(320.5 832.63025),(321.5 854.14484),(322.5 805.94666),(323.5 823.7582),(324.5 799.0572),(325.5 787.2406),(326.5 756.72003),(327.5 762.1251),(328.5 757.9317),(329.5 769.97974),(330.5 719.39526),(331.5 715.098),(332.5 698.74005),(333.5 679.50665),(334.5 664.6278),(335.5 650.59454),(336.5 657.35596),(337.5 641.1883),(338.5 632.83777),(339.5 632.9231),(340.5 614.6684),(341.5 595.068),(342.5 596.7537),(343.5 589.59686),(344.5 589.83276),(345.5 561.7654),(346.5 564.0816),(347.5 543.43317),(348.5 544.84326),(349.5 540.4398),(350.5 541.26483),(351.5 531.3143),(352.5 515.2546),(353.5 511.57562),(354.5 502.6098),(355.5 487.27634),(356.5 490.41925),(357.5 467.04968),(358.5 482.35925),(359.5 482.52277),(360.5 458.2602),(361.5 456.82306),(362.5 448.03168),(363.5 433.26016),(364.5 424.7697),(365.5 424.6312),(366.5 417.5086),(367.5 401.2243),(368.5 405.918),(369.5 386.1625),(370.5 379.9521),(371.5 385.64932),(372.5 381.50452),(373.5 370.93488),(374.5 369.52478),(375.5 362.4458),(376.5 359.8765),(377.5 352.04187),(378.5 351.0075),(379.5 342.77948),(380.5 344.6307),(381.5 337.94083),(382.5 336.1941),(383.5 337.5297),(384.5 327.4892),(385.5 319.66202),(386.5 309.22168),(387.5 304.4875),(388.5 302.0548),(389.5 296.72955),(390.5 296.06122),(391.5 285.54617),(392.5 290.05212),(393.5 284.11655),(394.5 279.09344),(395.5 289.1677),(396.5 274.97192),(397.5 276.16562),(398.5 269.32452),(399.5 271.2906),(400.5 265.31076),(401.5 262.5783),(402.5 255.32124),(403.5 243.66425),(404.5 245.71977),(405.5 248.83403),(406.5 242.75998),(407.5 237.9099),(408.5 235.36095),(409.5 232.58725),(410.5 230.69855),(411.5 224.47751),(412.5 221.90222),(413.5 219.14793),(414.5 210.27533),(415.5 210.93669),(416.5 206.75362),(417.5 212.14574),(418.5 209.83334),(419.5 199.41992),(420.5 200.58447),(421.5 192.74939),(422.5 196.96161),(423.5 185.3981),(424.5 188.68336),(425.5 187.13194),(426.5 187.23665),(427.5 184.72012),(428.5 180.01204),(429.5 176.04987),(430.5 172.38316),(431.5 170.36598),(432.5 168.09288),(433.5 173.9887),(434.5 166.83705),(435.5 170.93362),(436.5 160.93396),(437.5 162.77026),(438.5 163.59253),(439.5 157.69582),(440.5 158.7786),(441.5 159.54147),(442.5 156.72794),(443.5 149.55672),(444.5 146.48961),(445.5 150.18492),(446.5 147.83386),(447.5 146.15956),(448.5 150.20653),(449.5 138.04831),(450.5 140.87877),(451.5 140.59201),(452.5 136.47768),(453.5 140.34608),(454.5 137.40236),(455.5 136.38792),(456.5 134.04164),(457.5 131.61406),(458.5 129.66069),(459.5 130.48637),(460.5 131.98921),(461.5 125.30139),(462.5 128.94833),(463.5 125.15915),(464.5 123.56657),(465.5 125.69126),(466.5 125.43261),(467.5 123.88265),(468.5 121.17102),(469.5 121.477455),(470.5 119.61459),(471.5 117.732635),(472.5 117.643684),(473.5 119.480354),(474.5 121.459526),(475.5 117.744064),(476.5 115.84654),(477.5 115.67234),(478.5 113.270676),(479.5 111.183876),(480.5 114.958244),(481.5 113.64695),(482.5 114.131004),(483.5 109.01324),(484.5 112.09441),(485.5 107.624374),(486.5 112.189255),(487.5 107.77685),(488.5 105.80934),(489.5 107.033195),(490.5 107.963806),(491.5 105.15834),(492.5 108.825485),(493.5 106.36639),(494.5 108.76903),(495.5 104.507225),(496.5 109.47104),(497.5 106.652336),(498.5 103.082954),(499.5 105.84837),
(1.5 4408317.5),(2.5 5077901),(3.5 7209298),(4.5 6215003),(5.5 9761386),(6.5 10160266),(7.5 9298370),(8.5 8442706),(9.5 6780532.5),(10.5 7474072),(11.5 5529779),(12.5 7003729.5),(13.5 6268090.5),(14.5 5081412),(15.5 5075833),(16.5 4039015),(17.5 4038241.8),(18.5 3050003),(19.5 2741085.8),(20.5 2542900),(21.5 2712859.3),(22.5 2799216.5),(23.5 2309080),(24.5 2230753),(25.5 1882979.9),(26.5 1541881.3),(27.5 1633068.6),(28.5 1498979),(29.5 1409781.6),(30.5 1274318.9),(31.5 1197298.9),(32.5 975508.2),(33.5 1113344.5),(34.5 920117.75),(35.5 801080.7),(36.5 755951.5),(37.5 818349.4),(38.5 718458.1),(39.5 669415.1),(40.5 653098.94),(41.5 551552.4),(42.5 556150.9),(43.5 577508.6),(44.5 561149.3),(45.5 401476.4),(46.5 425248.47),(47.5 412369.44),(48.5 458669.56),(49.5 440698.03),(50.5 333868.66),(51.5 384396.84),(52.5 359287.3),(53.5 278260.78),(54.5 282784.22),(55.5 302594.94),(56.5 250546.11),(57.5 247556.47),(58.5 236728.55),(59.5 229092.5),(60.5 214812.52),(61.5 235656.48),(62.5 222091.3),(63.5 196217.53),(64.5 202951.75),(65.5 186581.34),(66.5 174779.53),(67.5 176099.86),(68.5 144689.02),(69.5 142252.75),(70.5 146556.48),(71.5 158223.03),(72.5 147511.06),(73.5 168325.11),(74.5 152894.36),(75.5 137077.64),(76.5 119302.98),(77.5 122195.234),(78.5 115901.414),(79.5 117673.37),(80.5 120420.02),(81.5 118506.8),(82.5 102251.36),(83.5 99589.94),(84.5 96207.78),(85.5 88891.164),(86.5 90419.44),(87.5 82037.82),(88.5 85432.8),(89.5 83086.38),(90.5 85992.266),(91.5 76155.805),(92.5 72468.51),(93.5 70364.32),(94.5 62849.71),(95.5 64734.664),(96.5 66597.125),(97.5 66166.19),(98.5 65977.88),(99.5 61616.465),(100.5 63064.723),(101.5 62857.895),(102.5 61682.18),(103.5 60029.95),(104.5 58857.6),(105.5 54109.5),(106.5 51312.754),(107.5 50450.082),(108.5 50789.203),(109.5 50811.99),(110.5 49782.605),(111.5 43975.39),(112.5 42853.434),(113.5 40375.36),(114.5 39273.684),(115.5 37168.594),(116.5 37509.63),(117.5 35977.383),(118.5 34670.203),(119.5 33319.51),(120.5 33462.266),(121.5 32763.19),(122.5 33915.074),(123.5 33583.547),(124.5 30926.346),(125.5 31907.773),(126.5 29886.107),(127.5 30409.473),(128.5 29765.932),(129.5 27893.262),(130.5 28561.758),(131.5 26170.803),(132.5 26830.947),(133.5 25623.943),(134.5 26626.502),(135.5 23814.488),(136.5 24028.246),(137.5 23937.852),(138.5 23958.773),(139.5 23297.75),(140.5 21810.137),(141.5 22848.908),(142.5 23900.469),(143.5 22248.88),(144.5 22553.64),(145.5 20583.422),(146.5 20379.379),(147.5 19182.125),(148.5 18794.945),(149.5 18432.354),(150.5 19115.73),(151.5 18481.72),(152.5 17435.787),(153.5 17589.068),(154.5 17288.875),(155.5 16816.938),(156.5 16399.824),(157.5 16169.158),(158.5 16047.08),(159.5 15760.32),(160.5 15152.077),(161.5 13503.794),(162.5 13331.737),(163.5 13272.771),(164.5 13060.428),(165.5 12798.854),(166.5 13157.677),(167.5 13193.002),(168.5 12399.355),(169.5 11611.965),(170.5 12173.307),(171.5 11549.801),(172.5 11247.293),(173.5 11428.171),(174.5 11214.098),(175.5 11229.923),(176.5 10667.304),(177.5 10379.307),(178.5 10172.794),(179.5 9800.501),(180.5 9699.166),(181.5 8951.213),(182.5 8878.56),(183.5 9049.351),(184.5 9159.611),(185.5 8611.991),(186.5 8356.317),(187.5 8527.7),(188.5 8450.952),(189.5 8037.7134),(190.5 8016.592),(191.5 7584.843),(192.5 7643.4966),(193.5 7257.919),(194.5 7143.9644),(195.5 7259.5186),(196.5 7222.9126),(197.5 7191.342),(198.5 6829.547),(199.5 6436.1973),(200.5 6281.408),(201.5 6375.283),(202.5 6602.4175),(203.5 6603.158),(204.5 6447.7417),(205.5 6033.0986),(206.5 5760.0337),(207.5 5718.6494),(208.5 5641.3306),(209.5 5390.549),(210.5 5330.833),(211.5 5277.6865),(212.5 5090.303),(213.5 5013.427),(214.5 4939.408),(215.5 4760.3164),(216.5 4684.856),(217.5 4820.8604),(218.5 4929.715),(219.5 4513.3125),(220.5 4431.596),(221.5 4487.7764),(222.5 4451.6836),(223.5 4671.5654),(224.5 4204.76),(225.5 4116.299),(226.5 3864.6064),(227.5 3733.7405),(228.5 3758.9065),(229.5 3658.536),(230.5 3981.1),(231.5 3772.74),(232.5 3589.2703),(233.5 3539.454),(234.5 3538.9963),(235.5 3527.9326),(236.5 3486.3157),(237.5 3322.5776),(238.5 3285.8826),(239.5 3187.4197),(240.5 3201.7056),(241.5 3132.445),(242.5 3093.0225),(243.5 3006.4448),(244.5 2949.3054),(245.5 3076.0571),(246.5 2803.451),(247.5 2783.782),(248.5 2736.0337),(249.5 2630.3613),(250.5 2549.3696),(251.5 2467.0657),(252.5 2506.5293),(253.5 2489.5178),(254.5 2389.6797),(255.5 2357.6384),(256.5 2262.7883),(257.5 2348.5032),(258.5 2328.945),(259.5 2315.6023),(260.5 2228.3171),(261.5 2179.1174),(262.5 2097.641),(263.5 2076.7188),(264.5 2029.2449),(265.5 1954.3153),(266.5 1975.0807),(267.5 1937.723),(268.5 1852.4867),(269.5 1897.5356),(270.5 1845.3021),(271.5 1820.0476),(272.5 1869.2146),(273.5 1844.0526),(274.5 1773.325),(275.5 1694.6493),(276.5 1693.8512),(277.5 1648.3688),(278.5 1608.8724),(279.5 1561.1105),(280.5 1512.3575),(281.5 1555.0834),(282.5 1525.1829),(283.5 1563.3491),(284.5 1522.4469),(285.5 1498.6304),(286.5 1475.4175),(287.5 1400.159),(288.5 1361.1226),(289.5 1404.2986),(290.5 1385.069),(291.5 1366.8982),(292.5 1281.7504),(293.5 1266.5682),(294.5 1288.4749),(295.5 1265.1058),(296.5 1226.1964),(297.5 1202.6975),(298.5 1178.3076),(299.5 1155.0984),(300.5 1116.8004),(301.5 1142.136),(302.5 1128.6039),(303.5 1109.464),(304.5 1081.4136),(305.5 1076.823),(306.5 1034.4054),(307.5 1031.7482),(308.5 1013.0188),(309.5 982.39905),(310.5 1012.07153),(311.5 1010.09),(312.5 979.8608),(313.5 945.89435),(314.5 913.3081),(315.5 893.48584),(316.5 897.051),(317.5 859.47266),(318.5 842.33905),(319.5 823.31104),(320.5 825.75543),(321.5 841.6389),(322.5 793.2067),(323.5 809.0429),(324.5 797.81036),(325.5 781.59546),(326.5 757.9944),(327.5 761.90375),(328.5 755.1823),(329.5 766.9788),(330.5 713.3015),(331.5 712.81335),(332.5 697.3678),(333.5 676.6385),(334.5 657.06836),(335.5 651.21405),(336.5 657.2217),(337.5 634.4109),(338.5 629.31714),(339.5 644.33026),(340.5 615.72644),(341.5 595.50885),(342.5 593.75836),(343.5 583.9324),(344.5 586.39294),(345.5 557.15265),(346.5 564.91785),(347.5 542.56415),(348.5 548.7235),(349.5 546.88965),(350.5 540.2649),(351.5 529.3878),(352.5 512.155),(353.5 518.0754),(354.5 505.3471),(355.5 488.2759),(356.5 492.16946),(357.5 471.1426),(358.5 484.2593),(359.5 482.07166),(360.5 459.9049),(361.5 462.6792),(362.5 445.4554),(363.5 432.31952),(364.5 424.69568),(365.5 423.86447),(366.5 419.12305),(367.5 403.222),(368.5 405.87958),(369.5 384.83307),(370.5 379.39813),(371.5 386.8097),(372.5 380.98367),(373.5 370.0858),(374.5 367.95084),(375.5 365.04633),(376.5 360.20517),(377.5 351.74408),(378.5 349.4057),(379.5 342.11642),(380.5 343.39264),(381.5 338.15726),(382.5 334.91235),(383.5 338.56033),(384.5 331.8501),(385.5 323.0622),(386.5 308.84946),(387.5 302.0267),(388.5 300.41092),(389.5 296.59204),(390.5 296.78574),(391.5 286.82996),(392.5 289.27658),(393.5 284.34265),(394.5 279.03754),(395.5 292.31396),(396.5 274.4493),(397.5 271.55783),(398.5 272.08093),(399.5 272.56854),(400.5 267.66098),(401.5 265.0543),(402.5 255.52206),(403.5 247.3344),(404.5 245.34618),(405.5 248.88962),(406.5 239.94223),(407.5 236.46991),(408.5 235.5725),(409.5 232.92868),(410.5 230.26657),(411.5 226.16426),(412.5 224.01485),(413.5 219.6073),(414.5 209.65918),(415.5 208.98166),(416.5 205.85214),(417.5 211.30894),(418.5 210.78705),(419.5 201.56003),(420.5 201.52174),(421.5 193.70378),(422.5 197.2808),(423.5 188.11676),(424.5 189.46736),(425.5 187.21054),(426.5 186.77711),(427.5 183.52414),(428.5 179.81418),(429.5 176.67525),(430.5 172.74901),(431.5 169.99771),(432.5 167.15485),(433.5 172.11983),(434.5 166.69208),(435.5 171.45982),(436.5 161.18709),(437.5 163.79527),(438.5 163.12834),(439.5 156.95847),(440.5 157.8767),(441.5 158.47641),(442.5 155.75511),(443.5 148.38023),(444.5 146.79938),(445.5 150.66736),(446.5 147.20648),(447.5 146.93497),(448.5 149.51549),(449.5 137.63008),(450.5 141.85062),(451.5 140.55981),(452.5 136.8814),(453.5 141.57684),(454.5 137.02284),(455.5 136.20221),(456.5 133.19048),(457.5 132.64426),(458.5 130.0542),(459.5 130.1485),(460.5 131.4072),(461.5 125.596436),(462.5 128.60846),(463.5 124.33987),(464.5 123.29568),(465.5 124.2921),(466.5 124.425186),(467.5 124.47505),(468.5 121.019165),(469.5 122.01101),(470.5 118.32006),(471.5 117.69298),(472.5 117.199745),(473.5 119.507065),(474.5 121.39924),(475.5 117.8612),(476.5 115.55864),(477.5 114.609215),(478.5 112.021034),(479.5 111.13037),(480.5 113.94439),(481.5 113.72709),(482.5 114.33051),(483.5 109.023476),(484.5 111.50156),(485.5 106.97519),(486.5 112.83498),(487.5 107.92255),(488.5 106.3158),(489.5 107.47773),(490.5 107.644875),(491.5 103.964935),(492.5 108.5594),(493.5 105.30566),(494.5 107.97127),(495.5 103.90753),(496.5 108.43825),(497.5 106.50305),(498.5 102.92051),(499.5 105.11767),
(1.5 4631761.5),(2.5 5230706),(3.5 7477727.5),(4.5 6450997.5),(5.5 10171951),(6.5 10416258),(7.5 9462461),(8.5 8586370),(9.5 6897064.5),(10.5 7632787.5),(11.5 5632686),(12.5 7050183),(13.5 6388949.5),(14.5 5086374),(15.5 5040269),(16.5 4015643.8),(17.5 4066675.3),(18.5 3048885.8),(19.5 2785774),(20.5 2547452.3),(21.5 2707429.3),(22.5 2822949.5),(23.5 2319449.8),(24.5 2226048.3),(25.5 1903099),(26.5 1561825.3),(27.5 1660862.1),(28.5 1495821.8),(29.5 1405507.8),(30.5 1261106.4),(31.5 1199796.6),(32.5 973159.75),(33.5 1118599.3),(34.5 923722.25),(35.5 807372.4),(36.5 761385.75),(37.5 823145.4),(38.5 722584.2),(39.5 678635.8),(40.5 652770.94),(41.5 548320.7),(42.5 550978),(43.5 573357.5),(44.5 559910.56),(45.5 403620.8),(46.5 428983.34),(47.5 412654.34),(48.5 466361.38),(49.5 444761.38),(50.5 337857.97),(51.5 384893.9),(52.5 357730.5),(53.5 285450.5),(54.5 285922.38),(55.5 304775.13),(56.5 249673.95),(57.5 252078.63),(58.5 235850.05),(59.5 228489.02),(60.5 215454.58),(61.5 237100.66),(62.5 222590.22),(63.5 194974.61),(64.5 201877.92),(65.5 183823.27),(66.5 171876.97),(67.5 177343.38),(68.5 145833.36),(69.5 139983.3),(70.5 147607.97),(71.5 159053.61),(72.5 148943.64),(73.5 168570.5),(74.5 152922.98),(75.5 135887.92),(76.5 116873.04),(77.5 122016.98),(78.5 115248.23),(79.5 117247.305),(80.5 119109.586),(81.5 117361.39),(82.5 100246.25),(83.5 99659.65),(84.5 96406.37),(85.5 88811.85),(86.5 91611.92),(87.5 82881.21),(88.5 85670.73),(89.5 83060.06),(90.5 85255.93),(91.5 77035.305),(92.5 72815.2),(93.5 71419.22),(94.5 62976.01),(95.5 65164.055),(96.5 67876.516),(97.5 66302.64),(98.5 66639.41),(99.5 63039.58),(100.5 63470.715),(101.5 63084.055),(102.5 61722.21),(103.5 60472.504),(104.5 58667.953),(105.5 54020.055),(106.5 51173.047),(107.5 50604.652),(108.5 50410.355),(109.5 50963.906),(110.5 49203.633),(111.5 43873.016),(112.5 42712.223),(113.5 40612.254),(114.5 39908.117),(115.5 38148.23),(116.5 37670.55),(117.5 35958.13),(118.5 34632.52),(119.5 33247.473),(120.5 33306.42),(121.5 32852.88),(122.5 33660.42),(123.5 33409.766),(124.5 30532.951),(125.5 31270.05),(126.5 29675.26),(127.5 30147.271),(128.5 29866.674),(129.5 28139.67),(130.5 28815.64),(131.5 26352.252),(132.5 26643.863),(133.5 25699.11),(134.5 27029.875),(135.5 23894.137),(136.5 24322.074),(137.5 23956.996),(138.5 24047.707),(139.5 23506.309),(140.5 21897.031),(141.5 23035.26),(142.5 24176.357),(143.5 22332.494),(144.5 22560.52),(145.5 20537.604),(146.5 20175.842),(147.5 19040.953),(148.5 18657.633),(149.5 18277.041),(150.5 19103.479),(151.5 18605.145),(152.5 17425.031),(153.5 17471.98),(154.5 17266.586),(155.5 16798.824),(156.5 16121.522),(157.5 15934.445),(158.5 15877.583),(159.5 15516.619),(160.5 15183.362),(161.5 13537.443),(162.5 13395.753),(163.5 13272.049),(164.5 13055.087),(165.5 12798.701),(166.5 13194.253),(167.5 13191.064),(168.5 12375.665),(169.5 11593.631),(170.5 12168.096),(171.5 11548.71),(172.5 11315.319),(173.5 11407.19),(174.5 11230.819),(175.5 11237.971),(176.5 10695.785),(177.5 10397.887),(178.5 10297.972),(179.5 9776.028),(180.5 9741.113),(181.5 9037.515),(182.5 8912.817),(183.5 9142.173),(184.5 9188.671),(185.5 8694.797),(186.5 8320.082),(187.5 8583.684),(188.5 8548.646),(189.5 8079.2837),(190.5 7999.6255),(191.5 7569.857),(192.5 7626.0254),(193.5 7165.6587),(194.5 7166.8306),(195.5 7186.372),(196.5 7152.104),(197.5 7216.161),(198.5 6808.704),(199.5 6372.388),(200.5 6244.2437),(201.5 6403.89),(202.5 6622.6104),(203.5 6618.8896),(204.5 6379.7344),(205.5 6009.9795),(206.5 5728.421),(207.5 5723.044),(208.5 5666.828),(209.5 5426.1333),(210.5 5421.1396),(211.5 5332.026),(212.5 5129.9956),(213.5 5029.4287),(214.5 4935.2534),(215.5 4793.237),(216.5 4757.1235),(217.5 4901.1577),(218.5 4918.6587),(219.5 4530.954),(220.5 4438.069),(221.5 4445.1177),(222.5 4477.251),(223.5 4687.093),(224.5 4256.714),(225.5 4131.0864),(226.5 3858.5244),(227.5 3707.1243),(228.5 3773.839),(229.5 3693.9937),(230.5 3974.0032),(231.5 3757.6157),(232.5 3578.849),(233.5 3527.9775),(234.5 3531.7712),(235.5 3547.6147),(236.5 3504.934),(237.5 3325.8525),(238.5 3271.6377),(239.5 3159.272),(240.5 3196.5671),(241.5 3136.4148),(242.5 3108.5813),(243.5 3059.1306),(244.5 2969.274),(245.5 3063.981),(246.5 2794.336),(247.5 2780.142),(248.5 2741.649),(249.5 2637.7344),(250.5 2566.4617),(251.5 2480.7297),(252.5 2528.0518),(253.5 2496.0679),(254.5 2382.7048),(255.5 2354.157),(256.5 2259.9),(257.5 2335.4075),(258.5 2324.5273),(259.5 2298.965),(260.5 2225.0684),(261.5 2167.217),(262.5 2107.8867),(263.5 2069.5215),(264.5 2060.209),(265.5 1961.3008),(266.5 1973.2153),(267.5 1950.2897),(268.5 1873.7634),(269.5 1899.097),(270.5 1831.2151),(271.5 1807.1855),(272.5 1885.1477),(273.5 1859.7828),(274.5 1774.9087),(275.5 1704.8855),(276.5 1705.7864),(277.5 1663.8219),(278.5 1606.2339),(279.5 1557.4009),(280.5 1500.0122),(281.5 1570.1403),(282.5 1539.1041),(283.5 1545.1091),(284.5 1521.9286),(285.5 1493.3323),(286.5 1490.6754),(287.5 1400.5386),(288.5 1364.2021),(289.5 1414.9391),(290.5 1392.4688),(291.5 1374.3167),(292.5 1276.5903),(293.5 1265.8271),(294.5 1283.3842),(295.5 1253.5098),(296.5 1216.2842),(297.5 1196.8796),(298.5 1178.8444),(299.5 1163.2076),(300.5 1123.3972),(301.5 1141.6754),(302.5 1129.7712),(303.5 1099.4044),(304.5 1079.4954),(305.5 1083.2694),(306.5 1036.5419),(307.5 1027.8422),(308.5 1002.5624),(309.5 971.4588),(310.5 1008.46234),(311.5 1007.0552),(312.5 986.82367),(313.5 947.2739),(314.5 918.2657),(315.5 887.6215),(316.5 893.58636),(317.5 855.9335),(318.5 836.29736),(319.5 820.45264),(320.5 816.95746),(321.5 831.4206),(322.5 787.6885),(323.5 808.86884),(324.5 795.8186),(325.5 775.9911),(326.5 749.78455),(327.5 757.1675),(328.5 746.65216),(329.5 760.46954),(330.5 717.19507),(331.5 713.37683),(332.5 695.93866),(333.5 680.54736),(334.5 661.42224),(335.5 649.9152),(336.5 644.784),(337.5 634.2429),(338.5 632.49664),(339.5 634.1239),(340.5 613.37976),(341.5 599.7669),(342.5 592.5924),(343.5 579.38165),(344.5 583.68),(345.5 557.22345),(346.5 569.2778),(347.5 542.3918),(348.5 546.732),(349.5 547.3005),(350.5 543.52136),(351.5 531.6889),(352.5 512.9919),(353.5 519.29504),(354.5 507.9584),(355.5 488.2688),(356.5 491.51724),(357.5 475.22928),(358.5 482.17838),(359.5 481.72495),(360.5 459.651),(361.5 470.50012),(362.5 446.01233),(363.5 431.6755),(364.5 419.85397),(365.5 424.04407),(366.5 419.8964),(367.5 407.4389),(368.5 409.41223),(369.5 385.32547),(370.5 382.20132),(371.5 386.9238),(372.5 381.70612),(373.5 371.85657),(374.5 366.63348),(375.5 369.28424),(376.5 365.46222),(377.5 353.14993),(378.5 353.42422),(379.5 345.6541),(380.5 341.85687),(381.5 339.47528),(382.5 335.0369),(383.5 338.18497),(384.5 330.9421),(385.5 324.71802),(386.5 309.03802),(387.5 301.51315),(388.5 300.42093),(389.5 297.21323),(390.5 301.30823),(391.5 285.77618),(392.5 290.68884),(393.5 286.86307),(394.5 280.45483),(395.5 293.4543),(396.5 274.9736),(397.5 273.40237),(398.5 269.83478),(399.5 274.6558),(400.5 269.0377),(401.5 264.0323),(402.5 254.37689),(403.5 246.6016),(404.5 247.46915),(405.5 249.83604),(406.5 239.49991),(407.5 237.07513),(408.5 236.95528),(409.5 233.65475),(410.5 229.54338),(411.5 227.12238),(412.5 225.94426),(413.5 221.04329),(414.5 209.37045),(415.5 207.43297),(416.5 205.41904),(417.5 211.08534),(418.5 210.46309),(419.5 201.03497),(420.5 200.93977),(421.5 194.60324),(422.5 198.86949),(423.5 188.67494),(424.5 190.08737),(425.5 187.47809),(426.5 188.05814),(427.5 182.28314),(428.5 178.28601),(429.5 176.64746),(430.5 171.654),(431.5 170.06183),(432.5 167.31882),(433.5 172.27417),(434.5 166.52876),(435.5 170.68332),(436.5 160.96925),(437.5 162.53404),(438.5 163.04688),(439.5 157.84247),(440.5 158.42413),(441.5 158.86282),(442.5 156.37112),(443.5 149.20906),(444.5 148.5242),(445.5 149.36081),(446.5 147.88005),(447.5 147.1869),(448.5 148.59319),(449.5 136.67697),(450.5 141.24988),(451.5 140.91191),(452.5 136.99629),(453.5 142.71758),(454.5 137.98036),(455.5 138.03261),(456.5 133.46974),(457.5 132.98753),(458.5 131.1299),(459.5 130.04622),(460.5 132.26567),(461.5 125.82517),(462.5 129.45706),(463.5 125.31411),(464.5 123.11444),(465.5 124.291595),(466.5 124.78073),(467.5 125.69445),(468.5 120.784325),(469.5 122.97869),(470.5 120.17776),(471.5 117.82952),(472.5 118.68362),(473.5 120.05742),(474.5 120.97098),(475.5 118.63872),(476.5 116.63949),(477.5 115.265594),(478.5 112.44103),(479.5 111.664314),(480.5 114.71003),(481.5 113.83787),(482.5 114.84523),(483.5 108.54998),(484.5 111.4908),(485.5 107.05788),(486.5 113.4713),(487.5 109.07608),(488.5 106.456276),(489.5 108.484604),(490.5 107.48175),(491.5 104.93314),(492.5 109.74114),(493.5 106.380905),(494.5 108.476585),(495.5 103.75345),(496.5 108.70137),(497.5 106.00637),(498.5 103.33492),(499.5 105.558784),
(1.5 4975415.5),(2.5 5448495.5),(3.5 7726500),(4.5 6678803.5),(5.5 10570247),(6.5 10662486),(7.5 9626478),(8.5 8713891),(9.5 6999598.5),(10.5 7790111),(11.5 5725276),(12.5 7079194.5),(13.5 6496926),(14.5 5082177.5),(15.5 4990406),(16.5 3997574.3),(17.5 4100735),(18.5 3044162.8),(19.5 2838070.5),(20.5 2552314.5),(21.5 2705262.3),(22.5 2846370.3),(23.5 2324229),(24.5 2221041.8),(25.5 1917936.1),(26.5 1584201.6),(27.5 1689984),(28.5 1491644.5),(29.5 1398624.4),(30.5 1246108.9),(31.5 1201789.8),(32.5 974379.8),(33.5 1121601.5),(34.5 926327.6),(35.5 814495.1),(36.5 767666.8),(37.5 823145.1),(38.5 725638),(39.5 687048.8),(40.5 652405.2),(41.5 543767.3),(42.5 547518.94),(43.5 569825.2),(44.5 561031.7),(45.5 410383.06),(46.5 433370.03),(47.5 413528.9),(48.5 473829.94),(49.5 447558.4),(50.5 343240.03),(51.5 386176.63),(52.5 355045.78),(53.5 290780),(54.5 288199.66),(55.5 307590.94),(56.5 249885.9),(57.5 254676.52),(58.5 235167.48),(59.5 228795.16),(60.5 217414.38),(61.5 236923.34),(62.5 222719.81),(63.5 194426.53),(64.5 201810.36),(65.5 181575.06),(66.5 169359.1),(67.5 178706.39),(68.5 147552.95),(69.5 137344.83),(70.5 149153.5),(71.5 160199.11),(72.5 150322),(73.5 167863.34),(74.5 151257.03),(75.5 133557),(76.5 114546.6),(77.5 121688.02),(78.5 115233.945),(79.5 117156.61),(80.5 118489.586),(81.5 116829.92),(82.5 99208.58),(83.5 99950.83),(84.5 97093.47),(85.5 88928.03),(86.5 92712.24),(87.5 83679),(88.5 86389.21),(89.5 83174.46),(90.5 85149.03),(91.5 77972.51),(92.5 73881.68),(93.5 72933.83),(94.5 63455.25),(95.5 65628.26),(96.5 68978.336),(97.5 66620.664),(98.5 67553.38),(99.5 63911.758),(100.5 63366.508),(101.5 62703.36),(102.5 61521.7),(103.5 60608.38),(104.5 58407.543),(105.5 53863.316),(106.5 50816.47),(107.5 50643.36),(108.5 49901.32),(109.5 50684.15),(110.5 48932.62),(111.5 43839.24),(112.5 42663.617),(113.5 41228.383),(114.5 40529.027),(115.5 39281.11),(116.5 37574.055),(117.5 36406.418),(118.5 34797.83),(119.5 33416.24),(120.5 33543.535),(121.5 32522.63),(122.5 33219.945),(123.5 33435.895),(124.5 30206.11),(125.5 30763.229),(126.5 29736.732),(127.5 30123.973),(128.5 29992.049),(129.5 28479.428),(130.5 29056.71),(131.5 26360.64),(132.5 26492.684),(133.5 25753.775),(134.5 27483.158),(135.5 24265.625),(136.5 24642.385),(137.5 24013.207),(138.5 24105.842),(139.5 23731.283),(140.5 22152.182),(141.5 23029.707),(142.5 24305.348),(143.5 22478.188),(144.5 22442.03),(145.5 20418.313),(146.5 19887.79),(147.5 19087.588),(148.5 18632.889),(149.5 18171.553),(150.5 18995.898),(151.5 18510.998),(152.5 17286.158),(153.5 17319.945),(154.5 17175.797),(155.5 16765.389),(156.5 15981.957),(157.5 15869.398),(158.5 15836.911),(159.5 15388.648),(160.5 15286.948),(161.5 13697.49),(162.5 13514.983),(163.5 13356.394),(164.5 13016.829),(165.5 12880.913),(166.5 13197.1),(167.5 13287.417),(168.5 12469.051),(169.5 11662.767),(170.5 12194.723),(171.5 11678.185),(172.5 11413.107),(173.5 11343.496),(174.5 11191.975),(175.5 11199.892),(176.5 10614.005),(177.5 10426.305),(178.5 10368.171),(179.5 9801.65),(180.5 9764.582),(181.5 9058.277),(182.5 8958.802),(183.5 9237.517),(184.5 9233.293),(185.5 8711.699),(186.5 8272.895),(187.5 8675.881),(188.5 8628.578),(189.5 8199.21),(190.5 7961.728),(191.5 7548.7744),(192.5 7585.658),(193.5 7179.304),(194.5 7246.027),(195.5 7242.4033),(196.5 7194.155),(197.5 7184.0977),(198.5 6747.3545),(199.5 6351.025),(200.5 6192.1807),(201.5 6440.053),(202.5 6666.9497),(203.5 6646.2993),(204.5 6350.852),(205.5 6047.756),(206.5 5683.723),(207.5 5749.594),(208.5 5700.137),(209.5 5476.396),(210.5 5523.982),(211.5 5391.228),(212.5 5051.545),(213.5 5061.1675),(214.5 4958.2656),(215.5 4859.1323),(216.5 4862.668),(217.5 4984.267),(218.5 4965.198),(219.5 4572.7236),(220.5 4470.172),(221.5 4435.747),(222.5 4474.773),(223.5 4684.821),(224.5 4274.2563),(225.5 4130.066),(226.5 3893.2507),(227.5 3725.5627),(228.5 3743.6924),(229.5 3705.7744),(230.5 4022.7607),(231.5 3759.333),(232.5 3579.5576),(233.5 3549.9326),(234.5 3533.476),(235.5 3543.4243),(236.5 3507.1833),(237.5 3355.5425),(238.5 3300.5913),(239.5 3175.0117),(240.5 3194.9172),(241.5 3117.0967),(242.5 3108.541),(243.5 3064.75),(244.5 3001.5313),(245.5 3083.887),(246.5 2818.2002),(247.5 2807.39),(248.5 2737.902),(249.5 2663.0112),(250.5 2574.2324),(251.5 2473.457),(252.5 2521.54),(253.5 2473.0498),(254.5 2385.057),(255.5 2352.5583),(256.5 2275.888),(257.5 2346.4727),(258.5 2315.7563),(259.5 2294.0068),(260.5 2215.7007),(261.5 2179.64),(262.5 2135.7136),(263.5 2082.1318),(264.5 2095.1582),(265.5 1983.2491),(266.5 1989.1272),(267.5 1959.5831),(268.5 1884.1238),(269.5 1924.0035),(270.5 1829.5905),(271.5 1808.9238),(272.5 1885.684),(273.5 1856.2057),(274.5 1760.3829),(275.5 1701.637),(276.5 1723.3733),(277.5 1670.773),(278.5 1601.8319),(279.5 1548.8495),(280.5 1515.6821),(281.5 1576.2891),(282.5 1523.3802),(283.5 1542.0726),(284.5 1516.8104),(285.5 1494.7063),(286.5 1495.613),(287.5 1399.9833),(288.5 1358.5831),(289.5 1409.6388),(290.5 1397.234),(291.5 1378.6577),(292.5 1291.8916),(293.5 1269.9976),(294.5 1270.5798),(295.5 1248.6887),(296.5 1208.4092),(297.5 1195.6973),(298.5 1187.8962),(299.5 1167.3578),(300.5 1118.9545),(301.5 1133.9734),(302.5 1124.6206),(303.5 1098.547),(304.5 1076.234),(305.5 1082.7227),(306.5 1035.3258),(307.5 1032.3636),(308.5 1005.74133),(309.5 961.854),(310.5 1006.5185),(311.5 1003.4934),(312.5 990.88007),(313.5 939.5841),(314.5 919.4657),(315.5 882.4575),(316.5 882.0481),(317.5 855.5045),(318.5 839.0663),(319.5 821.4243),(320.5 823.4207),(321.5 825.677),(322.5 789.9657),(323.5 822.6207),(324.5 808.43),(325.5 778.2952),(326.5 749.6312),(327.5 756.8577),(328.5 748.9986),(329.5 766.26685),(330.5 718.46204),(331.5 709.0214),(332.5 702.2806),(333.5 684.5088),(334.5 658.2141),(335.5 653.2567),(336.5 644.8699),(337.5 638.11475),(338.5 633.41815),(339.5 630.09546),(340.5 613.55304),(341.5 596.11847),(342.5 593.19946),(343.5 585.64746),(344.5 583.8154),(345.5 553.66473),(346.5 567.86194),(347.5 538.5161),(348.5 547.4105),(349.5 549.7032),(350.5 546.88965),(351.5 529.9462),(352.5 514.1324),(353.5 523.289),(354.5 507.04407),(355.5 489.27448),(356.5 489.73022),(357.5 474.18152),(358.5 481.1772),(359.5 480.20007),(360.5 457.64563),(361.5 468.75162),(362.5 451.1979),(363.5 434.77512),(364.5 421.1241),(365.5 421.3553),(366.5 422.71436),(367.5 413.54288),(368.5 409.88516),(369.5 385.14548),(370.5 379.1528),(371.5 386.417),(372.5 382.2198),(373.5 371.79495),(374.5 364.32852),(375.5 368.6956),(376.5 366.21683),(377.5 352.93115),(378.5 352.2816),(379.5 344.34778),(380.5 340.95636),(381.5 337.8525),(382.5 334.91946),(383.5 339.01004),(384.5 330.87012),(385.5 328.13922),(386.5 307.42422),(387.5 301.27206),(388.5 299.81784),(389.5 297.25754),(390.5 303.38486),(391.5 284.8986),(392.5 289.73145),(393.5 287.94135),(394.5 281.69675),(395.5 293.06076),(396.5 277.7462),(397.5 273.34976),(398.5 270.02618),(399.5 270.20624),(400.5 269.60178),(401.5 260.5587),(402.5 252.20355),(403.5 244.87163),(404.5 249.45999),(405.5 251.95522),(406.5 241.72604),(407.5 236.37683),(408.5 234.94441),(409.5 233.99228),(410.5 230.44934),(411.5 227.92693),(412.5 224.06233),(413.5 221.45932),(414.5 210.27242),(415.5 209.05862),(416.5 206.41843),(417.5 208.28235),(418.5 209.40012),(419.5 201.57031),(420.5 203.87947),(421.5 195.93074),(422.5 199.24516),(423.5 190.08589),(424.5 191.10846),(425.5 187.21341),(426.5 188.82298),(427.5 182.71013),(428.5 177.7686),(429.5 175.78186),(430.5 171.4821),(431.5 170.07365),(432.5 167.15634),(433.5 173.77037),(434.5 166.63708),(435.5 169.88928),(436.5 159.32597),(437.5 161.82545),(438.5 163.36133),(439.5 158.33865),(440.5 158.47066),(441.5 157.6616),(442.5 155.20042),(443.5 147.97546),(444.5 148.94537),(445.5 148.62202),(446.5 146.92882),(447.5 145.74571),(448.5 147.83943),(449.5 137.5451),(450.5 139.55867),(451.5 140.0599),(452.5 136.81227),(453.5 141.26974),(454.5 136.85287),(455.5 138.31601),(456.5 133.5559),(457.5 133.30576),(458.5 130.92192),(459.5 129.38812),(460.5 132.3533),(461.5 125.416145),(462.5 129.10313),(463.5 124.875595),(464.5 123.055084),(465.5 124.24348),(466.5 125.11202),(467.5 126.93541),(468.5 122.09528),(469.5 122.909225),(470.5 120.69552),(471.5 118.67439),(472.5 118.298485),(473.5 119.823845),(474.5 121.39849),(475.5 120.0855),(476.5 117.728935),(477.5 115.30793),(478.5 112.7251),(479.5 111.790375),(480.5 114.29135),(481.5 112.69122),(482.5 115.47467),(483.5 108.27863),(484.5 110.318344),(485.5 106.8607),(486.5 113.36759),(487.5 108.96252),(488.5 106.01572),(489.5 108.50081),(490.5 108.039925),(491.5 105.06566),(492.5 110.3439),(493.5 107.247375),(494.5 108.388565),(495.5 103.45581),(496.5 108.429474),(497.5 107.07079),(498.5 103.36729),(499.5 104.93153),
(1.5 5185850.5),(2.5 5584980),(3.5 7940928.5),(4.5 6930705.5),(5.5 11001511),(6.5 10912466),(7.5 9785486),(8.5 8836621),(9.5 7091380.5),(10.5 7931471),(11.5 5808996),(12.5 7104432.5),(13.5 6593102),(14.5 5079136.5),(15.5 4940032),(16.5 3979844.8),(17.5 4140025.5),(18.5 3042592.5),(19.5 2892998),(20.5 2560159.8),(21.5 2700309),(22.5 2870309.3),(23.5 2322903),(24.5 2213401),(25.5 1931016.9),(26.5 1608952.1),(27.5 1717268.4),(28.5 1484852.1),(29.5 1390020.1),(30.5 1227738.9),(31.5 1202115),(32.5 978825.94),(33.5 1123561.5),(34.5 924649.6),(35.5 820904.6),(36.5 773593.3),(37.5 821761.4),(38.5 728870.4),(39.5 695153.4),(40.5 652889.25),(41.5 540726.75),(42.5 548199.6),(43.5 568668.5),(44.5 563556),(45.5 420152.94),(46.5 434893.2),(47.5 414154.13),(48.5 479647.7),(49.5 450073.1),(50.5 349749.63),(51.5 386616.34),(52.5 351616.6),(53.5 294584.78),(54.5 288305.2),(55.5 309505.84),(56.5 251441.66),(57.5 256567.88),(58.5 235233.38),(59.5 229402.2),(60.5 219919.39),(61.5 235971.27),(62.5 224092.44),(63.5 194601.66),(64.5 202699.06),(65.5 180734.48),(66.5 167799.27),(67.5 180677.25),(68.5 149837.6),(69.5 135755.92),(70.5 149930.3),(71.5 160267.69),(72.5 151021.39),(73.5 166074.02),(74.5 148982.34),(75.5 131343.48),(76.5 112397.29),(77.5 120312.17),(78.5 115505.805),(79.5 116692.87),(80.5 118211.7),(81.5 115714.99),(82.5 98852.03),(83.5 100565.13),(84.5 99059.34),(85.5 89611.27),(86.5 93941.805),(87.5 84758.734),(88.5 87814.15),(89.5 83602.66),(90.5 85278.52),(91.5 78726.99),(92.5 74936.336),(93.5 74374.71),(94.5 64083.95),(95.5 66393.53),(96.5 69897.91),(97.5 66962.56),(98.5 68158.72),(99.5 64015.277),(100.5 63204.188),(101.5 62111.645),(102.5 61360.234),(103.5 60404.28),(104.5 58049.285),(105.5 53296.297),(106.5 50373.21),(107.5 50332.17),(108.5 49164.09),(109.5 50026.598),(110.5 49097.098),(111.5 43952.227),(112.5 42837.14),(113.5 41927.65),(114.5 41025.01),(115.5 40477.88),(116.5 37829.395),(117.5 36924.707),(118.5 35034.83),(119.5 33534.145),(120.5 33876.617),(121.5 32310.783),(122.5 32970.902),(123.5 33657.883),(124.5 30189.549),(125.5 30670.13),(126.5 29847.371),(127.5 30297.889),(128.5 30093.682),(129.5 28816.477),(130.5 29110.521),(131.5 26294.242),(132.5 26326.68),(133.5 25681.568),(134.5 28047.896),(135.5 24596.031),(136.5 24752.475),(137.5 23951.553),(138.5 24150.246),(139.5 23814.621),(140.5 22144.672),(141.5 22944.838),(142.5 24043.127),(143.5 22222.076),(144.5 22217.398),(145.5 20462.883),(146.5 19772.434),(147.5 19198.96),(148.5 18588.422),(149.5 18030.082),(150.5 18600.467),(151.5 18251.064),(152.5 17252.043),(153.5 17152.787),(154.5 16979.98),(155.5 16732.725),(156.5 15883.532),(157.5 15842.264),(158.5 15774.866),(159.5 15265.166),(160.5 15238.044),(161.5 13836.526),(162.5 13608.402),(163.5 13476.149),(164.5 12963.11),(165.5 12808.89),(166.5 12977.428),(167.5 13133.372),(168.5 12515.651),(169.5 11578.684),(170.5 12120.895),(171.5 11705.009),(172.5 11586.877),(173.5 11366.046),(174.5 11184.642),(175.5 11201.958),(176.5 10585.756),(177.5 10499.022),(178.5 10372.208),(179.5 9824.022),(180.5 9653.57),(181.5 8844.081),(182.5 8942.556),(183.5 9322.496),(184.5 9282.369),(185.5 8688.17),(186.5 8161.353),(187.5 8677.239),(188.5 8661.942),(189.5 8143.3467),(190.5 7910.433),(191.5 7516.076),(192.5 7560.191),(193.5 7156.8286),(194.5 7224.5806),(195.5 7285.3003),(196.5 7194.947),(197.5 7146.577),(198.5 6679.9478),(199.5 6326.961),(200.5 6179.946),(201.5 6427.0776),(202.5 6714.5313),(203.5 6636.8633),(204.5 6333.458),(205.5 6056.8164),(206.5 5687.3125),(207.5 5726.4717),(208.5 5690.106),(209.5 5485.1245),(210.5 5553.9395),(211.5 5370.832),(212.5 5030.2637),(213.5 4984.184),(214.5 4966.282),(215.5 4877.475),(216.5 4910.0654),(217.5 5004.9956),(218.5 4949.188),(219.5 4603.8037),(220.5 4512.3687),(221.5 4444.9277),(222.5 4418.865),(223.5 4650.4536),(224.5 4287.9526),(225.5 4110.641),(226.5 3882.6636),(227.5 3722.9587),(228.5 3767.439),(229.5 3743.3071),(230.5 4051.2056),(231.5 3753.5144),(232.5 3581.0693),(233.5 3544.0337),(234.5 3532.4053),(235.5 3529.32),(236.5 3480.7703),(237.5 3310.4014),(238.5 3248.5007),(239.5 3176.73),(240.5 3186.902),(241.5 3091.4182),(242.5 3110.755),(243.5 3069.5781),(244.5 2977.7122),(245.5 3062.0264),(246.5 2795.6157),(247.5 2809.3677),(248.5 2723.9329),(249.5 2655.0327),(250.5 2567.569),(251.5 2471.6282),(252.5 2521.401),(253.5 2468.7922),(254.5 2383.1934),(255.5 2368.545),(256.5 2283.2405),(257.5 2342.39),(258.5 2312.6443),(259.5 2283.9768),(260.5 2189.8862),(261.5 2197.17),(262.5 2146.6082),(263.5 2077.644),(264.5 2083.1729),(265.5 2000.5505),(266.5 1998.387),(267.5 1973.9679),(268.5 1898.8071),(269.5 1930.2904),(270.5 1826.4941),(271.5 1831.3265),(272.5 1893.4124),(273.5 1861.179),(274.5 1746.4742),(275.5 1696.2059),(276.5 1705.1066),(277.5 1680.5223),(278.5 1610.1536),(279.5 1568.2401),(280.5 1524.2427),(281.5 1579.4285),(282.5 1528.6261),(283.5 1545.3597),(284.5 1509.6235),(285.5 1488.1979),(286.5 1494.8651),(287.5 1413.833),(288.5 1350.2079),(289.5 1411.1044),(290.5 1391.1627),(291.5 1367.7969),(292.5 1298.003),(293.5 1281.6669),(294.5 1268.3512),(295.5 1239.9131),(296.5 1200.7864),(297.5 1181.3267),(298.5 1177.2158),(299.5 1151.587),(300.5 1114.4065),(301.5 1129.9532),(302.5 1118.515),(303.5 1104.6924),(304.5 1078.6683),(305.5 1082.3198),(306.5 1035.5105),(307.5 1034.1016),(308.5 1016.33746),(309.5 964.92596),(310.5 996.25287),(311.5 999.54755),(312.5 982.0937),(313.5 942.49445),(314.5 915.8731),(315.5 878.13885),(316.5 885.506),(317.5 861.87286),(318.5 836.1639),(319.5 823.916),(320.5 829.44403),(321.5 817.67737),(322.5 786.8904),(323.5 821.0892),(324.5 801.1832),(325.5 774.4044),(326.5 747.94464),(327.5 749.36725),(328.5 746.1586),(329.5 762.5534),(330.5 715.7866),(331.5 705.55615),(332.5 698.3179),(333.5 676.50165),(334.5 654.8236),(335.5 651.4319),(336.5 650.4093),(337.5 639.2427),(338.5 635.11804),(339.5 629.69116),(340.5 615.5062),(341.5 594.84906),(342.5 589.73206),(343.5 583.8982),(344.5 580.1957),(345.5 551.913),(346.5 562.9362),(347.5 540.35187),(348.5 546.44434),(349.5 548.8439),(350.5 544.3381),(351.5 528.7884),(352.5 514.2567),(353.5 524.865),(354.5 509.17828),(355.5 493.16302),(356.5 487.32715),(357.5 475.55103),(358.5 483.2724),(359.5 483.50415),(360.5 462.85605),(361.5 468.6081),(362.5 450.73438),(363.5 439.31473),(364.5 423.24655),(365.5 425.35007),(366.5 421.24277),(367.5 412.56308),(368.5 410.10245),(369.5 393.16144),(370.5 384.39438),(371.5 388.129),(372.5 381.91675),(373.5 372.0121),(374.5 364.04556),(375.5 369.9624),(376.5 368.61197),(377.5 354.04724),(378.5 350.78528),(379.5 343.27698),(380.5 337.72607),(381.5 337.40005),(382.5 336.05658),(383.5 337.64807),(384.5 329.6407),(385.5 325.5649),(386.5 307.52023),(387.5 303.8653),(388.5 299.43835),(389.5 297.468),(390.5 300.26147),(391.5 282.63443),(392.5 290.86218),(393.5 288.52267),(394.5 283.4681),(395.5 291.29697),(396.5 278.82278),(397.5 278.43396),(398.5 274.52386),(399.5 273.85498),(400.5 271.19696),(401.5 260.3312),(402.5 251.00366),(403.5 243.86362),(404.5 250.12312),(405.5 253.79274),(406.5 240.35373),(407.5 235.07437),(408.5 234.8471),(409.5 233.30978),(410.5 229.84618),(411.5 225.60501),(412.5 227.84152),(413.5 222.87698),(414.5 210.41075),(415.5 208.16234),(416.5 205.2541),(417.5 206.70982),(418.5 209.73878),(419.5 202.9053),(420.5 203.32738),(421.5 195.3285),(422.5 197.84248),(423.5 189.87462),(424.5 192.24881),(425.5 188.4952),(426.5 189.78755),(427.5 182.00085),(428.5 176.41418),(429.5 174.7182),(430.5 170.09886),(431.5 170.2299),(432.5 166.38591),(433.5 172.45804),(434.5 165.4359),(435.5 169.69084),(436.5 159.32826),(437.5 161.0779),(438.5 163.54868),(439.5 158.372),(440.5 158.69897),(441.5 157.453),(442.5 154.64835),(443.5 148.61751),(444.5 147.86647),(445.5 148.46315),(446.5 146.20805),(447.5 145.53322),(448.5 147.80655),(449.5 138.63742),(450.5 139.63582),(451.5 140.30133),(452.5 137.49762),(453.5 141.1736),(454.5 138.36371),(455.5 137.70306),(456.5 132.89445),(457.5 132.60646),(458.5 129.0683),(459.5 128.8971),(460.5 132.23303),(461.5 125.02378),(462.5 127.33895),(463.5 124.81881),(464.5 122.176735),(465.5 123.82985),(466.5 124.38566),(467.5 126.6186),(468.5 122.43482),(469.5 122.67355),(470.5 119.99511),(471.5 117.09226),(472.5 117.51104),(473.5 118.27509),(474.5 120.63033),(475.5 119.8044),(476.5 117.2744),(477.5 114.8266),(478.5 112.504684),(479.5 110.66531),(480.5 113.10485),(481.5 113.44796),(482.5 115.59124),(483.5 107.918495),(484.5 109.595245),(485.5 106.5451),(486.5 112.18163),(487.5 107.64308),(488.5 105.77937),(489.5 108.70849),(490.5 108.15851),(491.5 104.14099),(492.5 110.388306),(493.5 108.12819),(494.5 109.01589),(495.5 103.21965),(496.5 108.45005),(497.5 107.94091),(498.5 104.014366),(499.5 105.20461),
(1.5 5419974),(2.5 5768129),(3.5 8234250),(4.5 7162293),(5.5 11459639),(6.5 11147915),(7.5 9954975),(8.5 8960810),(9.5 7178003),(10.5 8075990),(11.5 5907896),(12.5 7116976.5),(13.5 6684502.5),(14.5 5073862),(15.5 4887553.5),(16.5 3964099.5),(17.5 4186541.8),(18.5 3041991.8),(19.5 2943862.8),(20.5 2573356.5),(21.5 2693608.3),(22.5 2888608.8),(23.5 2315253.5),(24.5 2200329.8),(25.5 1943112.5),(26.5 1631868.5),(27.5 1742657.1),(28.5 1473044.9),(29.5 1381275.3),(30.5 1206702.9),(31.5 1202458.3),(32.5 983419.94),(33.5 1121753.5),(34.5 921070.4),(35.5 827806.94),(36.5 780222.7),(37.5 820746.1),(38.5 730925.56),(39.5 700844.1),(40.5 655095.6),(41.5 538740.44),(42.5 554935.9),(43.5 570690.44),(44.5 565675.1),(45.5 432566.03),(46.5 434115.38),(47.5 413593.1),(48.5 483581.66),(49.5 453016.34),(50.5 357538.06),(51.5 388297.4),(52.5 350051.13),(53.5 297748.97),(54.5 286889.25),(55.5 310245.75),(56.5 254116.73),(57.5 258141.19),(58.5 235280.2),(59.5 229180.63),(60.5 221761.83),(61.5 234710.8),(62.5 226504.9),(63.5 194909.55),(64.5 203575.03),(65.5 181276.33),(66.5 166786.55),(67.5 182945.61),(68.5 152038.52),(69.5 135139.25),(70.5 150368.08),(71.5 160148.03),(72.5 150831.22),(73.5 163929.13),(74.5 146717.13),(75.5 128805.1),(76.5 110308.97),(77.5 117993.945),(78.5 115850.97),(79.5 116493.96),(80.5 118004),(81.5 113925.82),(82.5 98511.32),(83.5 101677.84),(84.5 101436.47),(85.5 91081.96),(86.5 95579.95),(87.5 85882.46),(88.5 89384.02),(89.5 83367.37),(90.5 85071.12),(91.5 78513.445),(92.5 75451.2),(93.5 74863.516),(94.5 64504.01),(95.5 67127.125),(96.5 69863.414),(97.5 67248.37),(98.5 68518.32),(99.5 63565.926),(100.5 62290.535),(101.5 61152.176),(102.5 61475.8),(103.5 60235.12),(104.5 58030.094),(105.5 52871.133),(106.5 50404.652),(107.5 49827.324),(108.5 48785.555),(109.5 49618.418),(110.5 49487.305),(111.5 44476.684),(112.5 43424.055),(113.5 42212.313),(114.5 41290.645),(115.5 41316.563),(116.5 38171.83),(117.5 36968.285),(118.5 35235.918),(119.5 33606.47),(120.5 34691.66),(121.5 32277.16),(122.5 33002.395),(123.5 33868.367),(124.5 30254.049),(125.5 30793.621),(126.5 29876.05),(127.5 29987.256),(128.5 29916.65),(129.5 28624.809),(130.5 29108.191),(131.5 26232.271),(132.5 26288.55),(133.5 25611.203),(134.5 28213.848),(135.5 24931.232),(136.5 24731.508),(137.5 24000.693),(138.5 24422.693),(139.5 23849.45),(140.5 22136.402),(141.5 23035.674),(142.5 23713.14),(143.5 22122.547),(144.5 22084.996),(145.5 20435.504),(146.5 19718.605),(147.5 19165.307),(148.5 18621.303),(149.5 18012.115),(150.5 18235.305),(151.5 18141.021),(152.5 17342.943),(153.5 17085.477),(154.5 16944.31),(155.5 16760.727),(156.5 15855.085),(157.5 15874.465),(158.5 15764.091),(159.5 15001.363),(160.5 15017.825),(161.5 13900.659),(162.5 13492.57),(163.5 13549.297),(164.5 12880.992),(165.5 12717.035),(166.5 12825.919),(167.5 13019.407),(168.5 12503.247),(169.5 11516.699),(170.5 11935.139),(171.5 11574.76),(172.5 11695.162),(173.5 11349.508),(174.5 11068.733),(175.5 11104.269),(176.5 10463.05),(177.5 10447.347),(178.5 10330.114),(179.5 9803.372),(180.5 9575.942),(181.5 8741.348),(182.5 8834.496),(183.5 9262.371),(184.5 9241.856),(185.5 8667.325),(186.5 8100.5205),(187.5 8574.853),(188.5 8593.341),(189.5 7992.3823),(190.5 7786.5317),(191.5 7471.396),(192.5 7484.7095),(193.5 7138.7617),(194.5 7198.1284),(195.5 7369.4272),(196.5 7238.846),(197.5 7176.5513),(198.5 6633.422),(199.5 6305.178),(200.5 6184.307),(201.5 6463.5596),(202.5 6731.825),(203.5 6631.2637),(204.5 6296.903),(205.5 6003.4956),(206.5 5683.1504),(207.5 5751.698),(208.5 5669.4976),(209.5 5497.4106),(210.5 5618.769),(211.5 5340.489),(212.5 5013.9663),(213.5 4886.908),(214.5 4936.0864),(215.5 4951.1665),(216.5 4981.2026),(217.5 4958.435),(218.5 4902.816),(219.5 4623.8877),(220.5 4526.7056),(221.5 4493.4956),(222.5 4377.243),(223.5 4616.721),(224.5 4262.7705),(225.5 4108.419),(226.5 3874.6494),(227.5 3705.7837),(228.5 3753.898),(229.5 3798.4834),(230.5 4063.874),(231.5 3792.0293),(232.5 3612.1191),(233.5 3554.5513),(234.5 3487.8638),(235.5 3495.565),(236.5 3453.7732),(237.5 3328.9944),(238.5 3278.8145),(239.5 3236.9812),(240.5 3224.869),(241.5 3086.5933),(242.5 3165.1785),(243.5 3099.7024),(244.5 2973.8323),(245.5 3061.2813),(246.5 2793.4177),(247.5 2813.3948),(248.5 2739.022),(249.5 2654.0032),(250.5 2582.7693),(251.5 2468.3862),(252.5 2528.7476),(253.5 2480.2717),(254.5 2382.023),(255.5 2373.336),(256.5 2316.4775),(257.5 2369.626),(258.5 2323.9133),(259.5 2290.9421),(260.5 2189.5667),(261.5 2203.1855),(262.5 2148.1294),(263.5 2061.2732),(264.5 2094.0737),(265.5 2011.6832),(266.5 2014.3351),(267.5 1973.2347),(268.5 1913.1332),(269.5 1943.1014),(270.5 1835.1707),(271.5 1832.2422),(272.5 1876.9017),(273.5 1854.2654),(274.5 1760.0677),(275.5 1714.7068),(276.5 1706.2561),(277.5 1693.3678),(278.5 1614.8792),(279.5 1582.4994),(280.5 1523.2417),(281.5 1574.6239),(282.5 1529.3743),(283.5 1541.0483),(284.5 1511.0952),(285.5 1493.2366),(286.5 1480.2064),(287.5 1412.0057),(288.5 1352.9572),(289.5 1415.2025),(290.5 1400.5593),(291.5 1369.0249),(292.5 1293.8889),(293.5 1277.6887),(294.5 1272.071),(295.5 1231.5215),(296.5 1197.1366),(297.5 1185.5189),(298.5 1189.0566),(299.5 1170.909),(300.5 1125.066),(301.5 1136.6556),(302.5 1125.0549),(303.5 1107.5026),(304.5 1075.4287),(305.5 1081.4736),(306.5 1034.9999),(307.5 1038.0826),(308.5 1021.6342),(309.5 960.6951),(310.5 991.5857),(311.5 989.33606),(312.5 979.0258),(313.5 933.2313),(314.5 918.04865),(315.5 885.1424),(316.5 895.8381),(317.5 867.7399),(318.5 834.17706),(319.5 829.1269),(320.5 832.2162),(321.5 820.79266),(322.5 784.82684),(323.5 826.5027),(324.5 798.38464),(325.5 778.5237),(326.5 756.40625),(327.5 750.7364),(328.5 741.9042),(329.5 754.1634),(330.5 714.4646),(331.5 709.7912),(332.5 710.19684),(333.5 681.80444),(334.5 658.05676),(335.5 648.5728),(336.5 652.1225),(337.5 646.86395),(338.5 636.7827),(339.5 631.1751),(340.5 610.9464),(341.5 587.88684),(342.5 593.6394),(343.5 586.72394),(344.5 576.8093),(345.5 556.9117),(346.5 566.64734),(347.5 540.3124),(348.5 545.0369),(349.5 541.96674),(350.5 548.434),(351.5 532.2789),(352.5 515.4378),(353.5 520.0921),(354.5 511.1583),(355.5 493.64532),(356.5 487.61658),(357.5 473.4401),(358.5 481.4413),(359.5 480.39624),(360.5 464.4375),(361.5 469.85687),(362.5 449.83356),(363.5 441.79465),(364.5 426.04736),(365.5 429.2873),(366.5 424.34668),(367.5 415.73315),(368.5 413.01724),(369.5 395.24036),(370.5 387.99576),(371.5 390.8567),(372.5 380.74612),(373.5 370.98605),(374.5 362.736),(375.5 370.55057),(376.5 369.51675),(377.5 357.58142),(378.5 351.47287),(379.5 344.91766),(380.5 337.66898),(381.5 338.50638),(382.5 340.76297),(383.5 337.014),(384.5 333.18503),(385.5 325.92892),(386.5 308.9928),(387.5 305.52203),(388.5 299.597),(389.5 297.81058),(390.5 302.66122),(391.5 285.92404),(392.5 294.23236),(393.5 289.7375),(394.5 283.412),(395.5 292.70364),(396.5 279.20352),(397.5 277.9573),(398.5 274.3585),(399.5 270.87915),(400.5 268.9462),(401.5 259.84198),(402.5 249.2991),(403.5 245.55649),(404.5 251.79716),(405.5 251.92609),(406.5 238.6473),(407.5 232.3917),(408.5 232.69415),(409.5 231.39482),(410.5 229.32901),(411.5 225.43156),(412.5 225.40132),(413.5 220.66946),(414.5 211.19495),(415.5 205.79973),(416.5 206.82089),(417.5 206.4613),(418.5 209.31184),(419.5 203.82478),(420.5 204.14801),(421.5 194.36519),(422.5 196.72061),(423.5 188.63597),(424.5 192.24945),(425.5 188.42183),(426.5 190.23833),(427.5 180.77753),(428.5 176.6632),(429.5 174.24553),(430.5 169.79916),(431.5 172.18079),(432.5 166.5759),(433.5 171.68428),(434.5 164.66125),(435.5 169.33377),(436.5 159.2843),(437.5 162.31546),(438.5 163.21161),(439.5 158.39592),(440.5 158.82191),(441.5 155.2592),(442.5 154.36899),(443.5 148.3254),(444.5 148.9212),(445.5 147.80035),(446.5 146.12883),(447.5 144.97104),(448.5 147.83002),(449.5 140.38411),(450.5 140.38661),(451.5 139.86462),(452.5 136.81303),(453.5 140.51852),(454.5 136.7515),(455.5 136.988),(456.5 133.60931),(457.5 134.40178),(458.5 130.96011),(459.5 130.23462),(460.5 132.39359),(461.5 125.12621),(462.5 127.58792),(463.5 125.93338),(464.5 123.10876),(465.5 124.8649),(466.5 123.71648),(467.5 126.38068),(468.5 122.621346),(469.5 122.80141),(470.5 119.224655),(471.5 118.0767),(472.5 117.795555),(473.5 118.54057),(474.5 120.47771),(475.5 119.45482),(476.5 117.60795),(477.5 115.716736),(478.5 112.71136),(479.5 111.38647),(480.5 112.02545),(481.5 113.59867),(482.5 115.47441),(483.5 108.358284),(484.5 109.56707),(485.5 106.927315),(486.5 112.292465),(487.5 107.61928),(488.5 106.5808),(489.5 109.918526),(490.5 108.819695),(491.5 103.8187),(492.5 109.46571),(493.5 107.9657),(494.5 108.84342),(495.5 103.778336),(496.5 109.19139),(497.5 108.61324),(498.5 104.53282),(499.5 106.087524),
(1.5 5722201.5),(2.5 5968972),(3.5 8524772),(4.5 7411529),(5.5 11964783),(6.5 11364246),(7.5 10119557),(8.5 9071696),(9.5 7251867),(10.5 8204019.5),(11.5 6009879),(12.5 7121874),(13.5 6766468),(14.5 5083328),(15.5 4836266),(16.5 3951767.5),(17.5 4233510),(18.5 3038903.3),(19.5 2985835.5),(20.5 2586627.8),(21.5 2684194.3),(22.5 2898429.3),(23.5 2301983.8),(24.5 2181677.5),(25.5 1952404.5),(26.5 1654647.9),(27.5 1765417.1),(28.5 1460883.5),(29.5 1373597.1),(30.5 1182428.6),(31.5 1202493.3),(32.5 989345.5),(33.5 1118607.4),(34.5 915636.7),(35.5 836209.7),(36.5 786608.6),(37.5 820824.94),(38.5 730266.6),(39.5 705161),(40.5 658381.7),(41.5 539170.6),(42.5 562272.9),(43.5 574536.94),(44.5 567361.25),(45.5 445756.75),(46.5 433029.34),(47.5 411576.16),(48.5 484811.03),(49.5 453992.53),(50.5 363471.44),(51.5 389998.25),(52.5 348727.38),(53.5 300490.3),(54.5 284950.28),(55.5 310694.47),(56.5 259651.45),(57.5 260237.16),(58.5 237122.5),(59.5 229038.28),(60.5 224203.1),(61.5 233431.75),(62.5 228210.58),(63.5 195222.06),(64.5 204041.8),(65.5 181040.6),(66.5 164582.94),(67.5 183281.58),(68.5 152153.52),(69.5 134548.19),(70.5 149547.02),(71.5 159016.36),(72.5 149529.5),(73.5 161209.42),(74.5 144166.27),(75.5 126116.14),(76.5 108441.54),(77.5 116330.73),(78.5 116203.914),(79.5 117136.41),(80.5 119241.21),(81.5 112997.55),(82.5 98585.28),(83.5 102920.2),(84.5 102966.3),(85.5 92477.055),(86.5 96169.93),(87.5 86097.305),(88.5 90029.16),(89.5 83162.1),(90.5 84954.93),(91.5 78031.34),(92.5 75384.47),(93.5 74666.92),(94.5 65388.992),(95.5 67763.04),(96.5 69773.74),(97.5 67471.336),(98.5 68579.805),(99.5 62970.98),(100.5 61457.215),(101.5 60124.85),(102.5 61494.64),(103.5 59767.41),(104.5 57372.426),(105.5 52250.023),(106.5 50464.152),(107.5 49125.605),(108.5 48237.387),(109.5 49213.32),(110.5 49570.766),(111.5 45157.816),(112.5 43738.656),(113.5 42482.27),(114.5 41137.2),(115.5 41939.29),(116.5 38507.754),(117.5 37131.51),(118.5 35818.258),(119.5 34041.99),(120.5 35462.152),(121.5 32776.81),(122.5 33303.77),(123.5 33904.31),(124.5 30496.162),(125.5 31140.088),(126.5 29729.78),(127.5 29743.385),(128.5 29728.514),(129.5 28437.996),(130.5 29154.402),(131.5 26079.34),(132.5 26323.125),(133.5 25591.734),(134.5 27953.764),(135.5 25027.918),(136.5 24625.588),(137.5 24137.197),(138.5 24702.102),(139.5 23834.186),(140.5 22144.814),(141.5 23050.598),(142.5 23688.156),(143.5 22160.457),(144.5 21861.32),(145.5 20422.535),(146.5 19513.947),(147.5 19066.387),(148.5 18559.201),(149.5 18210.387),(150.5 18186.148),(151.5 18103.482),(152.5 17405.469),(153.5 17061.803),(154.5 16786.793),(155.5 16590.566),(156.5 15832.775),(157.5 15752.889),(158.5 15728.361),(159.5 14765.265),(160.5 14692.831),(161.5 14006.647),(162.5 13294.961),(163.5 13477.89),(164.5 12782.26),(165.5 12566.375),(166.5 12742.116),(167.5 12967.419),(168.5 12424.2295),(169.5 11406.468),(170.5 11833.655),(171.5 11513.214),(172.5 11726.046),(173.5 11279.715),(174.5 11032.592),(175.5 11073.924),(176.5 10300.643),(177.5 10401.978),(178.5 10339.436),(179.5 9743.902),(180.5 9446.471),(181.5 8710.304),(182.5 8775.445),(183.5 9290.404),(184.5 9124.3),(185.5 8577.042),(186.5 8192.23),(187.5 8644.198),(188.5 8654.948),(189.5 7958.607),(190.5 7670.4023),(191.5 7441.1694),(192.5 7424.849),(193.5 7041.551),(194.5 7197.362),(195.5 7448.4136),(196.5 7241.935),(197.5 7189.916),(198.5 6529.8936),(199.5 6274.611),(200.5 6213.2524),(201.5 6473.7197),(202.5 6692.942),(203.5 6540.8125),(204.5 6326.075),(205.5 6025.963),(206.5 5690.746),(207.5 5789.487),(208.5 5659.1523),(209.5 5560.692),(210.5 5639.947),(211.5 5336.5293),(212.5 5000.243),(213.5 4890.8223),(214.5 4917.9707),(215.5 5022.506),(216.5 4999.9556),(217.5 4963.281),(218.5 4849.5474),(219.5 4631.663),(220.5 4564.372),(221.5 4519.219),(222.5 4386.2046),(223.5 4676.132),(224.5 4230.6343),(225.5 4118.0137),(226.5 3882.7913),(227.5 3758.5774),(228.5 3789.7554),(229.5 3836.3193),(230.5 4104.3853),(231.5 3833.1965),(232.5 3648.2107),(233.5 3569.439),(234.5 3491.204),(235.5 3487.9941),(236.5 3456.6753),(237.5 3345.599),(238.5 3289.3127),(239.5 3237.897),(240.5 3248.405),(241.5 3105.9863),(242.5 3190.1746),(243.5 3138.9128),(244.5 2966.7114),(245.5 3055.6873),(246.5 2787.4617),(247.5 2812.6628),(248.5 2756.2927),(249.5 2696.125),(250.5 2594.8086),(251.5 2454.0525),(252.5 2547.4297),(253.5 2484.717),(254.5 2396.8071),(255.5 2405.1392),(256.5 2337.0076),(257.5 2415.089),(258.5 2335.7405),(259.5 2292.7502),(260.5 2180.2832),(261.5 2201.7097),(262.5 2145.0142),(263.5 2075.957),(264.5 2109.629),(265.5 2039.2335),(266.5 2031.8396),(267.5 1967.9443),(268.5 1928.135),(269.5 1939.4807),(270.5 1837.0522),(271.5 1836.7814),(272.5 1858.3887),(273.5 1848.4081),(274.5 1759.1262),(275.5 1714.9092),(276.5 1700.8248),(277.5 1703.7389),(278.5 1622.9473),(279.5 1602.3951),(280.5 1519.0746),(281.5 1575.8541),(282.5 1531.3812),(283.5 1551.4788),(284.5 1522.1342),(285.5 1502.3871),(286.5 1473.1176),(287.5 1412.6244),(288.5 1341.6008),(289.5 1398.9331),(290.5 1410.3566),(291.5 1375.039),(292.5 1295.4299),(293.5 1290.5885),(294.5 1284.7896),(295.5 1240.385),(296.5 1192.0385),(297.5 1183.8643),(298.5 1190.445),(299.5 1165.9644),(300.5 1124.6854),(301.5 1137.4382),(302.5 1125.8391),(303.5 1103.7981),(304.5 1071.103),(305.5 1071.1984),(306.5 1033.72),(307.5 1033.3696),(308.5 1014.4246),(309.5 951.2506),(310.5 988.4959),(311.5 987.3341),(312.5 972.0207),(313.5 924.94617),(314.5 917.45166),(315.5 886.7279),(316.5 888.9145),(317.5 866.22815),(318.5 830.8465),(319.5 836.57117),(320.5 843.7844),(321.5 830.99664),(322.5 784.44775),(323.5 821.78796),(324.5 802.5668),(325.5 779.7609),(326.5 755.47546),(327.5 753.9328),(328.5 739.5964),(329.5 746.1743),(330.5 706.0559),(331.5 703.1947),(332.5 710.5935),(333.5 686.8437),(334.5 667.42017),(335.5 650.49805),(336.5 657.7734),(337.5 651.3914),(338.5 641.53424),(339.5 632.18634),(340.5 613.43835),(341.5 585.55493),(342.5 596.7559),(343.5 590.737),(344.5 575.40356),(345.5 561.3907),(346.5 559.9895),(347.5 545.0321),(348.5 547.5803),(349.5 541.5524),(350.5 552.51776),(351.5 532.4793),(352.5 511.1883),(353.5 517.193),(354.5 506.76407),(355.5 492.03256),(356.5 487.4048),(357.5 473.46805),(358.5 480.9236),(359.5 481.76346),(360.5 462.799),(361.5 467.25546),(362.5 448.9909),(363.5 446.01212),(364.5 429.74063),(365.5 428.081),(366.5 425.23428),(367.5 418.11032),(368.5 416.7044),(369.5 399.96414),(370.5 386.8815),(371.5 389.318),(372.5 385.02817),(373.5 373.6854),(374.5 363.99942),(375.5 372.7556),(376.5 371.5656),(377.5 356.37625),(378.5 352.29376),(379.5 344.72073),(380.5 339.01727),(381.5 334.1293),(382.5 340.00232),(383.5 339.02045),(384.5 333.6578),(385.5 327.6949),(386.5 308.52643),(387.5 302.62497),(388.5 301.16544),(389.5 297.50034),(390.5 302.34277),(391.5 289.2557),(392.5 296.39307),(393.5 290.3387),(394.5 281.56488),(395.5 288.73056),(396.5 279.2966),(397.5 279.85596),(398.5 277.29446),(399.5 269.86237),(400.5 268.57437),(401.5 259.9929),(402.5 249.91359),(403.5 246.16223),(404.5 253.28972),(405.5 252.43646),(406.5 238.72852),(407.5 233.445),(408.5 232.749),(409.5 229.73538),(410.5 227.58638),(411.5 224.93602),(412.5 224.12343),(413.5 217.736),(414.5 209.00645),(415.5 205.85449),(416.5 206.18933),(417.5 207.15622),(418.5 209.50267),(419.5 203.86234),(420.5 203.0403),(421.5 193.97531),(422.5 195.5988),(423.5 189.32486),(424.5 191.21577),(425.5 189.32578),(426.5 190.28519),(427.5 181.73378),(428.5 177.27892),(429.5 172.37576),(430.5 171.21356),(431.5 172.24904),(432.5 165.36275),(433.5 170.69466),(434.5 165.11002),(435.5 170.35484),(436.5 160.7931),(437.5 163.0891),(438.5 163.22864),(439.5 158.94543),(440.5 157.32648),(441.5 154.9252),(442.5 153.8931),(443.5 149.24202),(444.5 149.99239),(445.5 149.55536),(446.5 146.09286),(447.5 144.8663),(448.5 148.54053),(449.5 141.62407),(450.5 138.8187),(451.5 140.54622),(452.5 138.32939),(453.5 140.90005),(454.5 136.78694),(455.5 137.10283),(456.5 133.17903),(457.5 133.04051),(458.5 130.10712),(459.5 130.54234),(460.5 132.31189),(461.5 124.54649),(462.5 129.12984),(463.5 125.62459),(464.5 122.934746),(465.5 124.98606),(466.5 124.45185),(467.5 126.20003),(468.5 122.88309),(469.5 124.242355),(470.5 119.70548),(471.5 117.64994),(472.5 117.80264),(473.5 116.8833),(474.5 120.37263),(475.5 119.23229),(476.5 116.84253),(477.5 116.68532),(478.5 112.841415),(479.5 110.60694),(480.5 111.45514),(481.5 112.00234),(482.5 114.54046),(483.5 108.27976),(484.5 111.0072),(485.5 106.88304),(486.5 111.780014),(487.5 107.02037),(488.5 106.76526),(489.5 109.37743),(490.5 108.072495),(491.5 103.87635),(492.5 108.47469),(493.5 107.42814),(494.5 109.30056),(495.5 104.006874),(496.5 108.85092),(497.5 108.15452),(498.5 105.189766),(499.5 105.99489),
(1.5 5950447.5),(2.5 6121976.5),(3.5 8770293),(4.5 7678933.5),(5.5 12437709),(6.5 11591610),(7.5 10259497),(8.5 9184881),(9.5 7315968),(10.5 8326625),(11.5 6093054),(12.5 7122672.5),(13.5 6835434.5),(14.5 5088031.5),(15.5 4781488.5),(16.5 3946979.8),(17.5 4287645),(18.5 3035069),(19.5 3028189),(20.5 2600135.5),(21.5 2668699.8),(22.5 2899057.5),(23.5 2284641.3),(24.5 2165251.3),(25.5 1960487.5),(26.5 1677344.1),(27.5 1783356),(28.5 1445431.3),(29.5 1362777.4),(30.5 1161720.4),(31.5 1200723.3),(32.5 994691.44),(33.5 1115079.3),(34.5 910635.8),(35.5 844192.9),(36.5 794959.2),(37.5 821925.6),(38.5 730167.06),(39.5 710543.4),(40.5 663659.7),(41.5 539859.1),(42.5 572173.25),(43.5 578835.3),(44.5 566941.06),(45.5 459273.53),(46.5 433090.25),(47.5 408051.53),(48.5 484151.1),(49.5 455378.75),(50.5 368846.25),(51.5 391988),(52.5 346763.47),(53.5 301639.88),(54.5 284079.47),(55.5 308757.5),(56.5 264478.22),(57.5 260852.39),(58.5 237625.73),(59.5 228129.14),(60.5 225367.56),(61.5 232271.52),(62.5 229642.1),(63.5 196699.5),(64.5 203300.38),(65.5 179999.97),(66.5 162013.72),(67.5 182710.94),(68.5 151540.77),(69.5 134788.78),(70.5 148864.95),(71.5 158255.94),(72.5 148208.63),(73.5 158351.23),(74.5 141142.81),(75.5 123464.21),(76.5 107003.34),(77.5 115319.97),(78.5 117026.016),(79.5 118135.164),(80.5 120677.81),(81.5 112453.16),(82.5 98336.72),(83.5 104102.59),(84.5 104252.55),(85.5 93635.08),(86.5 95874.08),(87.5 86531.09),(88.5 89846.555),(89.5 82940.336),(90.5 84255.45),(91.5 77113.93),(92.5 74996.35),(93.5 73739.43),(94.5 66021.24),(95.5 68319.94),(96.5 69731.4),(97.5 68273.55),(98.5 69094.81),(99.5 63008.797),(100.5 61483.883),(101.5 59633.313),(102.5 61284.242),(103.5 59256.402),(104.5 56564.21),(105.5 51883.66),(106.5 50353.16),(107.5 48461.773),(108.5 47763.566),(109.5 48805.22),(110.5 49149.453),(111.5 45538.51),(112.5 43918.617),(113.5 42675.8),(114.5 41388.77),(115.5 42322.82),(116.5 39271.008),(117.5 37637.01),(118.5 36541.043),(119.5 34560.81),(120.5 35907.89),(121.5 33489.684),(122.5 33512.09),(123.5 33813.824),(124.5 30879.227),(125.5 31335.252),(126.5 29843.021),(127.5 29554.615),(128.5 29571.227),(129.5 28420.543),(130.5 29258.621),(131.5 25917.7),(132.5 26465.492),(133.5 25823.684),(134.5 27764.078),(135.5 24986.217),(136.5 24399.803),(137.5 24186.42),(138.5 24704.645),(139.5 23983.814),(140.5 22302.115),(141.5 23148.863),(142.5 23732.256),(143.5 22018.916),(144.5 21718.709),(145.5 20350.47),(146.5 19494.322),(147.5 19147.014),(148.5 18554.512),(149.5 18484.182),(150.5 18348.994),(151.5 18082.492),(152.5 17478),(153.5 17086.94),(154.5 16462.533),(155.5 16396.277),(156.5 15779.674),(157.5 15695.743),(158.5 15420.6875),(159.5 14671.079),(160.5 14548.966),(161.5 13972.633),(162.5 13098.944),(163.5 13284.108),(164.5 12777.853),(165.5 12491.639),(166.5 12725.835),(167.5 12961.049),(168.5 12362.484),(169.5 11404.3955),(170.5 11760.607),(171.5 11450.104),(172.5 11770.525),(173.5 11362.305),(174.5 11066.266),(175.5 11003.614),(176.5 10280.331),(177.5 10276.379),(178.5 10294.327),(179.5 9695.645),(180.5 9484.1045),(181.5 8808.68),(182.5 8792.849),(183.5 9291.843),(184.5 9069.002),(185.5 8551.651),(186.5 8185.6855),(187.5 8708.824),(188.5 8670.894),(189.5 7945.1934),(190.5 7642.5073),(191.5 7393.5957),(192.5 7389.134),(193.5 6965.336),(194.5 7137.468),(195.5 7437.71),(196.5 7277.1143),(197.5 7164.621),(198.5 6452.544),(199.5 6244.194),(200.5 6200.075),(201.5 6432.8237),(202.5 6599.539),(203.5 6440.427),(204.5 6353.371),(205.5 6055.807),(206.5 5696.806),(207.5 5834.7324),(208.5 5647.108),(209.5 5597.622),(210.5 5642.0933),(211.5 5308.472),(212.5 5003.1465),(213.5 4923.168),(214.5 4883.046),(215.5 5056.552),(216.5 4991.369),(217.5 4964.4653),(218.5 4883.345),(219.5 4667.6104),(220.5 4605.338),(221.5 4512.54),(222.5 4459.431),(223.5 4722.3716),(224.5 4235.692),(225.5 4130.1323),(226.5 3901.9663),(227.5 3823.5703),(228.5 3792.353),(229.5 3841.2463),(230.5 4093.3298),(231.5 3893.6248),(232.5 3708.3716),(233.5 3579.9814),(234.5 3479.4868),(235.5 3431.3923),(236.5 3440.0088),(237.5 3336.415),(238.5 3295.5693),(239.5 3251.4888),(240.5 3286.3801),(241.5 3124.8782),(242.5 3189.0342),(243.5 3146.1602),(244.5 3014.2498),(245.5 3052.2097),(246.5 2791.4055),(247.5 2810.352),(248.5 2760.643),(249.5 2698.5535),(250.5 2589.566),(251.5 2442.668),(252.5 2542.4236),(253.5 2483.4648),(254.5 2440.0667),(255.5 2434.9165),(256.5 2353.6616),(257.5 2432.6501),(258.5 2345.7935),(259.5 2300.44),(260.5 2154.7107),(261.5 2176.7417),(262.5 2127.2815),(263.5 2086.0881),(264.5 2121.6199),(265.5 2071.1985),(266.5 2045.4515),(267.5 1975.0663),(268.5 1930.8336),(269.5 1956.652),(270.5 1852.37),(271.5 1862.5317),(272.5 1878.9163),(273.5 1856.528),(274.5 1749.5928),(275.5 1695.2751),(276.5 1698.9282),(277.5 1693.8918),(278.5 1633.2793),(279.5 1600.2859),(280.5 1522.1605),(281.5 1575.5101),(282.5 1538.9047),(283.5 1535.934),(284.5 1526.1311),(285.5 1504.4116),(286.5 1472.8063),(287.5 1412.5428),(288.5 1339.1793),(289.5 1390.8188),(290.5 1407.8251),(291.5 1376.6704),(292.5 1295.4811),(293.5 1283.9822),(294.5 1268.7655),(295.5 1231.4518),(296.5 1191.1879),(297.5 1192.3324),(298.5 1193.8427),(299.5 1163.2991),(300.5 1129.861),(301.5 1140.7633),(302.5 1112.813),(303.5 1100.3619),(304.5 1065.7513),(305.5 1060.5145),(306.5 1040.159),(307.5 1036.3457),(308.5 1020.5346),(309.5 954.5885),(310.5 993.8005),(311.5 982.9279),(312.5 970.9846),(313.5 923.3302),(314.5 920.55365),(315.5 898.88824),(316.5 890.74445),(317.5 865.3852),(318.5 835.8262),(319.5 846.1828),(320.5 839.29486),(321.5 829.21716),(322.5 789.68335),(323.5 828.9948),(324.5 814.3098),(325.5 786.62036),(326.5 757.9282),(327.5 754.03076),(328.5 742.9358),(329.5 737.6911),(330.5 705.9608),(331.5 700.3848),(332.5 715.92957),(333.5 688.6303),(334.5 657.4214),(335.5 644.76447),(336.5 655.4316),(337.5 648.84436),(338.5 634.772),(339.5 633.7103),(340.5 611.84326),(341.5 590.98755),(342.5 602.0456),(343.5 594.56934),(344.5 578.407),(345.5 559.94775),(346.5 559.2923),(347.5 546.0829),(348.5 545.93085),(349.5 538.7218),(350.5 554.21246),(351.5 531.8144),(352.5 510.60052),(353.5 522.4262),(354.5 509.86316),(355.5 496.12042),(356.5 487.2275),(357.5 472.7452),(358.5 485.53146),(359.5 480.79538),(360.5 464.3786),(361.5 465.05075),(362.5 452.93472),(363.5 449.07584),(364.5 434.741),(365.5 427.50577),(366.5 426.82074),(367.5 416.5789),(368.5 417.63443),(369.5 400.08542),(370.5 388.32233),(371.5 392.146),(372.5 384.78326),(373.5 374.9349),(374.5 366.40717),(375.5 373.24103),(376.5 367.16086),(377.5 356.75473),(378.5 352.04144),(379.5 343.6009),(380.5 337.5491),(381.5 335.7819),(382.5 341.42795),(383.5 340.98294),(384.5 333.39832),(385.5 332.0658),(386.5 309.5784),(387.5 302.82944),(388.5 302.59424),(389.5 297.39374),(390.5 302.9073),(391.5 289.44382),(392.5 298.9559),(393.5 291.392),(394.5 285.59866),(395.5 292.57535),(396.5 282.43628),(397.5 279.08066),(398.5 277.10043),(399.5 270.70975),(400.5 266.74768),(401.5 260.13986),(402.5 248.72365),(403.5 247.63309),(404.5 254.59122),(405.5 252.55878),(406.5 238.47995),(407.5 234.56941),(408.5 232.05461),(409.5 230.41377),(410.5 228.87149),(411.5 224.02557),(412.5 225.13864),(413.5 217.00394),(414.5 210.75197),(415.5 207.3307),(416.5 206.9186),(417.5 207.36041),(418.5 210.43808),(419.5 204.2812),(420.5 202.1861),(421.5 196.1421),(422.5 196.4529),(423.5 187.90474),(424.5 191.88889),(425.5 191.61473),(426.5 191.23709),(427.5 183.13615),(428.5 177.4579),(429.5 172.37813),(430.5 172.86583),(431.5 171.335),(432.5 166.40807),(433.5 170.60153),(434.5 163.8637),(435.5 171.92659),(436.5 159.88734),(437.5 162.35548),(438.5 163.12856),(439.5 157.51752),(440.5 157.51102),(441.5 155.6132),(442.5 152.28093),(443.5 147.78093),(444.5 150.47012),(445.5 148.42163),(446.5 145.54994),(447.5 143.88611),(448.5 147.85347),(449.5 141.233),(450.5 138.11186),(451.5 140.80939),(452.5 139.86192),(453.5 140.58032),(454.5 136.68954),(455.5 136.94272),(456.5 133.02806),(457.5 133.1234),(458.5 129.93643),(459.5 130.96678),(460.5 133.10902),(461.5 124.80961),(462.5 128.13922),(463.5 125.804214),(464.5 123.732124),(465.5 125.20209),(466.5 123.777054),(467.5 127.05989),(468.5 123.59245),(469.5 123.527725),(470.5 120.292274),(471.5 117.86866),(472.5 118.48935),(473.5 116.08012),(474.5 120.878105),(475.5 119.45436),(476.5 116.51022),(477.5 116.806496),(478.5 112.125824),(479.5 110.572266),(480.5 111.828926),(481.5 112.788574),(482.5 114.501625),(483.5 107.78979),(484.5 111.11001),(485.5 106.94384),(486.5 111.7577),(487.5 106.704124),(488.5 106.01191),(489.5 108.90509),(490.5 108.67392),(491.5 104.53552),(492.5 107.926445),(493.5 106.81432),(494.5 109.13668),(495.5 104.19748),(496.5 108.58211),(497.5 107.90167),(498.5 105.24508),(499.5 105.6625),
(1.5 6220891.5),(2.5 6280300),(3.5 9061860),(4.5 7914162),(5.5 12886535),(6.5 11812548),(7.5 10388379),(8.5 9288130),(9.5 7380999.5),(10.5 8445633),(11.5 6171990.5),(12.5 7101612),(13.5 6891444),(14.5 5090856.5),(15.5 4726288.5),(16.5 3951924.8),(17.5 4345942),(18.5 3027974),(19.5 3060190.5),(20.5 2611918.3),(21.5 2653008.8),(22.5 2891904.8),(23.5 2261101),(24.5 2145130),(25.5 1965905.8),(26.5 1698828.8),(27.5 1796102.6),(28.5 1428792.4),(29.5 1354689.3),(30.5 1144041.4),(31.5 1200803.3),(32.5 1002882.56),(33.5 1110318.6),(34.5 905677.2),(35.5 855313.06),(36.5 803005.5),(37.5 823543.4),(38.5 729455.94),(39.5 716576.1),(40.5 665483.1),(41.5 540711.75),(42.5 583186.6),(43.5 583117.06),(44.5 563871),(45.5 471339.8),(46.5 433631.3),(47.5 404279.9),(48.5 482080.6),(49.5 457421.63),(50.5 373381.06),(51.5 392967.06),(52.5 345241.34),(53.5 302059.97),(54.5 283272.28),(55.5 305550.06),(56.5 268791.97),(57.5 262443.8),(58.5 237189.9),(59.5 225870.28),(60.5 225088.06),(61.5 230794.58),(62.5 230133.38),(63.5 197733.31),(64.5 201510.03),(65.5 178280.64),(66.5 159405.48),(67.5 180248),(68.5 150673.75),(69.5 135719.55),(70.5 148334.9),(71.5 157141.92),(72.5 147128.4),(73.5 155653.58),(74.5 139133.7),(75.5 121347.89),(76.5 106469.805),(77.5 114934.14),(78.5 118484.9),(79.5 118685.66),(80.5 121849.41),(81.5 112082.125),(82.5 97970.05),(83.5 104524.88),(84.5 105270.9),(85.5 94471.6),(86.5 95154.766),(87.5 87108.82),(88.5 89346.64),(89.5 82654.27),(90.5 83276.81),(91.5 76197.32),(92.5 74695.164),(93.5 73149.96),(94.5 66490.72),(95.5 68886.74),(96.5 70083.734),(97.5 68892.25),(98.5 69831.555),(99.5 63143.297),(100.5 61465.324),(101.5 59191.598),(102.5 61131.15),(103.5 58567.867),(104.5 56001.246),(105.5 51656.477),(106.5 50141.91),(107.5 48000.05),(108.5 47476.527),(109.5 48634.07),(110.5 49032.99),(111.5 45977.004),(112.5 44257.387),(113.5 42979.27),(114.5 42041.914),(115.5 42357.15),(116.5 39862.12),(117.5 37956.973),(118.5 37063.313),(119.5 34738.527),(120.5 36260.11),(121.5 33872.035),(122.5 33791.195),(123.5 33778.117),(124.5 31089.219),(125.5 31067.822),(126.5 30039.639),(127.5 29454.262),(128.5 29355.164),(129.5 28522.02),(130.5 29137.727),(131.5 26026.965),(132.5 26443.99),(133.5 26109.273),(134.5 27678.158),(135.5 24701.303),(136.5 24208.28),(137.5 24355.664),(138.5 24821.492),(139.5 24153.996),(140.5 22458.322),(141.5 23411.133),(142.5 23915.016),(143.5 21920.715),(144.5 21692.248),(145.5 20442.89),(146.5 19388.338),(147.5 19218.879),(148.5 18601.865),(149.5 18728.219),(150.5 18546.04),(151.5 18031.107),(152.5 17608.951),(153.5 17075.975),(154.5 16228.558),(155.5 16282.195),(156.5 15821.426),(157.5 15699.236),(158.5 15214.165),(159.5 14594.531),(160.5 14463.516),(161.5 14005.706),(162.5 13134.659),(163.5 13197.932),(164.5 12779.072),(165.5 12591.287),(166.5 12801.406),(167.5 12830.843),(168.5 12464.8545),(169.5 11497.574),(170.5 11607.128),(171.5 11369.208),(172.5 11726.037),(173.5 11472.806),(174.5 11105.087),(175.5 10915.141),(176.5 10300.047),(177.5 10161.0625),(178.5 10194.134),(179.5 9630.448),(180.5 9496.77),(181.5 8888.253),(182.5 8858.756),(183.5 9202.541),(184.5 9034.184),(185.5 8606.359),(186.5 8163.0024),(187.5 8701.029),(188.5 8679.89),(189.5 7933.652),(190.5 7653.7324),(191.5 7289.8945),(192.5 7385.926),(193.5 6958.7666),(194.5 7090.685),(195.5 7477.9067),(196.5 7314.1196),(197.5 7167.368),(198.5 6416.1113),(199.5 6276.124),(200.5 6156.853),(201.5 6411.9395),(202.5 6550.6606),(203.5 6442.8096),(204.5 6445.7095),(205.5 6148.5376),(206.5 5763.0376),(207.5 5879.1504),(208.5 5723.514),(209.5 5698.829),(210.5 5680.6274),(211.5 5271.43),(212.5 5029.696),(213.5 4978.4272),(214.5 4953.155),(215.5 5089.8027),(216.5 5021.6455),(217.5 5007.905),(218.5 4953.715),(219.5 4689.79),(220.5 4640.276),(221.5 4531.5693),(222.5 4500.8467),(223.5 4734.114),(224.5 4214.67),(225.5 4096.25),(226.5 3868.1663),(227.5 3792.5703),(228.5 3802.5488),(229.5 3830.784),(230.5 4069.427),(231.5 3916.8403),(232.5 3723.681),(233.5 3603.4053),(234.5 3484.0378),(235.5 3449.5474),(236.5 3435.2246),(237.5 3338.584),(238.5 3299.26),(239.5 3256.0117),(240.5 3286.9116),(241.5 3141.4014),(242.5 3179.1785),(243.5 3128.7249),(244.5 3019.2314),(245.5 3053.505),(246.5 2779.713),(247.5 2785.61),(248.5 2758.5913),(249.5 2719.7185),(250.5 2609.887),(251.5 2458.9963),(252.5 2548.2146),(253.5 2488.08),(254.5 2445.8206),(255.5 2448.669),(256.5 2390.1816),(257.5 2452.906),(258.5 2357.957),(259.5 2306.737),(260.5 2162.4177),(261.5 2168.7065),(262.5 2136.2234),(263.5 2088.5906),(264.5 2124.0728),(265.5 2064.7292),(266.5 2036.0128),(267.5 1959.3224),(268.5 1930.6683),(269.5 1954.6696),(270.5 1870.8517),(271.5 1888.944),(272.5 1909.8047),(273.5 1857.6593),(274.5 1738.031),(275.5 1681.9938),(276.5 1681.1892),(277.5 1682.5549),(278.5 1637.3865),(279.5 1602.2433),(280.5 1529.5532),(281.5 1576.2969),(282.5 1547.9801),(283.5 1529.3422),(284.5 1535.7484),(285.5 1495.1179),(286.5 1468.225),(287.5 1406.5063),(288.5 1343.9487),(289.5 1383.8801),(290.5 1392.2872),(291.5 1361.7719),(292.5 1285.8762),(293.5 1281.4999),(294.5 1272.9972),(295.5 1231.2255),(296.5 1192.1797),(297.5 1193.931),(298.5 1210.4875),(299.5 1165.9401),(300.5 1132.1746),(301.5 1144.92),(302.5 1115.5413),(303.5 1095.9994),(304.5 1075.8545),(305.5 1062.0883),(306.5 1036.3013),(307.5 1041.6559),(308.5 1023.01697),(309.5 962.105),(310.5 984.7263),(311.5 971.5691),(312.5 967.1384),(313.5 921.7131),(314.5 919.78156),(315.5 903.1022),(316.5 896.1454),(317.5 868.45435),(318.5 840.8572),(319.5 847.66705),(320.5 839.172),(321.5 828.38403),(322.5 787.53375),(323.5 831.87317),(324.5 815.2859),(325.5 791.5798),(326.5 761.25757),(327.5 746.0934),(328.5 738.3814),(329.5 737.449),(330.5 700.2974),(331.5 703.1769),(332.5 706.0934),(333.5 688.39386),(334.5 649.56616),(335.5 641.2852),(336.5 646.75385),(337.5 646.11273),(338.5 637.47473),(339.5 633.10596),(340.5 611.71625),(341.5 598.1184),(342.5 605.07495),(343.5 595.09863),(344.5 579.7029),(345.5 557.38464),(346.5 563.1092),(347.5 550.9038),(348.5 546.086),(349.5 534.6665),(350.5 545.58636),(351.5 526.6151),(352.5 510.8154),(353.5 517.66125),(354.5 509.50653),(355.5 493.5076),(356.5 486.08228),(357.5 468.90173),(358.5 484.9487),(359.5 478.63748),(360.5 465.14902),(361.5 464.75253),(362.5 453.1525),(363.5 448.32794),(364.5 436.04666),(365.5 426.88058),(366.5 422.22443),(367.5 418.95386),(368.5 418.46313),(369.5 406.58307),(370.5 392.87598),(371.5 394.48846),(372.5 383.28543),(373.5 375.4046),(374.5 364.9464),(375.5 371.59076),(376.5 367.12735),(377.5 355.38498),(378.5 351.04404),(379.5 344.51483),(380.5 336.8978),(381.5 332.55978),(382.5 342.835),(383.5 342.91998),(384.5 336.6794),(385.5 330.08936),(386.5 311.89233),(387.5 303.6896),(388.5 303.63745),(389.5 297.57883),(390.5 305.8231),(391.5 289.25357),(392.5 298.30994),(393.5 288.84314),(394.5 284.97562),(395.5 291.99976),(396.5 281.41016),(397.5 277.9373),(398.5 277.1898),(399.5 273.3401),(400.5 266.6158),(401.5 261.68152),(402.5 247.88435),(403.5 247.92747),(404.5 253.17465),(405.5 251.90544),(406.5 238.02412),(407.5 233.47823),(408.5 232.27452),(409.5 231.51611),(410.5 229.70267),(411.5 222.49869),(412.5 224.20992),(413.5 215.98201),(414.5 211.16345),(415.5 207.77605),(416.5 206.23895),(417.5 205.97227),(418.5 211.65639),(419.5 204.46515),(420.5 200.99274),(421.5 197.52579),(422.5 197.55418),(423.5 189.97813),(424.5 194.47575),(425.5 191.66835),(426.5 190.1015),(427.5 183.06622),(428.5 177.67003),(429.5 172.62276),(430.5 174.08221),(431.5 172.77022),(432.5 167.30405),(433.5 172.25864),(434.5 165.52242),(435.5 172.56087),(436.5 162.51582),(437.5 162.47238),(438.5 162.87508),(439.5 156.07542),(440.5 154.97685),(441.5 155.39397),(442.5 151.7936),(443.5 147.77342),(444.5 151.82425),(445.5 150.17961),(446.5 146.10126),(447.5 143.46823),(448.5 149.5666),(449.5 141.03334),(450.5 138.44481),(451.5 141.10817),(452.5 140.26704),(453.5 140.65189),(454.5 136.07312),(455.5 137.68858),(456.5 132.588),(457.5 132.5286),(458.5 129.55522),(459.5 131.31155),(460.5 132.46115),(461.5 125.16872),(462.5 127.32617),(463.5 125.09352),(464.5 123.50297),(465.5 125.07673),(466.5 122.976944),(467.5 126.77443),(468.5 122.767525),(469.5 123.07492),(470.5 120.19972),(471.5 118.21582),(472.5 119.411804),(473.5 117.537994),(474.5 120.576965),(475.5 119.27122),(476.5 116.23443),(477.5 117.64535),(478.5 111.69555),(479.5 110.83132),(480.5 111.53062),(481.5 112.741974),(482.5 115.01248),(483.5 108.83383),(484.5 111.636055),(485.5 106.30595),(486.5 110.212944),(487.5 105.535385),(488.5 106.89359),(489.5 110.21498),(490.5 108.089806),(491.5 103.316414),(492.5 107.41188),(493.5 108.06382),(494.5 108.20068),(495.5 104.11998),(496.5 108.36258),(497.5 107.55209),(498.5 105.301186),(499.5 105.85798),
(1.5 6501831.5),(2.5 6441096),(3.5 9307729),(4.5 8139477.5),(5.5 13312669),(6.5 12034120),(7.5 10508731),(8.5 9396900),(9.5 7420084.5),(10.5 8539348),(11.5 6251583.5),(12.5 7065826),(13.5 6947908),(14.5 5098574.5),(15.5 4670575.5),(16.5 3962755.5),(17.5 4409818),(18.5 3022750.8),(19.5 3094944.8),(20.5 2628390.5),(21.5 2636112.8),(22.5 2882039),(23.5 2229243.3),(24.5 2122666.5),(25.5 1965715.9),(26.5 1716612.6),(27.5 1807505.1),(28.5 1409381.4),(29.5 1347347.9),(30.5 1130471),(31.5 1201306.3),(32.5 1010542.9),(33.5 1104277.9),(34.5 899672),(35.5 863767.9),(36.5 809739.94),(37.5 823574.4),(38.5 726325.25),(39.5 722329.06),(40.5 664315.06),(41.5 542015.3),(42.5 593613.2),(43.5 588806.44),(44.5 558777.7),(45.5 483937.03),(46.5 436563.7),(47.5 401038.9),(48.5 478791.94),(49.5 458839.47),(50.5 377206.9),(51.5 392200.84),(52.5 343760.53),(53.5 304029.9),(54.5 283494.38),(55.5 302375.2),(56.5 272923.72),(57.5 265068.3),(58.5 235945.33),(59.5 222968.47),(60.5 224426.2),(61.5 229644.78),(62.5 229144.84),(63.5 198190.8),(64.5 199270.34),(65.5 176412.39),(66.5 157706),(67.5 177224.9),(68.5 150465.06),(69.5 136808.77),(70.5 147484.14),(71.5 156470.03),(72.5 146106.69),(73.5 152962.36),(74.5 137919.16),(75.5 120096.65),(76.5 107396.27),(77.5 115017.27),(78.5 120340.28),(79.5 118838.79),(80.5 122429.484),(81.5 110806.836),(82.5 97015.555),(83.5 104209.04),(84.5 105548.836),(85.5 94837.31),(86.5 94741.51),(87.5 87946.375),(88.5 89115.48),(89.5 82741.14),(90.5 82536.19),(91.5 75681.9),(92.5 74082.375),(93.5 72879.77),(94.5 66732.87),(95.5 68921.71),(96.5 71012.86),(97.5 69324.63),(98.5 69889.58),(99.5 62936.363),(100.5 61878.484),(101.5 59178.496),(102.5 60833.902),(103.5 58577.527),(104.5 55452.996),(105.5 51157.438),(106.5 49804.1),(107.5 48112.824),(108.5 47544.496),(109.5 48275.438),(110.5 49190.305),(111.5 46585.316),(112.5 44522.516),(113.5 43221.094),(114.5 42209.785),(115.5 42233.785),(116.5 40092.29),(117.5 38237.1),(118.5 37579.13),(119.5 34774.34),(120.5 36184.78),(121.5 33782.91),(122.5 34239.46),(123.5 34012.887),(124.5 31431.068),(125.5 30866.541),(126.5 30340.21),(127.5 29624.566),(128.5 29351.826),(129.5 28544.344),(130.5 29097.87),(131.5 26312.469),(132.5 26439.773),(133.5 26366.56),(134.5 27632.295),(135.5 24462.744),(136.5 24079.121),(137.5 24552.375),(138.5 24899.117),(139.5 24398.945),(140.5 22672.188),(141.5 23767.059),(142.5 24002.408),(143.5 21819.328),(144.5 21711.793),(145.5 20567.162),(146.5 19424.375),(147.5 19320.004),(148.5 18584.633),(149.5 19037.07),(150.5 18646.89),(151.5 18078.941),(152.5 17639.236),(153.5 17048.326),(154.5 16179.495),(155.5 16192.833),(156.5 15848.61),(157.5 15591.301),(158.5 15111.679),(159.5 14491.727),(160.5 14561.481),(161.5 14147.6045),(162.5 13298.626),(163.5 13143.181),(164.5 12897.245),(165.5 12757.145),(166.5 12934.351),(167.5 12741.144),(168.5 12571.942),(169.5 11682.486),(170.5 11504.866),(171.5 11383.962),(172.5 11681.472),(173.5 11502.902),(174.5 11178.798),(175.5 10868.623),(176.5 10329.498),(177.5 10039.872),(178.5 9988.598),(179.5 9513.781),(180.5 9498.739),(181.5 8951.995),(182.5 8956.64),(183.5 9105.959),(184.5 9113.09),(185.5 8598.879),(186.5 8117.996),(187.5 8578.392),(188.5 8540.717),(189.5 7903.529),(190.5 7592.0903),(191.5 7248.586),(192.5 7464.2363),(193.5 7009.817),(194.5 7124.4463),(195.5 7463.353),(196.5 7357.085),(197.5 7264.469),(198.5 6363.143),(199.5 6256.39),(200.5 6175.673),(201.5 6401.626),(202.5 6582.9526),(203.5 6459.8857),(204.5 6555.6113),(205.5 6263.251),(206.5 5783.9766),(207.5 5876.892),(208.5 5735.535),(209.5 5724.1167),(210.5 5672.44),(211.5 5259.9326),(212.5 5069.7783),(213.5 5006.4688),(214.5 4990.5024),(215.5 5092.2754),(216.5 5028.676),(217.5 5062.465),(218.5 5027.415),(219.5 4708.781),(220.5 4608.5747),(221.5 4511.984),(222.5 4467.925),(223.5 4707.0244),(224.5 4180.9277),(225.5 4067.0764),(226.5 3854.2458),(227.5 3783.0933),(228.5 3813.8384),(229.5 3848.0232),(230.5 4067.4146),(231.5 3908.9792),(232.5 3739.57),(233.5 3602.3184),(234.5 3499.9358),(235.5 3492.91),(236.5 3468.9172),(237.5 3355.2732),(238.5 3326.2266),(239.5 3269.5413),(240.5 3293.7256),(241.5 3174.4363),(242.5 3186.4524),(243.5 3116.3464),(244.5 3029.9785),(245.5 3081.0288),(246.5 2791.9973),(247.5 2800.942),(248.5 2765.591),(249.5 2735.3994),(250.5 2624.184),(251.5 2443.6626),(252.5 2549.0928),(253.5 2490.4617),(254.5 2442.1682),(255.5 2450.5696),(256.5 2420.3691),(257.5 2455.5234),(258.5 2354.5159),(259.5 2303.8503),(260.5 2171.9878),(261.5 2168.4756),(262.5 2127.391),(263.5 2086.5164),(264.5 2132.8845),(265.5 2033.7178),(266.5 1999.3826),(267.5 1950.3639),(268.5 1926.0322),(269.5 1944.4283),(270.5 1878.9827),(271.5 1912.1906),(272.5 1943.8799),(273.5 1877.7631),(274.5 1749.1525),(275.5 1688.8563),(276.5 1690.2983),(277.5 1677.3533),(278.5 1640.0725),(279.5 1598.2935),(280.5 1519.1462),(281.5 1566.5347),(282.5 1546.7878),(283.5 1530.4299),(284.5 1538.6685),(285.5 1486.2477),(286.5 1464.152),(287.5 1396.4746),(288.5 1351.4985),(289.5 1383.4087),(290.5 1385.1348),(291.5 1355.6602),(292.5 1282.0421),(293.5 1281.7864),(294.5 1268.03),(295.5 1230.9596),(296.5 1199.5061),(297.5 1186.5414),(298.5 1209.593),(299.5 1158.6305),(300.5 1130.617),(301.5 1144.0796),(302.5 1121.2726),(303.5 1099.6224),(304.5 1075.4275),(305.5 1064.3993),(306.5 1025.5839),(307.5 1043.8348),(308.5 1027.1405),(309.5 961.5359),(310.5 987.1116),(311.5 957.71094),(312.5 964.68787),(313.5 919.1143),(314.5 928.3859),(315.5 909.1727),(316.5 904.3252),(317.5 871.2338),(318.5 851.9163),(319.5 849.01855),(320.5 842.4602),(321.5 824.96014),(322.5 793.00073),(323.5 830.58374),(324.5 819.0615),(325.5 791.4394),(326.5 752.2119),(327.5 738.0622),(328.5 733.15643),(329.5 732.3843),(330.5 702.3947),(331.5 704.3243),(332.5 702.69183),(333.5 683.62897),(334.5 647.0581),(335.5 642.14825),(336.5 647.121),(337.5 645.25366),(338.5 636.9479),(339.5 635.89056),(340.5 616.2153),(341.5 599.307),(342.5 602.04126),(343.5 591.7696),(344.5 579.41797),(345.5 557.7571),(346.5 559.8909),(347.5 545.0852),(348.5 547.82446),(349.5 531.81024),(350.5 542.6845),(351.5 521.9807),(352.5 513.00354),(353.5 518.52655),(354.5 507.58276),(355.5 495.60037),(356.5 486.53052),(357.5 469.27325),(358.5 484.76852),(359.5 477.24933),(360.5 460.63138),(361.5 467.0608),(362.5 451.85583),(363.5 448.72195),(364.5 436.9533),(365.5 428.23886),(366.5 419.5745),(367.5 421.14023),(368.5 425.27332),(369.5 407.46216),(370.5 390.90625),(371.5 395.60297),(372.5 380.87238),(373.5 369.70273),(374.5 361.71802),(375.5 369.07373),(376.5 365.6528),(377.5 352.65396),(378.5 348.7353),(379.5 342.8288),(380.5 337.5929),(381.5 332.4742),(382.5 341.76645),(383.5 345.5117),(384.5 336.31586),(385.5 329.13156),(386.5 310.7354),(387.5 303.06256),(388.5 302.79608),(389.5 296.07166),(390.5 304.42133),(391.5 292.57776),(392.5 300.57944),(393.5 284.67654),(394.5 286.17548),(395.5 291.41644),(396.5 283.00134),(397.5 274.84204),(398.5 273.4567),(399.5 269.6908),(400.5 266.36478),(401.5 259.8856),(402.5 246.26697),(403.5 245.36934),(404.5 252.09705),(405.5 251.94589),(406.5 237.22064),(407.5 233.1039),(408.5 234.35448),(409.5 232.59497),(410.5 230.45897),(411.5 222.62965),(412.5 224.02869),(413.5 215.59521),(414.5 210.88138),(415.5 209.0885),(416.5 207.16455),(417.5 205.91074),(418.5 211.79979),(419.5 203.53801),(420.5 202.2359),(421.5 197.43344),(422.5 196.03706),(423.5 190.69606),(424.5 193.58258),(425.5 192.51253),(426.5 189.96738),(427.5 182.3958),(428.5 176.77266),(429.5 171.98837),(430.5 174.957),(431.5 172.5414),(432.5 167.00864),(433.5 172.86264),(434.5 166.10826),(435.5 171.22066),(436.5 161.58302),(437.5 162.12827),(438.5 161.89363),(439.5 156.8035),(440.5 155.09128),(441.5 155.72649),(442.5 150.83334),(443.5 148.9595),(444.5 152.59953),(445.5 148.92072),(446.5 144.74391),(447.5 142.83025),(448.5 149.83153),(449.5 141.42206),(450.5 138.50565),(451.5 140.14961),(452.5 139.79205),(453.5 140.43565),(454.5 135.9721),(455.5 138.93614),(456.5 132.39856),(457.5 132.75114),(458.5 131.6872),(459.5 131.66403),(460.5 130.1982),(461.5 124.37347),(462.5 126.523796),(463.5 124.21518),(464.5 123.04628),(465.5 126.20709),(466.5 121.79597),(467.5 126.415955),(468.5 122.14835),(469.5 122.92616),(470.5 120.669464),(471.5 119.00609),(472.5 118.61541),(473.5 117.079475),(474.5 119.96397),(475.5 119.37678),(476.5 116.305954),(477.5 118.51567),(478.5 112.08031),(479.5 109.545135),(480.5 112.19296),(481.5 112.55006),(482.5 114.42938),(483.5 109.1158),(484.5 111.98371),(485.5 106.73363),(486.5 110.658676),(487.5 106.92282),(488.5 107.20689),(489.5 110.0672),(490.5 108.19543),(491.5 103.87029),(492.5 106.380936),(493.5 107.301735),(494.5 108.834496),(495.5 104.9589),(496.5 108.306656),(497.5 107.23423),(498.5 105.55799),(499.5 106.36411),
(1.5 6733910.5),(2.5 6598472.5),(3.5 9560831),(4.5 8418270),(5.5 13760477),(6.5 12246349),(7.5 10614719),(8.5 9501510),(9.5 7464453.5),(10.5 8623894),(11.5 6327644),(12.5 7028169.5),(13.5 6993264.5),(14.5 5110874),(15.5 4619632),(16.5 3972785.3),(17.5 4469169.5),(18.5 3013927.8),(19.5 3128594),(20.5 2642746.3),(21.5 2615072.8),(22.5 2862039.8),(23.5 2189381),(24.5 2097009.9),(25.5 1963840),(26.5 1730233.4),(27.5 1814981.9),(28.5 1390332.3),(29.5 1337151.5),(30.5 1121342.9),(31.5 1202042.4),(32.5 1017530.4),(33.5 1098660.5),(34.5 893488.6),(35.5 871263.56),(36.5 815476.6),(37.5 824810.4),(38.5 722539.2),(39.5 730341.2),(40.5 662283.6),(41.5 542094.1),(42.5 602382.2),(43.5 594667.75),(44.5 552060.75),(45.5 494377.1),(46.5 440030.63),(47.5 398670.75),(48.5 474528.1),(49.5 460952.5),(50.5 380196.2),(51.5 389356.72),(52.5 341307.16),(53.5 305918.06),(54.5 284461.8),(55.5 299665.94),(56.5 276129.3),(57.5 268589.72),(58.5 233514.17),(59.5 218303.28),(60.5 222733.63),(61.5 226896.13),(62.5 227059.73),(63.5 197878.84),(64.5 197766.66),(65.5 175674.53),(66.5 157357.38),(67.5 173072.94),(68.5 150828.13),(69.5 138069.56),(70.5 145810.36),(71.5 155515.13),(72.5 145146.38),(73.5 150521.16),(74.5 137693.94),(75.5 119438.805),(76.5 109124.03),(77.5 114263.43),(78.5 121747.32),(79.5 119040.99),(80.5 122457.15),(81.5 109186.45),(82.5 95892.87),(83.5 104271.125),(84.5 106029.38),(85.5 95353.516),(86.5 94387.51),(87.5 88917.32),(88.5 89132.9),(89.5 83518.68),(90.5 82197.48),(91.5 75380.2),(92.5 73347.96),(93.5 72628.77),(94.5 67277.46),(95.5 69321.77),(96.5 72105.78),(97.5 69688.305),(98.5 69891.88),(99.5 62366.023),(100.5 61980.066),(101.5 58697.23),(102.5 60230.395),(103.5 58897.824),(104.5 55082.53),(105.5 50871.59),(106.5 49431.707),(107.5 48128.918),(108.5 47815.496),(109.5 48250.17),(110.5 49375.016),(111.5 47014.97),(112.5 44341.977),(113.5 43090.66),(114.5 42118.406),(115.5 41958.848),(116.5 40117.277),(117.5 38574.31),(118.5 37869.44),(119.5 34592.832),(120.5 36076.953),(121.5 33861.656),(122.5 34716.78),(123.5 34108.13),(124.5 31725.82),(125.5 31096.715),(126.5 30940.09),(127.5 29770.16),(128.5 29490.367),(129.5 28940.031),(130.5 29029.566),(131.5 26462.238),(132.5 26188.197),(133.5 26452.34),(134.5 27654.932),(135.5 24293.545),(136.5 24040.229),(137.5 24824.607),(138.5 25073.23),(139.5 24971.95),(140.5 22961.645),(141.5 24143.707),(142.5 24377.605),(143.5 21768.305),(144.5 21743.52),(145.5 20658.281),(146.5 19549.574),(147.5 19457.557),(148.5 18687.309),(149.5 19280.004),(150.5 18814.502),(151.5 18274.398),(152.5 17590.955),(153.5 16910.424),(154.5 16231.378),(155.5 16248.998),(156.5 15887.629),(157.5 15624.806),(158.5 15184.998),(159.5 14570.586),(160.5 14804.571),(161.5 14278.789),(162.5 13341.385),(163.5 13164.271),(164.5 13159.904),(165.5 12955.041),(166.5 13020.347),(167.5 12708.374),(168.5 12536.567),(169.5 11849.594),(170.5 11559.887),(171.5 11447.524),(172.5 11637.985),(173.5 11512.804),(174.5 11212.239),(175.5 10836.194),(176.5 10295.57),(177.5 9956.09),(178.5 9854.744),(179.5 9364.681),(180.5 9456.576),(181.5 8975.065),(182.5 8956.4375),(183.5 8976.444),(184.5 9046.098),(185.5 8637.352),(186.5 8235.635),(187.5 8567.019),(188.5 8385.905),(189.5 7967.8594),(190.5 7531.914),(191.5 7302.9595),(192.5 7542.5396),(193.5 7084.6787),(194.5 7212.125),(195.5 7510.795),(196.5 7373.3975),(197.5 7291.482),(198.5 6348.5537),(199.5 6233.0024),(200.5 6226.292),(201.5 6401.05),(202.5 6592.8926),(203.5 6486.852),(204.5 6681.9917),(205.5 6325.716),(206.5 5817.239),(207.5 5900.7266),(208.5 5696.9697),(209.5 5699.886),(210.5 5637.373),(211.5 5249.429),(212.5 5080.586),(213.5 5023.2803),(214.5 5092.487),(215.5 5049.3774),(216.5 5021.0225),(217.5 5015.7715),(218.5 5040.4106),(219.5 4695.2656),(220.5 4608.2544),(221.5 4501.848),(222.5 4478.7144),(223.5 4697.304),(224.5 4207.507),(225.5 4102.511),(226.5 3885.516),(227.5 3804.7148),(228.5 3834.8535),(229.5 3870.276),(230.5 4094.718),(231.5 3916.5225),(232.5 3751.901),(233.5 3602.8281),(234.5 3481.1992),(235.5 3510.0486),(236.5 3500.5435),(237.5 3374.6252),(238.5 3318.898),(239.5 3270.0818),(240.5 3297.5706),(241.5 3201.0105),(242.5 3223.848),(243.5 3097.4749),(244.5 3056.0054),(245.5 3106.2493),(246.5 2822.073),(247.5 2826.2698),(248.5 2752.4934),(249.5 2711.5085),(250.5 2614.6582),(251.5 2428.2063),(252.5 2537.9358),(253.5 2483.2598),(254.5 2437.3884),(255.5 2444.1042),(256.5 2436.0024),(257.5 2492.6606),(258.5 2368.5396),(259.5 2319.0906),(260.5 2162.658),(261.5 2176.7656),(262.5 2124.2507),(263.5 2107.1663),(264.5 2136.307),(265.5 2042.2809),(266.5 2006.8812),(267.5 1946.1488),(268.5 1921.263),(269.5 1944.4685),(270.5 1888.3467),(271.5 1934.8663),(272.5 1953.6095),(273.5 1894.2921),(274.5 1751.481),(275.5 1698.3506),(276.5 1701.9598),(277.5 1675.4752),(278.5 1658.4261),(279.5 1609.3838),(280.5 1532.9448),(281.5 1579.4348),(282.5 1555.7856),(283.5 1549.402),(284.5 1552.5497),(285.5 1504.8292),(286.5 1475.7988),(287.5 1403.1783),(288.5 1354.093),(289.5 1387.7289),(290.5 1375.8566),(291.5 1345.0953),(292.5 1281.3666),(293.5 1295.4539),(294.5 1286.303),(295.5 1234.2759),(296.5 1217.2708),(297.5 1187.3011),(298.5 1210.7418),(299.5 1163.4006),(300.5 1129.0763),(301.5 1141.2631),(302.5 1114.566),(303.5 1102.0713),(304.5 1079.5569),(305.5 1070.3055),(306.5 1035.1187),(307.5 1047.07),(308.5 1031.1534),(309.5 958.86816),(310.5 981.4875),(311.5 951.4137),(312.5 968.8586),(313.5 934.6207),(314.5 931.88464),(315.5 919.5087),(316.5 910.3184),(317.5 878.3233),(318.5 869.4901),(319.5 856.0962),(320.5 851.2541),(321.5 834.42236),(322.5 803.56915),(323.5 832.21594),(324.5 827.3263),(325.5 798.6076),(326.5 760.3121),(327.5 744.37585),(328.5 738.4692),(329.5 734.68896),(330.5 711.1092),(331.5 717.1199),(332.5 708.49677),(333.5 685.3972),(334.5 647.36316),(335.5 641.999),(336.5 644.5334),(337.5 643.22925),(338.5 636.4239),(339.5 632.5498),(340.5 612.0261),(341.5 598.89343),(342.5 603.92346),(343.5 589.4713),(344.5 585.3672),(345.5 566.5907),(346.5 566.14185),(347.5 548.5186),(348.5 554.3705),(349.5 537.5198),(350.5 539.8413),(351.5 526.54443),(352.5 513.3101),(353.5 521.5071),(354.5 512.2793),(355.5 498.6454),(356.5 490.6151),(357.5 474.01337),(358.5 487.6068),(359.5 479.6657),(360.5 460.99466),(361.5 465.61343),(362.5 449.6439),(363.5 446.21863),(364.5 435.66736),(365.5 429.22253),(366.5 422.86566),(367.5 423.85287),(368.5 428.05722),(369.5 411.0781),(370.5 390.09216),(371.5 396.12213),(372.5 382.79657),(373.5 368.7915),(374.5 364.1838),(375.5 366.561),(376.5 363.24384),(377.5 351.62958),(378.5 346.90335),(379.5 344.81247),(380.5 338.52576),(381.5 335.48303),(382.5 347.3078),(383.5 345.30573),(384.5 335.48923),(385.5 331.12393),(386.5 310.655),(387.5 301.02155),(388.5 302.67703),(389.5 297.52722),(390.5 303.77518),(391.5 291.2944),(392.5 299.46893),(393.5 288.74307),(394.5 285.8894),(395.5 290.80536),(396.5 284.46252),(397.5 274.58398),(398.5 274.62555),(399.5 268.64),(400.5 264.74722),(401.5 260.69943),(402.5 246.62003),(403.5 246.56136),(404.5 252.69835),(405.5 250.3642),(406.5 237.96208),(407.5 233.76363),(408.5 235.86404),(409.5 231.26553),(410.5 228.95271),(411.5 222.82507),(412.5 223.92068),(413.5 214.88693),(414.5 210.11725),(415.5 209.1999),(416.5 206.8046),(417.5 203.92465),(418.5 214.241),(419.5 204.51793),(420.5 202.61641),(421.5 196.62762),(422.5 196.40582),(423.5 191.4027),(424.5 194.18135),(425.5 192.95839),(426.5 192.07123),(427.5 184.16512),(428.5 176.83008),(429.5 171.12192),(430.5 173.30452),(431.5 171.77971),(432.5 166.4295),(433.5 172.52893),(434.5 166.65573),(435.5 171.54726),(436.5 161.8291),(437.5 162.65884),(438.5 161.65944),(439.5 159.01462),(440.5 157.82083),(441.5 156.61383),(442.5 152.35684),(443.5 149.43198),(444.5 152.99661),(445.5 150.38867),(446.5 146.30463),(447.5 144.24455),(448.5 149.53932),(449.5 141.96623),(450.5 138.10822),(451.5 140.94016),(452.5 140.21927),(453.5 140.05951),(454.5 136.90143),(455.5 137.43623),(456.5 133.15623),(457.5 132.03119),(458.5 131.63446),(459.5 131.73344),(460.5 130.09055),(461.5 124.269684),(462.5 126.380135),(463.5 124.1173),(464.5 123.72566),(465.5 125.218285),(466.5 121.554825),(467.5 126.98399),(468.5 122.44403),(469.5 122.848724),(470.5 120.955376),(471.5 119.62793),(472.5 119.37336),(473.5 118.66523),(474.5 119.36031),(475.5 119.603874),(476.5 115.51016),(477.5 119.16854),(478.5 112.21949),(479.5 110.71956),(480.5 112.109245),(481.5 111.4304),(482.5 113.63457),(483.5 108.96492),(484.5 112.38701),(485.5 106.3882),(486.5 110.633965),(487.5 107.03116),(488.5 107.14113),(489.5 110.33306),(490.5 108.26663),(491.5 104.55436),(492.5 107.478775),(493.5 107.56191),(494.5 108.03503),(495.5 105.09306),(496.5 109.113235),(497.5 106.99411),(498.5 105.947365),(499.5 105.98647),
(1.5 6964206.5),(2.5 6753480),(3.5 9875897),(4.5 8680741),(5.5 14216768),(6.5 12457811),(7.5 10721572),(8.5 9599860),(9.5 7505211.5),(10.5 8701318),(11.5 6408876),(12.5 6989081.5),(13.5 7038464.5),(14.5 5112818),(15.5 4567378),(16.5 3990761.5),(17.5 4527191),(18.5 3000007.3),(19.5 3159376.5),(20.5 2654574.5),(21.5 2591351.3),(22.5 2831516),(23.5 2147732.5),(24.5 2073166.9),(25.5 1963223.5),(26.5 1739859),(27.5 1814833),(28.5 1372317.1),(29.5 1325129),(30.5 1113960.1),(31.5 1203348.9),(32.5 1023996.56),(33.5 1095440.9),(34.5 890219.3),(35.5 877671.75),(36.5 821199.2),(37.5 826964.1),(38.5 718775.2),(39.5 738798.1),(40.5 660798.2),(41.5 542523.25),(42.5 608408),(43.5 599508.5),(44.5 543863.75),(45.5 502314.03),(46.5 442678.13),(47.5 398657.94),(48.5 470106.47),(49.5 464508.53),(50.5 383980.66),(51.5 385484.63),(52.5 338740.84),(53.5 307474.13),(54.5 285757.75),(55.5 297719.9),(56.5 278595.97),(57.5 271239.16),(58.5 230266.73),(59.5 214101.1),(60.5 219981.63),(61.5 223348.28),(62.5 224502.08),(63.5 198247.47),(64.5 195679.66),(65.5 175122.7),(66.5 157331.03),(67.5 169035.45),(68.5 151998.2),(69.5 139985.11),(70.5 144414.89),(71.5 153862.44),(72.5 144431.81),(73.5 148178.75),(74.5 136971.33),(75.5 118853.164),(76.5 111183.01),(77.5 113314.02),(78.5 123031.32),(79.5 119982.99),(80.5 122012.42),(81.5 108069.82),(82.5 94789.05),(83.5 103987.3),(84.5 105992.375),(85.5 95628.7),(86.5 93910.586),(87.5 89388.555),(88.5 89288.52),(89.5 84886.9),(90.5 81686.26),(91.5 75703.625),(92.5 72887.836),(93.5 72694.164),(94.5 68137.1),(95.5 69190.586),(96.5 72676.38),(97.5 69563.92),(98.5 69732.56),(99.5 61905.336),(100.5 62087.277),(101.5 58271.348),(102.5 59617.582),(103.5 59155.09),(104.5 55090.742),(105.5 50858.016),(106.5 49407.324),(107.5 48305.824),(108.5 48289.82),(109.5 48747.01),(110.5 49540.47),(111.5 47540.258),(112.5 44553.367),(113.5 43042.277),(114.5 41957.15),(115.5 41559.598),(116.5 39979.69),(117.5 38494.188),(118.5 37902.51),(119.5 34704.145),(120.5 35951.22),(121.5 33867.15),(122.5 34897.754),(123.5 34407.5),(124.5 32117.29),(125.5 31521.045),(126.5 31133.979),(127.5 29883.668),(128.5 29634.256),(129.5 29065.94),(130.5 28849.023),(131.5 26627.426),(132.5 26124.965),(133.5 26712.486),(134.5 27829.715),(135.5 24441.637),(136.5 24094.463),(137.5 24914.566),(138.5 24985.299),(139.5 25360.527),(140.5 23226.742),(141.5 24219.443),(142.5 24321.756),(143.5 21762.455),(144.5 21784.33),(145.5 20729.166),(146.5 19831.025),(147.5 19880.28),(148.5 18874.014),(149.5 19389.713),(150.5 18867.387),(151.5 18469.557),(152.5 17609.688),(153.5 16955.86),(154.5 16322.216),(155.5 16325.2),(156.5 15872.36),(157.5 15745.139),(158.5 15328.934),(159.5 14733.305),(160.5 14972.279),(161.5 14353.591),(162.5 13294.784),(163.5 13235.448),(164.5 13308.955),(165.5 13156.99),(166.5 13060.591),(167.5 12780.813),(168.5 12553.412),(169.5 11924.913),(170.5 11563.067),(171.5 11506.991),(172.5 11601.431),(173.5 11527.905),(174.5 11198.178),(175.5 10838.62),(176.5 10156.633),(177.5 9946.275),(178.5 9817.336),(179.5 9322.728),(180.5 9562.222),(181.5 9191.291),(182.5 9158.004),(183.5 9023.625),(184.5 9035.217),(185.5 8659.026),(186.5 8361.828),(187.5 8611.289),(188.5 8293.741),(189.5 8013.3433),(190.5 7473.885),(191.5 7365.948),(192.5 7618.404),(193.5 7201.6343),(194.5 7354.474),(195.5 7554.46),(196.5 7446.3604),(197.5 7271.683),(198.5 6347.464),(199.5 6243.7197),(200.5 6252.7046),(201.5 6373.7085),(202.5 6536.599),(203.5 6556.1084),(204.5 6770.09),(205.5 6439.731),(206.5 5896.2764),(207.5 5969.406),(208.5 5777.2295),(209.5 5741.436),(210.5 5662.735),(211.5 5261.602),(212.5 5078.746),(213.5 5015.033),(214.5 5167.1963),(215.5 5140.0273),(216.5 5079.6772),(217.5 4968.77),(218.5 5105.438),(219.5 4732.205),(220.5 4606.2583),(221.5 4502.459),(222.5 4537.351),(223.5 4737.0054),(224.5 4224.2227),(225.5 4144.4604),(226.5 3919.017),(227.5 3855.4124),(228.5 3883.4326),(229.5 3917.497),(230.5 4099.737),(231.5 3918.0854),(232.5 3765.1592),(233.5 3643.6306),(234.5 3469.6702),(235.5 3483.5757),(236.5 3494.681),(237.5 3370.375),(238.5 3344.167),(239.5 3292.1958),(240.5 3299.9207),(241.5 3208.0486),(242.5 3236.485),(243.5 3107.6414),(244.5 3060.1313),(245.5 3111.2446),(246.5 2873.5247),(247.5 2842.5383),(248.5 2713.8801),(249.5 2694.9937),(250.5 2617.0808),(251.5 2400.8127),(252.5 2517.142),(253.5 2482.3984),(254.5 2430.991),(255.5 2468.6177),(256.5 2456.7283),(257.5 2473.4658),(258.5 2349.9932),(259.5 2330.9172),(260.5 2175.1714),(261.5 2188.5408),(262.5 2128.0208),(263.5 2104.414),(264.5 2145.442),(265.5 2047.2362),(266.5 2007.9917),(267.5 1953.4838),(268.5 1933.9205),(269.5 1953.6445),(270.5 1910.8909),(271.5 1960.6569),(272.5 1976.5294),(273.5 1896.6014),(274.5 1760.1447),(275.5 1725.3647),(276.5 1729.7373),(277.5 1679.6018),(278.5 1664.9835),(279.5 1617.2848),(280.5 1533.6935),(281.5 1585.8119),(282.5 1544.929),(283.5 1557.3895),(284.5 1550.7382),(285.5 1486.1433),(286.5 1455.0181),(287.5 1412.5925),(288.5 1357.6808),(289.5 1385.7524),(290.5 1366.0643),(291.5 1354.3136),(292.5 1295.9092),(293.5 1283.0736),(294.5 1278.7672),(295.5 1231.9885),(296.5 1220.723),(297.5 1199.386),(298.5 1205.5321),(299.5 1158.3035),(300.5 1124.7278),(301.5 1132.2104),(302.5 1104.7567),(303.5 1106.0773),(304.5 1070.3965),(305.5 1077.3624),(306.5 1036.9594),(307.5 1046.801),(308.5 1043.9769),(309.5 961.1527),(310.5 987.83685),(311.5 949.8599),(312.5 964.9405),(313.5 930.2424),(314.5 934.2281),(315.5 926.093),(316.5 911.49146),(317.5 878.7945),(318.5 865.3756),(319.5 850.62366),(320.5 841.0174),(321.5 836.6812),(322.5 803.8777),(323.5 828.54913),(324.5 824.92645),(325.5 792.1475),(326.5 759.32855),(327.5 739.3174),(328.5 742.9914),(329.5 740.1179),(330.5 722.5737),(331.5 720.9481),(332.5 712.2769),(333.5 690.60144),(334.5 651.8719),(335.5 646.62964),(336.5 647.42676),(337.5 643.3494),(338.5 637.65546),(339.5 629.4354),(340.5 607.86304),(341.5 596.8408),(342.5 604.53064),(343.5 583.7549),(344.5 585.34656),(345.5 569.1461),(346.5 568.23206),(347.5 546.7937),(348.5 555.3676),(349.5 534.6853),(350.5 532.7078),(351.5 523.0779),(352.5 514.89886),(353.5 517.0515),(354.5 504.6046),(355.5 489.47275),(356.5 488.3416),(357.5 477.41315),(358.5 483.72974),(359.5 475.31653),(360.5 457.51138),(361.5 469.26016),(362.5 450.15814),(363.5 441.0225),(364.5 429.07407),(365.5 424.06345),(366.5 415.92548),(367.5 419.63104),(368.5 428.75156),(369.5 409.16766),(370.5 396.01462),(371.5 398.21542),(372.5 384.3092),(373.5 367.46912),(374.5 363.90787),(375.5 365.79318),(376.5 362.30707),(377.5 348.7203),(378.5 346.586),(379.5 344.9582),(380.5 338.62048),(381.5 333.293),(382.5 344.95016),(383.5 343.6783),(384.5 337.36932),(385.5 334.0406),(386.5 308.548),(387.5 302.75336),(388.5 301.6803),(389.5 293.69232),(390.5 302.09262),(391.5 291.40262),(392.5 295.93808),(393.5 287.5728),(394.5 285.29086),(395.5 291.7736),(396.5 281.21313),(397.5 274.56363),(398.5 272.91397),(399.5 269.98056),(400.5 263.69327),(401.5 260.7639),(402.5 251.01707),(403.5 245.31485),(404.5 253.02766),(405.5 248.76225),(406.5 239.54338),(407.5 232.61972),(408.5 236.88739),(409.5 230.62234),(410.5 227.7317),(411.5 221.45424),(412.5 224.17209),(413.5 214.45595),(414.5 210.19804),(415.5 210.97395),(416.5 209.21068),(417.5 204.61035),(418.5 215.72487),(419.5 205.53471),(420.5 202.72725),(421.5 196.13754),(422.5 195.90073),(423.5 190.63756),(424.5 193.47484),(425.5 193.56258),(426.5 191.58398),(427.5 183.74611),(428.5 175.87918),(429.5 172.43045),(430.5 172.43826),(431.5 171.57243),(432.5 167.80943),(433.5 172.74902),(434.5 166.07823),(435.5 170.1017),(436.5 162.10312),(437.5 164.59142),(438.5 163.13637),(439.5 160.54243),(440.5 158.70692),(441.5 157.75064),(442.5 152.73026),(443.5 150.47014),(444.5 151.4939),(445.5 150.3327),(446.5 147.07675),(447.5 145.66766),(448.5 150.50165),(449.5 141.64227),(450.5 136.964),(451.5 141.84721),(452.5 142.09866),(453.5 141.10454),(454.5 137.86101),(455.5 136.79347),(456.5 133.13751),(457.5 132.71371),(458.5 131.6946),(459.5 131.60114),(460.5 129.6921),(461.5 123.71897),(462.5 126.07052),(463.5 123.08495),(464.5 123.94014),(465.5 124.77381),(466.5 121.297676),(467.5 127.38906),(468.5 122.15498),(469.5 121.56249),(470.5 120.57549),(471.5 120.51739),(472.5 119.31296),(473.5 118.712906),(474.5 118.924904),(475.5 118.97665),(476.5 116.71099),(477.5 119.08077),(478.5 112.79505),(479.5 110.328186),(480.5 111.56651),(481.5 111.27248),(482.5 113.59397),(483.5 108.824135),(484.5 113.46326),(485.5 106.56744),(486.5 110.59858),(487.5 108.07087),(488.5 107.51283),(489.5 111.02848),(490.5 108.92252),(491.5 104.74535),(492.5 107.746605),(493.5 108.19552),(494.5 107.82539),(495.5 105.83494),(496.5 108.566025),(497.5 106.684654),(498.5 105.32816),(499.5 105.87078),
(1.5 7321298.5),(2.5 6932234.5),(3.5 10123887),(4.5 8934535),(5.5 14581655),(6.5 12664107),(7.5 10801858),(8.5 9692553),(9.5 7513392.5),(10.5 8765308),(11.5 6471095.5),(12.5 6928105),(13.5 7071026.5),(14.5 5105141),(15.5 4507336.5),(16.5 4005769),(17.5 4581247.5),(18.5 2978317.8),(19.5 3184357.3),(20.5 2662126.3),(21.5 2568025.8),(22.5 2790030.8),(23.5 2106360),(24.5 2050221),(25.5 1965291.5),(26.5 1745986.3),(27.5 1809274.3),(28.5 1357441.8),(29.5 1316465.1),(30.5 1111883.1),(31.5 1204413.6),(32.5 1028631.2),(33.5 1095513),(34.5 890663.75),(35.5 885914.9),(36.5 827616.9),(37.5 827778.2),(38.5 715184.75),(39.5 748228),(40.5 657774.8),(41.5 542711.2),(42.5 612140.25),(43.5 601896.25),(44.5 534514.4),(45.5 507659.25),(46.5 446384.7),(47.5 402556.7),(48.5 468633.63),(49.5 468885.94),(50.5 387490.03),(51.5 381565.34),(52.5 338620.4),(53.5 309979.53),(54.5 287611),(55.5 295109.2),(56.5 282208.78),(57.5 274218.88),(58.5 227836.38),(59.5 210618.77),(60.5 216325.72),(61.5 218659.14),(62.5 222178.95),(63.5 200024.98),(64.5 192886.03),(65.5 174688.81),(66.5 158145.5),(67.5 165596.9),(68.5 154022.53),(69.5 142802.84),(70.5 143901.1),(71.5 152515.08),(72.5 144780.98),(73.5 146600.53),(74.5 136376.17),(75.5 118284.73),(76.5 111650.516),(77.5 111790.87),(78.5 123861.61),(79.5 120695.664),(80.5 121001.39),(81.5 107558.195),(82.5 94114.33),(83.5 103945.37),(84.5 107040.9),(85.5 95735.05),(86.5 93607.97),(87.5 89505.086),(88.5 89057.484),(89.5 86484.305),(90.5 81433.266),(91.5 76869.12),(92.5 72160.25),(93.5 72055.67),(94.5 68235.94),(95.5 68549.17),(96.5 72980.32),(97.5 68968.984),(98.5 68934.4),(99.5 61402.477),(100.5 61930.07),(101.5 57923.824),(102.5 58989.32),(103.5 59480.668),(104.5 55546.363),(105.5 50700.71),(106.5 49326.816),(107.5 48175.14),(108.5 48779.324),(109.5 49135.766),(110.5 49480.63),(111.5 47697.52),(112.5 44822.5),(113.5 42803.934),(114.5 41339.273),(115.5 41134.617),(116.5 39654.57),(117.5 38078.414),(118.5 37601.496),(119.5 34913.203),(120.5 35979.047),(121.5 34056.492),(122.5 35262.445),(123.5 35006.984),(124.5 32135.346),(125.5 31608.748),(126.5 31365.31),(127.5 29821.508),(128.5 29977.082),(129.5 28975.03),(130.5 28718.58),(131.5 26574.453),(132.5 25955.166),(133.5 26830.879),(134.5 28027.752),(135.5 24514.277),(136.5 23942.195),(137.5 24789.463),(138.5 24831.684),(139.5 25453.791),(140.5 23255.432),(141.5 23926.947),(142.5 24301.002),(143.5 21885.182),(144.5 21671.902),(145.5 20630.615),(146.5 20039.951),(147.5 20163.232),(148.5 18981.098),(149.5 19226.813),(150.5 18821.496),(151.5 18631.105),(152.5 17722.715),(153.5 17041.95),(154.5 16335.478),(155.5 16357.468),(156.5 15928.866),(157.5 15814.837),(158.5 15326.68),(159.5 14744.96),(160.5 15007.848),(161.5 14339.344),(162.5 13224.517),(163.5 13297.669),(164.5 13299.411),(165.5 13108.329),(166.5 12938.298),(167.5 12738.221),(168.5 12449.228),(169.5 11828.426),(170.5 11652.646),(171.5 11427.049),(172.5 11552.238),(173.5 11566.331),(174.5 11196.503),(175.5 10824.484),(176.5 10197.484),(177.5 9992.431),(178.5 9864.846),(179.5 9385.823),(180.5 9762.821),(181.5 9452.098),(182.5 9309.325),(183.5 9063.122),(184.5 8953.886),(185.5 8713.886),(186.5 8411.82),(187.5 8683.19),(188.5 8180.721),(189.5 8067.796),(190.5 7447.884),(191.5 7372.5903),(192.5 7595.718),(193.5 7218.259),(194.5 7367.332),(195.5 7565.4863),(196.5 7471.7476),(197.5 7166.8877),(198.5 6344.1553),(199.5 6223.18),(200.5 6209.028),(201.5 6314.155),(202.5 6419.1826),(203.5 6487.86),(204.5 6740.406),(205.5 6388.874),(206.5 5784.17),(207.5 5960.1787),(208.5 5835.275),(209.5 5759.709),(210.5 5698.4097),(211.5 5266.6475),(212.5 5055.9585),(213.5 4981.1855),(214.5 5203.2393),(215.5 5186.7905),(216.5 5118.7573),(217.5 4963.1587),(218.5 5147.441),(219.5 4745.381),(220.5 4577.188),(221.5 4434.028),(222.5 4505.07),(223.5 4749.4136),(224.5 4202.5283),(225.5 4126.373),(226.5 3928.8345),(227.5 3882.6443),(228.5 3888.31),(229.5 3930.172),(230.5 4109.153),(231.5 3909.5715),(232.5 3784.4255),(233.5 3636.0405),(234.5 3446.461),(235.5 3517.202),(236.5 3480.3572),(237.5 3393.068),(238.5 3371.9148),(239.5 3298.652),(240.5 3324.4998),(241.5 3252.1333),(242.5 3283.5132),(243.5 3133.4067),(244.5 3078.9739),(245.5 3081.2695),(246.5 2865.2773),(247.5 2851.8013),(248.5 2725.6494),(249.5 2666.4937),(250.5 2579.9917),(251.5 2419.366),(252.5 2536.2625),(253.5 2495.5452),(254.5 2411.2354),(255.5 2460.2634),(256.5 2444.4895),(257.5 2480.0815),(258.5 2348.2444),(259.5 2310.9207),(260.5 2172.5073),(261.5 2202.0671),(262.5 2150.9753),(263.5 2124.5388),(264.5 2155.945),(265.5 2063.5618),(266.5 1996.0695),(267.5 1933.9401),(268.5 1930.7161),(269.5 1962.0485),(270.5 1924.4591),(271.5 1978.4086),(272.5 1986.6913),(273.5 1918.1979),(274.5 1769.1907),(275.5 1743.6841),(276.5 1729.5042),(277.5 1686.5138),(278.5 1668.8805),(279.5 1620.8369),(280.5 1548.7283),(281.5 1583.8318),(282.5 1541.7443),(283.5 1566.8872),(284.5 1550.1016),(285.5 1501.067),(286.5 1460.4496),(287.5 1424.1467),(288.5 1354.9152),(289.5 1372.5557),(290.5 1385.8534),(291.5 1359.1323),(292.5 1298.2711),(293.5 1296.4205),(294.5 1280.754),(295.5 1251.0615),(296.5 1231.4694),(297.5 1219.5208),(298.5 1214.9199),(299.5 1160.6285),(300.5 1132.6913),(301.5 1137.26),(302.5 1120.7428),(303.5 1118.9323),(304.5 1076.6337),(305.5 1082.6598),(306.5 1049.5837),(307.5 1064.0568),(308.5 1054.6462),(309.5 971.3718),(310.5 991.5022),(311.5 958.68646),(312.5 968.61523),(313.5 934.2383),(314.5 949.7933),(315.5 931.1598),(316.5 920.25146),(317.5 881.0903),(318.5 867.55865),(319.5 862.5695),(320.5 842.02094),(321.5 845.7766),(322.5 807.5358),(323.5 835.4249),(324.5 829.8373),(325.5 797.523),(326.5 758.3635),(327.5 746.3949),(328.5 750.0087),(329.5 742.5983),(330.5 728.30005),(331.5 729.6244),(332.5 714.45233),(333.5 700.33),(334.5 666.97754),(335.5 655.4285),(336.5 656.7554),(337.5 646.8618),(338.5 645.06696),(339.5 638.60864),(340.5 611.18726),(341.5 594.8456),(342.5 612.3885),(343.5 592.1906),(344.5 593.5815),(345.5 578.2303),(346.5 577.9736),(347.5 551.60034),(348.5 559.68054),(349.5 538.59357),(350.5 537.71234),(351.5 516.8532),(352.5 505.9744),(353.5 520.1443),(354.5 509.40225),(355.5 498.26),(356.5 493.37506),(357.5 483.14566),(358.5 482.12494),(359.5 476.65826),(360.5 464.0327),(361.5 473.88132),(362.5 450.5385),(363.5 442.95145),(364.5 434.9069),(365.5 428.29324),(366.5 421.19492),(367.5 426.50397),(368.5 434.3364),(369.5 416.1898),(370.5 400.49216),(371.5 400.19507),(372.5 390.4152),(373.5 374.87),(374.5 364.96967),(375.5 367.3613),(376.5 363.5199),(377.5 352.85498),(378.5 355.707),(379.5 352.8179),(380.5 345.4956),(381.5 337.20508),(382.5 347.5269),(383.5 343.01923),(384.5 341.11203),(385.5 339.5518),(386.5 308.72827),(387.5 304.47104),(388.5 301.92892),(389.5 293.2884),(390.5 303.5695),(391.5 291.53708),(392.5 298.69012),(393.5 286.3544),(394.5 285.7734),(395.5 292.7636),(396.5 283.1382),(397.5 272.98083),(398.5 274.00906),(399.5 272.0086),(400.5 264.57318),(401.5 261.1018),(402.5 254.40001),(403.5 248.0687),(404.5 252.47955),(405.5 250.50618),(406.5 240.19603),(407.5 236.19041),(408.5 237.42528),(409.5 233.19553),(410.5 227.17229),(411.5 222.25076),(412.5 224.25099),(413.5 216.34602),(414.5 213.05267),(415.5 209.37941),(416.5 211.26181),(417.5 205.53561),(418.5 216.81247),(419.5 204.84216),(420.5 202.4744),(421.5 199.6871),(422.5 197.34741),(423.5 189.60747),(424.5 194.99675),(425.5 194.53569),(426.5 193.69356),(427.5 184.93109),(428.5 177.22473),(429.5 174.12837),(430.5 171.81717),(431.5 172.46938),(432.5 170.17801),(433.5 174.63547),(434.5 166.75006),(435.5 172.02196),(436.5 163.71844),(437.5 166.22925),(438.5 165.5706),(439.5 161.25374),(440.5 159.32297),(441.5 158.60728),(442.5 152.98328),(443.5 152.81235),(444.5 153.04266),(445.5 152.28958),(446.5 148.16603),(447.5 146.10722),(448.5 149.11292),(449.5 141.40053),(450.5 138.44206),(451.5 143.13113),(452.5 142.56082),(453.5 142.65314),(454.5 139.1945),(455.5 137.46057),(456.5 134.12488),(457.5 133.3503),(458.5 133.57416),(459.5 133.12802),(460.5 131.96805),(461.5 124.57075),(462.5 127.53628),(463.5 124.57522),(464.5 125.04049),(465.5 126.35366),(466.5 121.48716),(467.5 127.40149),(468.5 122.909805),(469.5 122.408844),(470.5 122.69208),(471.5 120.88669),(472.5 119.77805),(473.5 120.64186),(474.5 118.42226),(475.5 119.26858),(476.5 117.0114),(477.5 118.82826),(478.5 112.92558),(479.5 110.73811),(480.5 112.320946),(481.5 111.20915),(482.5 114.4279),(483.5 110.07484),(484.5 114.542946),(485.5 108.723885),(486.5 111.46587),(487.5 108.739456),(488.5 107.46538),(489.5 111.59988),(490.5 110.46885),(491.5 105.162025),(492.5 107.91522),(493.5 108.43621),(494.5 109.41851),(495.5 106.4747),(496.5 108.82233),(497.5 106.47352),(498.5 105.27548),(499.5 105.663956),
(1.5 7512088),(2.5 7022297.5),(3.5 10301806),(4.5 9209704),(5.5 14909305),(6.5 12869250),(7.5 10840053),(8.5 9791567),(9.5 7502398.5),(10.5 8819622),(11.5 6512330),(12.5 6866073.5),(13.5 7102412.5),(14.5 5105262.5),(15.5 4462178),(16.5 4023123),(17.5 4639153),(18.5 2952160),(19.5 3205818.8),(20.5 2662538.5),(21.5 2542493.8),(22.5 2746585.3),(23.5 2063261.4),(24.5 2029168.8),(25.5 1963696.9),(26.5 1749325.4),(27.5 1796893),(28.5 1345160.5),(29.5 1310646.6),(30.5 1115322),(31.5 1207736.3),(32.5 1032262.25),(33.5 1096319),(34.5 894184),(35.5 894927.1),(36.5 834234.5),(37.5 831257.9),(38.5 710526.8),(39.5 757252.2),(40.5 654324),(41.5 545479.44),(42.5 616986.1),(43.5 603998.56),(44.5 524992.44),(45.5 509875.4),(46.5 447442.8),(47.5 406690.6),(48.5 465214.03),(49.5 471389.03),(50.5 388697.2),(51.5 378919.53),(52.5 340227.28),(53.5 314451.66),(54.5 290283.75),(55.5 292739.28),(56.5 285756.56),(57.5 275045.3),(58.5 224725.9),(59.5 206996.08),(60.5 212044.39),(61.5 212941.72),(62.5 219447.03),(63.5 200963.36),(64.5 190468.22),(65.5 174577.27),(66.5 160367.23),(67.5 162959.52),(68.5 156132.17),(69.5 146047.44),(70.5 144017.56),(71.5 150656.52),(72.5 145681.16),(73.5 145592.31),(74.5 135772.8),(75.5 117958.18),(76.5 111852.76),(77.5 111026.88),(78.5 124071.14),(79.5 121132.93),(80.5 119717.65),(81.5 106204.766),(82.5 92724.76),(83.5 102960.22),(84.5 107354.71),(85.5 95698.305),(86.5 93664.766),(87.5 90270.66),(88.5 89468.47),(89.5 88107.25),(90.5 81376.96),(91.5 77457.58),(92.5 71306.94),(93.5 71382.7),(94.5 67871.87),(95.5 67568.98),(96.5 73413.44),(97.5 69339.77),(98.5 68804.82),(99.5 61710.39),(100.5 62039.832),(101.5 57985.45),(102.5 58775.234),(103.5 59719.07),(104.5 56316.316),(105.5 50526.414),(106.5 48947.184),(107.5 47913.55),(108.5 48807.703),(109.5 49182.22),(110.5 49611.617),(111.5 47419.05),(112.5 44610.67),(113.5 42405.82),(114.5 41039.363),(115.5 40927.305),(116.5 39394.78),(117.5 37919.234),(118.5 37076.02),(119.5 35320.605),(120.5 36284.645),(121.5 34109.79),(122.5 35164.254),(123.5 35259.12),(124.5 32124.588),(125.5 31688.697),(126.5 31323.873),(127.5 29882.434),(128.5 30527.725),(129.5 29027.379),(130.5 28842.725),(131.5 26426.717),(132.5 25816.488),(133.5 26903.617),(134.5 28298.072),(135.5 24514.873),(136.5 23858.586),(137.5 24459.396),(138.5 24747.746),(139.5 25486.795),(140.5 23274.43),(141.5 23627.934),(142.5 24108.725),(143.5 21923.248),(144.5 21659.361),(145.5 20549.945),(146.5 20176.734),(147.5 20320.42),(148.5 19115.848),(149.5 19194.443),(150.5 18689.186),(151.5 18727.943),(152.5 17809.717),(153.5 16966.063),(154.5 16409.635),(155.5 16333.083),(156.5 15920.35),(157.5 15853.985),(158.5 15253.197),(159.5 14634.037),(160.5 14830.027),(161.5 14256.856),(162.5 13124.021),(163.5 13421.597),(164.5 13299.651),(165.5 13083.086),(166.5 13014.407),(167.5 12776.673),(168.5 12539.056),(169.5 11827.753),(170.5 11702.683),(171.5 11407.901),(172.5 11710.309),(173.5 11609.665),(174.5 11308.409),(175.5 10896.197),(176.5 10202.82),(177.5 9987.029),(178.5 9965.687),(179.5 9605.885),(180.5 9931.62),(181.5 9637.014),(182.5 9467.247),(183.5 9144.774),(184.5 8926.6875),(185.5 8688.804),(186.5 8436.778),(187.5 8820.791),(188.5 8175.285),(189.5 8101.267),(190.5 7508.818),(191.5 7376.004),(192.5 7643.1616),(193.5 7241.0396),(194.5 7408.5146),(195.5 7528.0977),(196.5 7440.755),(197.5 7161.049),(198.5 6427.577),(199.5 6287.206),(200.5 6324.5513),(201.5 6329.252),(202.5 6359.2573),(203.5 6475.1313),(204.5 6701.5913),(205.5 6359.9033),(206.5 5688.6123),(207.5 6002.1),(208.5 5897.0337),(209.5 5758.683),(210.5 5654.598),(211.5 5264.5073),(212.5 5077.3154),(213.5 5007.2983),(214.5 5252.15),(215.5 5200.3867),(216.5 5135.6675),(217.5 4976.1914),(218.5 5135.9233),(219.5 4771.1567),(220.5 4604.5186),(221.5 4465.6504),(222.5 4534.123),(223.5 4745.706),(224.5 4184.129),(225.5 4170.28),(226.5 3945.2935),(227.5 3902.5579),(228.5 3882.0845),(229.5 3921.8557),(230.5 4087.9036),(231.5 3896.4092),(232.5 3791.951),(233.5 3624.678),(234.5 3410.0508),(235.5 3510.51),(236.5 3451.4424),(237.5 3364.0457),(238.5 3365.6257),(239.5 3309.2158),(240.5 3317.7515),(241.5 3243.8499),(242.5 3277.1758),(243.5 3132.1248),(244.5 3055.033),(245.5 3062.6453),(246.5 2825.9822),(247.5 2847.647),(248.5 2710.4585),(249.5 2647.581),(250.5 2545.7092),(251.5 2418.0608),(252.5 2520.5007),(253.5 2482.029),(254.5 2407.4194),(255.5 2460.2283),(256.5 2431.4556),(257.5 2475.565),(258.5 2362.2234),(259.5 2293.544),(260.5 2152.138),(261.5 2180.7095),(262.5 2164.9346),(263.5 2104.2542),(264.5 2126.9841),(265.5 2048.9592),(266.5 1993.9213),(267.5 1952.0608),(268.5 1954.3678),(269.5 1975.5055),(270.5 1942.1362),(271.5 1972.6819),(272.5 1983.7446),(273.5 1929.452),(274.5 1765.317),(275.5 1736.7678),(276.5 1726.2891),(277.5 1686.6578),(278.5 1654.7695),(279.5 1606.7262),(280.5 1546.4941),(281.5 1583.0332),(282.5 1539.0022),(283.5 1548.6418),(284.5 1546.9438),(285.5 1485.9723),(286.5 1462.3274),(287.5 1440.2086),(288.5 1344.991),(289.5 1360.9802),(290.5 1377.259),(291.5 1355.707),(292.5 1303.418),(293.5 1294.0682),(294.5 1288.9297),(295.5 1272.827),(296.5 1246.4626),(297.5 1241.016),(298.5 1215.0027),(299.5 1168.7305),(300.5 1137.5803),(301.5 1122.6542),(302.5 1108.9105),(303.5 1112.8243),(304.5 1078.0114),(305.5 1078.0146),(306.5 1048.7375),(307.5 1052.9772),(308.5 1043.4622),(309.5 978.31866),(310.5 998.5874),(311.5 967.5127),(312.5 979.8995),(313.5 933.6842),(314.5 956.0586),(315.5 938.2885),(316.5 921.6589),(317.5 880.86),(318.5 863.37225),(319.5 863.4404),(320.5 841.7501),(321.5 843.79865),(322.5 798.8795),(323.5 831.9746),(324.5 827.53577),(325.5 798.2038),(326.5 763.71155),(327.5 738.55365),(328.5 744.93274),(329.5 741.9943),(330.5 728.0973),(331.5 730.5747),(332.5 707.7789),(333.5 694.7836),(334.5 666.54565),(335.5 651.5241),(336.5 654.3045),(337.5 641.4013),(338.5 637.95795),(339.5 633.33887),(340.5 605.6942),(341.5 590.99316),(342.5 601.5904),(343.5 588.74176),(344.5 591.16504),(345.5 576.7373),(346.5 585.4075),(347.5 554.61615),(348.5 557.3051),(349.5 533.3928),(350.5 532.90625),(351.5 521.5112),(352.5 502.56564),(353.5 517.11304),(354.5 505.1356),(355.5 499.0418),(356.5 495.55634),(357.5 483.96185),(358.5 482.03104),(359.5 473.99692),(360.5 458.58096),(361.5 475.68945),(362.5 448.5021),(363.5 439.79),(364.5 434.346),(365.5 429.48172),(366.5 418.59863),(367.5 421.2286),(368.5 427.55472),(369.5 414.24103),(370.5 398.22714),(371.5 400.32703),(372.5 389.39178),(373.5 371.29596),(374.5 358.49734),(375.5 364.01642),(376.5 363.14517),(377.5 350.14734),(378.5 354.26385),(379.5 355.3336),(380.5 345.66327),(381.5 335.74387),(382.5 347.4783),(383.5 345.47327),(384.5 346.22284),(385.5 340.05063),(386.5 308.29614),(387.5 303.06375),(388.5 301.10422),(389.5 289.78638),(390.5 299.49313),(391.5 289.0539),(392.5 296.85126),(393.5 284.8048),(394.5 281.38696),(395.5 290.8462),(396.5 283.33173),(397.5 273.3397),(398.5 274.90442),(399.5 272.91995),(400.5 264.6672),(401.5 260.51074),(402.5 252.81184),(403.5 244.16692),(404.5 251.56146),(405.5 251.0905),(406.5 237.52267),(407.5 232.72902),(408.5 237.97215),(409.5 231.90425),(410.5 226.2278),(411.5 221.85307),(412.5 227.24864),(413.5 215.88007),(414.5 211.36908),(415.5 209.03485),(416.5 210.95293),(417.5 206.69067),(418.5 217.55359),(419.5 206.08264),(420.5 201.43898),(421.5 201.27356),(422.5 199.47711),(423.5 191.07695),(424.5 194.49089),(425.5 195.08604),(426.5 195.01341),(427.5 184.85616),(428.5 177.19595),(429.5 174.50659),(430.5 171.7554),(431.5 171.54483),(432.5 171.00739),(433.5 176.05595),(434.5 169.52501),(435.5 172.41025),(436.5 163.45335),(437.5 166.23242),(438.5 165.24452),(439.5 161.47552),(440.5 160.70827),(441.5 158.81647),(442.5 152.797),(443.5 151.71922),(444.5 153.83702),(445.5 153.45741),(446.5 148.11948),(447.5 145.6235),(448.5 150.58945),(449.5 139.68486),(450.5 137.01813),(451.5 142.88629),(452.5 142.8027),(453.5 142.16298),(454.5 139.63504),(455.5 138.01738),(456.5 133.21751),(457.5 132.66704),(458.5 133.34222),(459.5 130.97592),(460.5 129.59302),(461.5 124.30909),(462.5 127.335526),(463.5 125.02097),(464.5 126.23738),(465.5 127.88136),(466.5 122.7165),(467.5 128.11923),(468.5 122.81762),(469.5 122.41561),(470.5 122.66905),(471.5 121.98177),(472.5 120.09104),(473.5 120.89248),(474.5 117.77326),(475.5 119.749916),(476.5 116.88478),(477.5 118.00682),(478.5 113.913635),(479.5 110.33516),(480.5 112.16113),(481.5 111.15835),(482.5 113.567184),(483.5 110.578545),(484.5 114.9972),(485.5 108.949295),(486.5 112.12303),(487.5 109.98703),(488.5 107.629974),(489.5 110.61957),(490.5 109.45593),(491.5 104.36182),(492.5 107.570915),(493.5 108.3292),(494.5 109.37616),(495.5 105.93006),(496.5 107.63547),(497.5 107.14438),(498.5 106.13983),(499.5 106.58603),
(1.5 7722821.5),(2.5 7139949),(3.5 10580348),(4.5 9493196),(5.5 15268800),(6.5 13047571),(7.5 10895602),(8.5 9878781),(9.5 7489694),(10.5 8857497),(11.5 6575314),(12.5 6808025),(13.5 7120470),(14.5 5110031.5),(15.5 4429214.5),(16.5 4043564.3),(17.5 4686255),(18.5 2933070),(19.5 3222620.5),(20.5 2660047),(21.5 2515148),(22.5 2696783.5),(23.5 2019926),(24.5 2003928.8),(25.5 1957325.5),(26.5 1746092.1),(27.5 1782171.8),(28.5 1338969),(29.5 1304794.6),(30.5 1121436.4),(31.5 1211045.4),(32.5 1033891.1),(33.5 1098138.4),(34.5 897117.56),(35.5 902327.4),(36.5 839573.75),(37.5 831669.1),(38.5 703767.44),(39.5 763878.9),(40.5 648242.4),(41.5 547275.4),(42.5 616146.4),(43.5 605126.1),(44.5 516127.13),(45.5 512364.6),(46.5 450003.72),(47.5 412328.88),(48.5 465222.78),(49.5 473944.2),(50.5 389386.63),(51.5 376302.16),(52.5 343017.9),(53.5 318006.72),(54.5 291313.1),(55.5 289825.25),(56.5 287489.47),(57.5 273988.53),(58.5 221587.61),(59.5 203717.72),(60.5 208496.47),(61.5 208135.13),(62.5 217447.16),(63.5 200775.77),(64.5 187490.66),(65.5 174108.94),(66.5 161993.39),(67.5 162258.31),(68.5 158360.16),(69.5 149288.22),(70.5 144390.44),(71.5 148645.95),(72.5 146390.69),(73.5 144288.2),(74.5 134851.23),(75.5 116963.93),(76.5 112347.38),(77.5 111294.74),(78.5 124107.38),(79.5 121582.37),(80.5 119043.164),(81.5 105910.93),(82.5 93016.5),(83.5 101694.47),(84.5 107325.03),(85.5 95532.71),(86.5 93910.91),(87.5 90177.484),(88.5 89573.79),(89.5 88607.63),(90.5 81063.05),(91.5 77022.44),(92.5 70136.58),(93.5 70752.445),(94.5 67288.79),(95.5 67195.18),(96.5 73790.8),(97.5 69644.305),(98.5 68310.945),(99.5 61635.523),(100.5 62283.523),(101.5 58059.45),(102.5 58432.64),(103.5 59484.266),(104.5 56525.355),(105.5 49986.17),(106.5 48723.207),(107.5 47715.03),(108.5 48692.22),(109.5 49351.793),(110.5 49722.15),(111.5 46955.36),(112.5 44251.914),(113.5 41867.016),(114.5 40795.16),(115.5 41126.51),(116.5 39532.23),(117.5 37786.47),(118.5 36615),(119.5 35487.113),(120.5 36464.07),(121.5 33873.664),(122.5 34649.656),(123.5 35330.28),(124.5 32185.703),(125.5 31502.084),(126.5 31289.225),(127.5 29766.855),(128.5 30753.338),(129.5 28967.732),(130.5 29088.43),(131.5 26417.31),(132.5 25687.357),(133.5 26646.27),(134.5 28188.389),(135.5 24255.725),(136.5 23934.902),(137.5 24176.393),(138.5 24559.053),(139.5 25373.734),(140.5 23167.412),(141.5 23150.361),(142.5 23864.95),(143.5 21934.785),(144.5 21792.773),(145.5 20331.984),(146.5 20248.805),(147.5 20440.188),(148.5 19200.896),(149.5 19267.021),(150.5 18635.814),(151.5 18939.736),(152.5 17908.502),(153.5 16982.877),(154.5 16340.704),(155.5 16236.791),(156.5 15869.641),(157.5 15873.428),(158.5 15208.671),(159.5 14508.888),(160.5 14759.27),(161.5 14133.666),(162.5 13140.094),(163.5 13468.255),(164.5 13346.357),(165.5 13104.397),(166.5 13077.587),(167.5 12836.524),(168.5 12551.921),(169.5 11816.431),(170.5 11718.597),(171.5 11405.384),(172.5 11850.845),(173.5 11675.005),(174.5 11357.05),(175.5 10984.012),(176.5 10111.514),(177.5 9904.992),(178.5 10054.443),(179.5 9764.585),(180.5 10066.577),(181.5 9725.898),(182.5 9569.753),(183.5 9219.005),(184.5 8877.43),(185.5 8683.249),(186.5 8381.343),(187.5 8819.731),(188.5 8186.0674),(189.5 8101.032),(190.5 7547.035),(191.5 7373.396),(192.5 7677.2607),(193.5 7212.0635),(194.5 7413.125),(195.5 7443.2476),(196.5 7373.1104),(197.5 7105.2515),(198.5 6523.1987),(199.5 6328.5913),(200.5 6355.8667),(201.5 6400.0317),(202.5 6343.6147),(203.5 6481.809),(204.5 6639.5386),(205.5 6315.499),(206.5 5655.5884),(207.5 6006.4507),(208.5 5871.136),(209.5 5762.9575),(210.5 5642.393),(211.5 5250.899),(212.5 5075.513),(213.5 4964.582),(214.5 5217.5093),(215.5 5171.124),(216.5 5126.7646),(217.5 4957.453),(218.5 5084.0146),(219.5 4761.551),(220.5 4610.835),(221.5 4486.6245),(222.5 4484.082),(223.5 4682.179),(224.5 4172.728),(225.5 4192.066),(226.5 3962.0227),(227.5 3932.6553),(228.5 3883.0083),(229.5 3922.7512),(230.5 4069.5522),(231.5 3895.4666),(232.5 3781.7097),(233.5 3585.1267),(234.5 3388.1934),(235.5 3506.5117),(236.5 3459.359),(237.5 3346.521),(238.5 3364.09),(239.5 3325.7903),(240.5 3319.9106),(241.5 3234.3677),(242.5 3273.085),(243.5 3123.851),(244.5 3017.9067),(245.5 3042.232),(246.5 2809.1067),(247.5 2854.0313),(248.5 2711.6414),(249.5 2641.7073),(250.5 2526.057),(251.5 2413.1738),(252.5 2499.9194),(253.5 2474.701),(254.5 2387.9094),(255.5 2455.4246),(256.5 2423.3757),(257.5 2481.876),(258.5 2374.0503),(259.5 2306.2869),(260.5 2159.2498),(261.5 2158.6235),(262.5 2168.7686),(263.5 2113.641),(264.5 2122.0796),(265.5 2056.074),(266.5 1995.7805),(267.5 1967.9609),(268.5 1972.4824),(269.5 1986.9369),(270.5 1933.5164),(271.5 1958.7305),(272.5 1963.3406),(273.5 1915.2638),(274.5 1769.295),(275.5 1739.4119),(276.5 1745.5973),(277.5 1693.018),(278.5 1668.3009),(279.5 1610.6776),(280.5 1547.8767),(281.5 1571.6934),(282.5 1539.3655),(283.5 1548.5858),(284.5 1536.9294),(285.5 1486.2916),(286.5 1458.6952),(287.5 1447.0968),(288.5 1338.3646),(289.5 1351.3839),(290.5 1364.1628),(291.5 1342.207),(292.5 1312.263),(293.5 1299.6619),(294.5 1296.9181),(295.5 1275.2023),(296.5 1254.326),(297.5 1244.0819),(298.5 1213.4783),(299.5 1173.6743),(300.5 1143.2394),(301.5 1122.1243),(302.5 1111.587),(303.5 1113.8947),(304.5 1078.7399),(305.5 1079.2147),(306.5 1053.1805),(307.5 1052.8888),(308.5 1038.2412),(309.5 971.81903),(310.5 989.9362),(311.5 962.60156),(312.5 981.984),(313.5 941.3842),(314.5 953.60944),(315.5 938.0989),(316.5 920.9583),(317.5 880.7309),(318.5 859.3593),(319.5 869.26733),(320.5 844.06635),(321.5 847.8713),(322.5 799.2983),(323.5 823.1073),(324.5 823.227),(325.5 798.02313),(326.5 762.7024),(327.5 739.91736),(328.5 746.3376),(329.5 738.81665),(330.5 727.9019),(331.5 729.2319),(332.5 707.6916),(333.5 692.67596),(334.5 670.0533),(335.5 656.40735),(336.5 654.5391),(337.5 637.99664),(338.5 632.1342),(339.5 627.457),(340.5 603.81195),(341.5 593.8745),(342.5 602.91455),(343.5 594.574),(344.5 594.7076),(345.5 574.8392),(346.5 585.3466),(347.5 551.1524),(348.5 557.7275),(349.5 534.409),(350.5 531.34155),(351.5 518.094),(352.5 506.25012),(353.5 521.82806),(354.5 508.27145),(355.5 497.76),(356.5 493.83624),(357.5 485.51282),(358.5 484.79782),(359.5 472.35794),(360.5 456.83548),(361.5 474.39844),(362.5 448.73486),(363.5 439.58212),(364.5 436.0422),(365.5 428.48633),(366.5 418.60043),(367.5 422.88947),(368.5 430.0318),(369.5 415.65897),(370.5 399.98358),(371.5 401.95627),(372.5 388.11108),(373.5 374.299),(374.5 354.2241),(375.5 362.7762),(376.5 361.806),(377.5 350.983),(378.5 354.8441),(379.5 356.8442),(380.5 347.1907),(381.5 337.0966),(382.5 349.8344),(383.5 347.1639),(384.5 343.50113),(385.5 335.20767),(386.5 307.81778),(387.5 302.9161),(388.5 301.66565),(389.5 292.31625),(390.5 299.89993),(391.5 290.15),(392.5 295.89526),(393.5 286.11844),(394.5 282.16873),(395.5 290.8713),(396.5 280.78732),(397.5 272.6756),(398.5 275.35898),(399.5 273.3603),(400.5 264.65195),(401.5 264.18765),(402.5 256.11853),(403.5 244.44334),(404.5 251.3234),(405.5 247.41762),(406.5 237.71567),(407.5 232.59402),(408.5 238.03307),(409.5 233.29204),(410.5 225.27759),(411.5 222.25604),(412.5 225.65355),(413.5 213.4913),(414.5 210.51132),(415.5 210.39139),(416.5 210.99939),(417.5 206.8052),(418.5 214.82108),(419.5 205.45169),(420.5 203.10341),(421.5 201.25754),(422.5 198.83112),(423.5 189.43745),(424.5 194.07619),(425.5 195.77129),(426.5 195.64651),(427.5 184.275),(428.5 178.71144),(429.5 173.46487),(430.5 171.59705),(431.5 173.24469),(432.5 170.16805),(433.5 174.85863),(434.5 168.977),(435.5 171.07602),(436.5 162.72202),(437.5 164.71646),(438.5 165.9864),(439.5 161.6417),(440.5 161.20628),(441.5 158.10822),(442.5 150.99883),(443.5 149.78696),(444.5 153.06667),(445.5 153.41129),(446.5 149.25052),(447.5 145.33737),(448.5 150.7022),(449.5 140.62366),(450.5 137.11981),(451.5 141.53642),(452.5 143.88629),(453.5 143.17363),(454.5 139.41643),(455.5 138.83249),(456.5 133.34114),(457.5 132.32385),(458.5 134.13669),(459.5 130.27649),(460.5 129.88275),(461.5 124.64614),(462.5 127.30147),(463.5 124.85595),(464.5 126.036705),(465.5 128.67801),(466.5 123.59784),(467.5 130.0096),(468.5 123.42933),(469.5 123.44198),(470.5 123.07485),(471.5 121.68763),(472.5 118.79437),(473.5 121.03835),(474.5 118.240776),(475.5 119.62037),(476.5 116.76842),(477.5 117.080666),(478.5 112.700066),(479.5 109.9816),(480.5 112.69766),(481.5 110.91101),(482.5 113.209366),(483.5 110.17359),(484.5 114.78013),(485.5 108.68978),(486.5 111.509285),(487.5 109.44592),(488.5 107.84379),(489.5 110.07728),(490.5 110.119675),(491.5 104.58726),(492.5 108.01255),(493.5 109.46119),(494.5 109.79462),(495.5 106.63008),(496.5 108.5288),(497.5 107.4127),(498.5 105.01245),(499.5 106.43646),
(1.5 7960646),(2.5 7254073.5),(3.5 10793746),(4.5 9747924),(5.5 15576905),(6.5 13213562),(7.5 10940830),(8.5 9958093),(9.5 7447647),(10.5 8893154),(11.5 6637558),(12.5 6737683.5),(13.5 7127470.5),(14.5 5124699.5),(15.5 4402870.5),(16.5 4064509.3),(17.5 4728649.5),(18.5 2913231.5),(19.5 3239513.3),(20.5 2653978.5),(21.5 2485974),(22.5 2645799.3),(23.5 1972828.5),(24.5 1978702.8),(25.5 1948182.6),(26.5 1738882.6),(27.5 1764873.5),(28.5 1335769),(29.5 1301068.9),(30.5 1130479.1),(31.5 1214575.5),(32.5 1033807.75),(33.5 1101259.4),(34.5 901140),(35.5 906904.44),(36.5 846515.5),(37.5 831090.75),(38.5 697053.7),(39.5 769798),(40.5 642565.3),(41.5 550705.2),(42.5 617689.1),(43.5 605944.1),(44.5 508201.94),(45.5 513089.5),(46.5 454155.72),(47.5 420056.84),(48.5 467081.63),(49.5 474289.72),(50.5 388291.63),(51.5 373554.53),(52.5 346237.4),(53.5 321092.9),(54.5 292417),(55.5 285374.72),(56.5 287755.34),(57.5 271267.1),(58.5 217978.05),(59.5 201244.17),(60.5 205465.42),(61.5 203418.72),(62.5 216268.05),(63.5 200858.73),(64.5 185204.78),(65.5 172707.61),(66.5 164897.7),(67.5 163563.03),(68.5 160355.13),(69.5 152129.56),(70.5 144901.3),(71.5 146652.67),(72.5 147458.78),(73.5 143741.28),(74.5 133450.61),(75.5 116273.37),(76.5 113163.57),(77.5 111914.72),(78.5 124441.27),(79.5 121053.34),(80.5 118858.1),(81.5 106136.21),(82.5 94146.414),(83.5 100188.69),(84.5 106831.414),(85.5 95418.74),(86.5 93831.7),(87.5 89904.34),(88.5 89500.414),(89.5 88420.41),(90.5 80376.53),(91.5 76005.75),(92.5 69361.96),(93.5 70599.01),(94.5 66953.2),(95.5 67604.99),(96.5 74723.805),(97.5 69979.3),(98.5 67797.14),(99.5 61465.32),(100.5 62609.87),(101.5 58566.043),(102.5 58249.965),(103.5 59022.566),(104.5 56636.21),(105.5 49936.977),(106.5 48757.207),(107.5 47789.59),(108.5 48431.742),(109.5 49205.695),(110.5 49662.453),(111.5 46711.59),(112.5 43795.445),(113.5 41525.348),(114.5 40553.473),(115.5 41444.715),(116.5 39741.04),(117.5 37556.066),(118.5 36334.934),(119.5 35647.5),(120.5 36627.27),(121.5 33460.88),(122.5 34480.504),(123.5 35434.727),(124.5 32462.4),(125.5 31641.576),(126.5 31340.81),(127.5 29709.992),(128.5 30699.629),(129.5 28992.719),(130.5 29055.352),(131.5 26396.336),(132.5 25427.713),(133.5 26394.318),(134.5 27808.248),(135.5 24000.889),(136.5 23946.977),(137.5 24129.313),(138.5 24503.682),(139.5 25214.434),(140.5 22958.934),(141.5 22722.516),(142.5 23652.248),(143.5 22005.617),(144.5 21978.371),(145.5 20287.826),(146.5 20277.486),(147.5 20508.922),(148.5 19365.844),(149.5 19520.635),(150.5 18693.283),(151.5 19071.527),(152.5 18082.465),(153.5 17093.64),(154.5 16265.035),(155.5 16252.852),(156.5 15722.864),(157.5 15846.475),(158.5 15228.05),(159.5 14359.222),(160.5 14743.839),(161.5 14148.151),(162.5 13271.765),(163.5 13506.23),(164.5 13406.856),(165.5 13090.118),(166.5 13136.535),(167.5 12913.6875),(168.5 12579.03),(169.5 11874.682),(170.5 11787.018),(171.5 11568.142),(172.5 11899.655),(173.5 11878.0205),(174.5 11493.163),(175.5 11063.889),(176.5 10138.665),(177.5 9936.675),(178.5 10171.04),(179.5 9930.398),(180.5 10144.184),(181.5 9851.187),(182.5 9698.482),(183.5 9248.247),(184.5 8945.671),(185.5 8758.9795),(186.5 8402.512),(187.5 8802.968),(188.5 8276.766),(189.5 8110.623),(190.5 7643.3003),(191.5 7469.4097),(192.5 7718.777),(193.5 7264.0215),(194.5 7422.1387),(195.5 7374.823),(196.5 7261.2324),(197.5 7184.614),(198.5 6625.4116),(199.5 6363.8193),(200.5 6323.322),(201.5 6471.382),(202.5 6407.549),(203.5 6467.576),(204.5 6631.214),(205.5 6284.4546),(206.5 5655.2007),(207.5 5996.2188),(208.5 5839.639),(209.5 5709.564),(210.5 5651.2217),(211.5 5221.472),(212.5 5033.322),(213.5 4977.206),(214.5 5213.5186),(215.5 5204.895),(216.5 5143.0938),(217.5 4931.7686),(218.5 5064.999),(219.5 4719.816),(220.5 4612.7686),(221.5 4496.93),(222.5 4444.1553),(223.5 4720.3545),(224.5 4236.1924),(225.5 4258.164),(226.5 3953.8772),(227.5 3903.5723),(228.5 3892.0298),(229.5 3885.4146),(230.5 4009.724),(231.5 3870.335),(232.5 3767.3884),(233.5 3622.5054),(234.5 3432.1038),(235.5 3522.256),(236.5 3495.1614),(237.5 3377.3257),(238.5 3357.8162),(239.5 3324.7527),(240.5 3335.4397),(241.5 3237.331),(242.5 3297.5464),(243.5 3150.504),(244.5 3034.7673),(245.5 3051.9087),(246.5 2810.517),(247.5 2832.6348),(248.5 2715.1606),(249.5 2657.9778),(250.5 2517.185),(251.5 2418.9824),(252.5 2515.608),(253.5 2474.0793),(254.5 2392.905),(255.5 2458.4082),(256.5 2419.598),(257.5 2470.5098),(258.5 2389.5347),(259.5 2330.5637),(260.5 2174.9001),(261.5 2133.6873),(262.5 2140.9058),(263.5 2105.1426),(264.5 2095.958),(265.5 2056.3447),(266.5 1988.1465),(267.5 1955.2051),(268.5 1971.8242),(269.5 1984.2285),(270.5 1932.5532),(271.5 1955.6272),(272.5 1959.2223),(273.5 1898.1567),(274.5 1759.9424),(275.5 1719.6725),(276.5 1747.549),(277.5 1689.5331),(278.5 1657.3683),(279.5 1600.765),(280.5 1554.225),(281.5 1581.8052),(282.5 1539.9753),(283.5 1539.7913),(284.5 1527.21),(285.5 1478.7108),(286.5 1460.9188),(287.5 1446.8533),(288.5 1338.1376),(289.5 1349.0675),(290.5 1369.5979),(291.5 1344.1766),(292.5 1308.0001),(293.5 1310.8568),(294.5 1305.0854),(295.5 1272.5673),(296.5 1241.6268),(297.5 1251.5642),(298.5 1216.846),(299.5 1163.5066),(300.5 1128.5829),(301.5 1133.9457),(302.5 1115.0732),(303.5 1119.3044),(304.5 1067.058),(305.5 1079.7738),(306.5 1055.7476),(307.5 1053.8228),(308.5 1047.6426),(309.5 968.27344),(310.5 985.99066),(311.5 955.34717),(312.5 986.6607),(313.5 941.64484),(314.5 944.82135),(315.5 929.82135),(316.5 920.823),(317.5 875.5943),(318.5 860.25854),(319.5 867.1428),(320.5 839.71594),(321.5 840.72217),(322.5 799.6278),(323.5 813.4283),(324.5 809.8351),(325.5 788.3098),(326.5 766.1174),(327.5 742.27344),(328.5 746.92664),(329.5 732.54956),(330.5 720.64825),(331.5 725.3134),(332.5 707.96405),(333.5 696.3195),(334.5 666.5479),(335.5 653.3191),(336.5 651.6355),(337.5 635.518),(338.5 633.05597),(339.5 623.58014),(340.5 598.71765),(341.5 593.4099),(342.5 602.8703),(343.5 588.16205),(344.5 590.64197),(345.5 569.2357),(346.5 589.27637),(347.5 553.21173),(348.5 554.48535),(349.5 533.33655),(350.5 528.5292),(351.5 514.8809),(352.5 508.9857),(353.5 523.61536),(354.5 512.5424),(355.5 495.74667),(356.5 489.09515),(357.5 478.84653),(358.5 488.5835),(359.5 474.32877),(360.5 453.99615),(361.5 471.89023),(362.5 445.47342),(363.5 440.5027),(364.5 439.21637),(365.5 425.0529),(366.5 415.86115),(367.5 422.08328),(368.5 425.17163),(369.5 413.27856),(370.5 398.012),(371.5 401.06665),(372.5 384.77103),(373.5 371.14188),(374.5 354.26303),(375.5 362.26074),(376.5 361.2486),(377.5 347.64474),(378.5 351.1828),(379.5 352.9239),(380.5 347.4698),(381.5 340.19662),(382.5 349.31564),(383.5 346.46548),(384.5 342.82477),(385.5 334.10962),(386.5 309.32172),(387.5 305.77774),(388.5 300.7646),(389.5 293.32846),(390.5 300.48),(391.5 290.19882),(392.5 294.503),(393.5 285.27826),(394.5 283.13),(395.5 291.1572),(396.5 281.8106),(397.5 272.19907),(398.5 276.52365),(399.5 272.35257),(400.5 264.1074),(401.5 263.16095),(402.5 255.27324),(403.5 245.49782),(404.5 252.31259),(405.5 247.22554),(406.5 237.1524),(407.5 231.67494),(408.5 236.7874),(409.5 234.4041),(410.5 223.66008),(411.5 221.06007),(412.5 226.534),(413.5 212.06018),(414.5 213.22345),(415.5 212.0501),(416.5 211.69994),(417.5 207.36617),(418.5 212.73038),(419.5 204.59615),(420.5 202.54816),(421.5 200.77419),(422.5 198.54381),(423.5 190.83832),(424.5 192.9897),(425.5 194.50998),(426.5 194.80327),(427.5 182.83434),(428.5 178.3389),(429.5 171.44702),(430.5 170.84863),(431.5 173.32109),(432.5 168.03442),(433.5 173.48622),(434.5 167.61536),(435.5 170.56006),(436.5 160.94502),(437.5 165.4813),(438.5 163.83296),(439.5 160.16478),(440.5 159.0801),(441.5 156.69885),(442.5 151.67244),(443.5 149.8162),(444.5 152.75586),(445.5 153.33177),(446.5 148.60626),(447.5 143.66821),(448.5 150.93256),(449.5 140.225),(450.5 138.23291),(451.5 141.82239),(452.5 142.68059),(453.5 143.19225),(454.5 138.76845),(455.5 138.51038),(456.5 133.16978),(457.5 131.70068),(458.5 133.5737),(459.5 130.364),(460.5 129.31104),(461.5 124.91985),(462.5 126.555695),(463.5 124.67474),(464.5 125.187294),(465.5 129.3277),(466.5 122.91432),(467.5 128.80312),(468.5 123.92476),(469.5 122.894844),(470.5 123.23715),(471.5 121.48705),(472.5 120.18291),(473.5 121.70393),(474.5 118.881874),(475.5 120.46946),(476.5 117.352554),(477.5 117.89468),(478.5 113.31809),(479.5 110.85668),(480.5 112.27084),(481.5 110.41277),(482.5 112.98697),(483.5 110.99137),(484.5 114.08797),(485.5 108.32125),(486.5 110.747696),(487.5 109.765594),(488.5 107.90691),(489.5 109.65989),(490.5 110.15159),(491.5 104.74305),(492.5 107.32713),(493.5 107.683426),(494.5 109.8757),(495.5 105.60677),(496.5 107.82157),(497.5 107.35312),(498.5 104.41131),(499.5 106.17941),
(1.5 8117040.5),(2.5 7308906.5),(3.5 10965977),(4.5 10034996),(5.5 15857009),(6.5 13381870),(7.5 10963532),(8.5 10040693),(9.5 7399704.5),(10.5 8923759),(11.5 6696032),(12.5 6670800.5),(13.5 7127510.5),(14.5 5150761.5),(15.5 4391526.5),(16.5 4089057.8),(17.5 4762758.5),(18.5 2896573.5),(19.5 3254131.5),(20.5 2642327),(21.5 2457088),(22.5 2593892),(23.5 1928971.1),(24.5 1954366.5),(25.5 1937286.6),(26.5 1727071.5),(27.5 1745319.8),(28.5 1336629.5),(29.5 1295469.8),(30.5 1141885.9),(31.5 1215075.1),(32.5 1032991.4),(33.5 1102444.3),(34.5 904860.4),(35.5 911072),(36.5 854120.8),(37.5 831192.7),(38.5 690865.06),(39.5 776285.6),(40.5 636165.75),(41.5 557470.1),(42.5 619275),(43.5 605143.7),(44.5 498753.44),(45.5 511966.72),(46.5 459315.3),(47.5 427642.6),(48.5 468252.88),(49.5 471913.78),(50.5 385576.03),(51.5 369089.9),(52.5 347577.34),(53.5 321837.6),(54.5 291468.94),(55.5 279977),(56.5 286323.78),(57.5 267847.53),(58.5 213912.66),(59.5 199257.33),(60.5 203949.19),(61.5 200992.2),(62.5 215717.33),(63.5 201107.36),(64.5 182865.58),(65.5 170405.03),(66.5 167234.53),(67.5 164385.39),(68.5 161236.05),(69.5 154297.97),(70.5 145127.02),(71.5 144993.72),(72.5 148121.08),(73.5 143628.05),(74.5 131824.34),(75.5 115012.32),(76.5 113499.24),(77.5 112361.49),(78.5 124571.695),(79.5 120359.03),(80.5 118952.39),(81.5 106880.04),(82.5 95782.25),(83.5 99492.85),(84.5 106167.94),(85.5 95562.18),(86.5 93408.53),(87.5 88955.7),(88.5 89555.96),(89.5 87862),(90.5 79959.47),(91.5 75402.09),(92.5 69238.8),(93.5 70909.89),(94.5 66774.22),(95.5 68365.26),(96.5 75699.71),(97.5 69964.586),(98.5 66680.164),(99.5 61192.137),(100.5 62698.742),(101.5 58850.367),(102.5 58131.703),(103.5 59013.547),(104.5 56768.527),(105.5 50187.96),(106.5 48490.164),(107.5 47787.24),(108.5 48245.066),(109.5 49262.805),(110.5 49722.4),(111.5 47107.39),(112.5 43366.516),(113.5 41349.633),(114.5 40055.313),(115.5 41575.12),(116.5 39786.848),(117.5 37180.348),(118.5 36145.195),(119.5 35412.785),(120.5 36503.477),(121.5 32977.656),(122.5 34462.082),(123.5 35264.184),(124.5 32785.438),(125.5 31991.799),(126.5 31222.479),(127.5 29666.547),(128.5 30427.512),(129.5 29069.834),(130.5 29153.43),(131.5 26358.414),(132.5 25108.434),(133.5 26390.5),(134.5 27432.85),(135.5 24056.793),(136.5 23865.654),(137.5 24165.271),(138.5 24576.316),(139.5 25110.85),(140.5 22736.012),(141.5 22548.943),(142.5 23542.766),(143.5 21948.389),(144.5 22056.436),(145.5 20327.586),(146.5 20051.918),(147.5 20443.668),(148.5 19418.523),(149.5 19631.043),(150.5 18747.998),(151.5 18916.963),(152.5 18087.754),(153.5 17096.832),(154.5 16266.571),(155.5 16355.936),(156.5 15613.386),(157.5 15921.214),(158.5 15349.684),(159.5 14314.514),(160.5 14669.523),(161.5 14152.066),(162.5 13286.743),(163.5 13555.802),(164.5 13374.528),(165.5 13196.295),(166.5 13205.168),(167.5 12806.709),(168.5 12611.935),(169.5 11926.375),(170.5 11913.878),(171.5 11685.167),(172.5 11817.899),(173.5 11904.294),(174.5 11493.3545),(175.5 11028.953),(176.5 10172.346),(177.5 9967.791),(178.5 10207.749),(179.5 9970.611),(180.5 10236.614),(181.5 9934.51),(182.5 9650.73),(183.5 9227.435),(184.5 8986.996),(185.5 8819.625),(186.5 8315.53),(187.5 8782.76),(188.5 8352.679),(189.5 8135.6934),(190.5 7802.4014),(191.5 7558.737),(192.5 7745.6895),(193.5 7270.0356),(194.5 7400.3823),(195.5 7324.5605),(196.5 7198.1406),(197.5 7132.238),(198.5 6644.311),(199.5 6414.9785),(200.5 6301.6484),(201.5 6481.796),(202.5 6400.806),(203.5 6429.27),(204.5 6618.7383),(205.5 6200.1343),(206.5 5601.789),(207.5 5933.0396),(208.5 5784.9463),(209.5 5628.7007),(210.5 5665.37),(211.5 5182.346),(212.5 5041.697),(213.5 4999.7065),(214.5 5173.8223),(215.5 5226.537),(216.5 5137.376),(217.5 4933.2466),(218.5 5082.5073),(219.5 4715.525),(220.5 4623.28),(221.5 4486.988),(222.5 4380.4814),(223.5 4733.293),(224.5 4274.0293),(225.5 4251.4272),(226.5 3970.0776),(227.5 3914.878),(228.5 3873.4922),(229.5 3872.1501),(230.5 3951.2615),(231.5 3821.1755),(232.5 3729.0837),(233.5 3602.046),(234.5 3414.1733),(235.5 3489.5356),(236.5 3515.625),(237.5 3406.3933),(238.5 3325.5662),(239.5 3270.8179),(240.5 3346.9487),(241.5 3248.2385),(242.5 3308.509),(243.5 3136.1345),(244.5 3033.8015),(245.5 3050.2153),(246.5 2801.517),(247.5 2827.9482),(248.5 2709.7493),(249.5 2640.2993),(250.5 2516.1648),(251.5 2418.6365),(252.5 2545.0024),(253.5 2490.2717),(254.5 2394.1685),(255.5 2449.9143),(256.5 2428.298),(257.5 2474.4436),(258.5 2400.1064),(259.5 2329.1736),(260.5 2193.2983),(261.5 2143.7075),(262.5 2144.2422),(263.5 2090.6472),(264.5 2079.6047),(265.5 2050.3552),(266.5 1982.5151),(267.5 1951.902),(268.5 1947.6583),(269.5 1980.9069),(270.5 1924.8759),(271.5 1943.9393),(272.5 1963.9012),(273.5 1900.5677),(274.5 1757.9299),(275.5 1715.886),(276.5 1746.0408),(277.5 1702.9526),(278.5 1672.3037),(279.5 1599.2168),(280.5 1548.1985),(281.5 1570.8867),(282.5 1532.6251),(283.5 1536.3837),(284.5 1533.5133),(285.5 1479.8121),(286.5 1456.2242),(287.5 1439.4146),(288.5 1339.9006),(289.5 1359.7056),(290.5 1375.0742),(291.5 1330.3232),(292.5 1290.2815),(293.5 1307.6552),(294.5 1316.1514),(295.5 1270.2332),(296.5 1244.7053),(297.5 1250.3668),(298.5 1210.137),(299.5 1149.877),(300.5 1117.2646),(301.5 1127.9701),(302.5 1103.1663),(303.5 1108.7693),(304.5 1063.8),(305.5 1073.685),(306.5 1061.6808),(307.5 1057.7848),(308.5 1046.161),(309.5 973.6989),(310.5 987.3677),(311.5 959.038),(312.5 985.6215),(313.5 936.0123),(314.5 940.9526),(315.5 927.0497),(316.5 918.575),(317.5 863.1264),(318.5 851.5947),(319.5 860.22736),(320.5 844.59375),(321.5 839.77545),(322.5 799.9628),(323.5 808.22614),(324.5 808.632),(325.5 787.1098),(326.5 757.7354),(327.5 747.0199),(328.5 738.7984),(329.5 723.8399),(330.5 711.64667),(331.5 718.0127),(332.5 705.9305),(333.5 698.7573),(334.5 666.9982),(335.5 655.3278),(336.5 658.1649),(337.5 643.2973),(338.5 638.33325),(339.5 621.3349),(340.5 591.0853),(341.5 589.57294),(342.5 592.5109),(343.5 586.0418),(344.5 592.9698),(345.5 568.2915),(346.5 582.63715),(347.5 555.24225),(348.5 549.3895),(349.5 533.3886),(350.5 531.1346),(351.5 519.6809),(352.5 508.99548),(353.5 523.69995),(354.5 509.03546),(355.5 493.16995),(356.5 491.81036),(357.5 479.9272),(358.5 486.7425),(359.5 475.03372),(360.5 457.35007),(361.5 468.43735),(362.5 446.64362),(363.5 442.93207),(364.5 438.71194),(365.5 430.12057),(366.5 417.21817),(367.5 421.0158),(368.5 428.32742),(369.5 412.8402),(370.5 396.79086),(371.5 399.23648),(372.5 383.07245),(373.5 366.11728),(374.5 351.3287),(375.5 362.9679),(376.5 357.55624),(377.5 346.74597),(378.5 349.8299),(379.5 353.50754),(380.5 349.56754),(381.5 340.85745),(382.5 348.718),(383.5 347.0317),(384.5 341.26456),(385.5 333.0493),(386.5 308.78952),(387.5 308.08426),(388.5 301.64984),(389.5 292.7607),(390.5 296.86172),(391.5 288.54883),(392.5 291.81235),(393.5 285.1361),(394.5 282.62744),(395.5 289.86844),(396.5 278.2425),(397.5 269.99634),(398.5 275.67172),(399.5 274.7729),(400.5 264.5685),(401.5 261.64868),(402.5 253.89313),(403.5 244.77786),(404.5 249.76988),(405.5 246.67268),(406.5 236.82272),(407.5 233.45717),(408.5 235.61661),(409.5 233.75247),(410.5 224.24374),(411.5 222.15024),(412.5 225.94044),(413.5 210.46562),(414.5 212.87958),(415.5 210.34367),(416.5 211.73705),(417.5 207.69478),(418.5 210.69508),(419.5 204.64018),(420.5 201.71445),(421.5 199.0767),(422.5 198.35713),(423.5 189.93073),(424.5 192.46764),(425.5 192.27484),(426.5 195.17287),(427.5 182.84773),(428.5 176.95177),(429.5 169.67683),(430.5 171.4547),(431.5 173.11395),(432.5 168.26164),(433.5 171.42738),(434.5 166.17068),(435.5 167.78679),(436.5 161.33145),(437.5 165.38434),(438.5 164.37845),(439.5 160.29546),(440.5 158.56088),(441.5 156.6396),(442.5 151.37524),(443.5 149.95532),(444.5 152.75136),(445.5 154.11292),(446.5 149.56291),(447.5 144.54166),(448.5 151.36671),(449.5 139.88397),(450.5 137.57278),(451.5 141.6953),(452.5 142.36955),(453.5 143.75148),(454.5 138.7199),(455.5 138.48637),(456.5 133.2902),(457.5 132.54094),(458.5 133.10503),(459.5 129.45615),(460.5 130.32689),(461.5 124.83097),(462.5 127.71795),(463.5 124.11694),(464.5 124.90721),(465.5 128.54547),(466.5 123.44354),(467.5 129.45566),(468.5 122.39293),(469.5 122.28344),(470.5 122.01423),(471.5 120.751526),(472.5 119.06737),(473.5 120.48606),(474.5 118.08715),(475.5 120.35621),(476.5 116.20755),(477.5 117.44615),(478.5 113.988365),(479.5 110.926056),(480.5 111.69195),(481.5 109.722275),(482.5 113.14909),(483.5 110.20583),(484.5 114.25602),(485.5 107.50424),(486.5 110.92723),(487.5 109.42098),(488.5 108.42421),(489.5 108.815895),(490.5 110.30536),(491.5 105.43237),(492.5 108.19414),(493.5 107.162865),(494.5 110.55419),(495.5 105.58766),(496.5 107.151764),(497.5 107.13465),(498.5 104.97478),(499.5 105.87098),
(1.5 8308958.5),(2.5 7421003),(3.5 11212379),(4.5 10320813),(5.5 16160544),(6.5 13542842),(7.5 11006092),(8.5 10095885),(9.5 7355996),(10.5 8951694),(11.5 6763224.5),(12.5 6601354.5),(13.5 7125900),(14.5 5186236.5),(15.5 4388492.5),(16.5 4115395),(17.5 4785408.5),(18.5 2879309.8),(19.5 3268486.8),(20.5 2630203.5),(21.5 2429933.8),(22.5 2543926),(23.5 1892901.1),(24.5 1932494.8),(25.5 1924018.3),(26.5 1708990.3),(27.5 1722161.5),(28.5 1340964),(29.5 1290876),(30.5 1158883.4),(31.5 1217383.3),(32.5 1035011.44),(33.5 1101612.1),(34.5 909116.6),(35.5 914869.75),(36.5 862276.06),(37.5 827829.9),(38.5 685725.94),(39.5 781335.5),(40.5 629213.4),(41.5 564189.4),(42.5 617989.6),(43.5 602056.3),(44.5 490771.13),(45.5 511747.2),(46.5 464095.53),(47.5 435926.66),(48.5 469674.53),(49.5 469520.4),(50.5 384290.84),(51.5 366197.9),(52.5 349333.72),(53.5 321802.75),(54.5 288072.7),(55.5 274411.78),(56.5 283843.78),(57.5 264628.72),(58.5 210535.17),(59.5 198410.02),(60.5 203992.61),(61.5 200580.39),(62.5 215840.28),(63.5 201788.22),(64.5 181430.06),(65.5 169197.66),(66.5 168971.98),(67.5 164503.36),(68.5 161222.98),(69.5 156427.08),(70.5 145075.73),(71.5 143843.16),(72.5 147388.03),(73.5 142676.81),(74.5 130063.85),(75.5 113885.05),(76.5 113159.17),(77.5 113019.94),(78.5 125081.32),(79.5 120316.61),(80.5 120022.49),(81.5 107795.55),(82.5 97349.72),(83.5 99252.03),(84.5 105552.195),(85.5 95950.305),(86.5 93135.24),(87.5 87972.1),(88.5 89658.46),(89.5 86926.35),(90.5 79684.28),(91.5 75562.04),(92.5 69667.74),(93.5 71948.29),(94.5 66979.62),(95.5 69873.305),(96.5 76683.3),(97.5 70720.195),(98.5 65782.47),(99.5 60781.56),(100.5 62364.69),(101.5 59001.266),(102.5 58094.938),(103.5 59036.32),(104.5 56599.457),(105.5 49930.047),(106.5 48041.223),(107.5 48010.02),(108.5 48961.52),(109.5 49562.484),(110.5 49945.496),(111.5 47608.89),(112.5 43230.445),(113.5 41658.063),(114.5 39820.563),(115.5 41662.73),(116.5 39567.74),(117.5 36997.902),(118.5 36118.555),(119.5 35289.34),(120.5 36122.883),(121.5 32634.76),(122.5 34406.29),(123.5 34878.51),(124.5 32682.592),(125.5 32201.459),(126.5 31215.227),(127.5 29537.389),(128.5 30127.715),(129.5 29045.453),(130.5 29100.115),(131.5 26368.248),(132.5 25117.723),(133.5 26314.69),(134.5 27224.094),(135.5 24255.64),(136.5 23791.018),(137.5 24070.523),(138.5 24899.016),(139.5 24985.695),(140.5 22536.88),(141.5 22419.021),(142.5 23525.867),(143.5 21811.434),(144.5 22057.508),(145.5 20365.756),(146.5 19936.158),(147.5 20195.32),(148.5 19305.078),(149.5 19653.143),(150.5 18820.02),(151.5 18773.14),(152.5 18228.344),(153.5 17147.72),(154.5 16258.769),(155.5 16316.87),(156.5 15567.499),(157.5 16010.777),(158.5 15453.212),(159.5 14369.944),(160.5 14686.963),(161.5 14273.761),(162.5 13386.228),(163.5 13705.92),(164.5 13331.702),(165.5 13256.147),(166.5 13158.549),(167.5 12720.32),(168.5 12663.474),(169.5 12034.441),(170.5 11932.202),(171.5 11691.978),(172.5 11842.667),(173.5 11933.697),(174.5 11578.687),(175.5 11082.038),(176.5 10210.534),(177.5 9985.111),(178.5 10236.491),(179.5 9976.818),(180.5 10270.622),(181.5 9990.042),(182.5 9717.342),(183.5 9288.83),(184.5 9049.496),(185.5 8881.6),(186.5 8364.71),(187.5 8728.776),(188.5 8325.107),(189.5 8059.7065),(190.5 7846.708),(191.5 7556.172),(192.5 7806.2373),(193.5 7381.635),(194.5 7455.2144),(195.5 7273.5405),(196.5 7166.183),(197.5 7100.066),(198.5 6645.0366),(199.5 6371.3257),(200.5 6315.105),(201.5 6468.43),(202.5 6485.144),(203.5 6495.0776),(204.5 6595.5376),(205.5 6160.252),(206.5 5608.0576),(207.5 5934.0527),(208.5 5763.4253),(209.5 5642.4126),(210.5 5680.916),(211.5 5226.9263),(212.5 5062.176),(213.5 5010.6104),(214.5 5176.4546),(215.5 5203.501),(216.5 5121.325),(217.5 4963.0366),(218.5 5063.809),(219.5 4689.2856),(220.5 4613.681),(221.5 4463.46),(222.5 4381.611),(223.5 4759.2554),(224.5 4297.298),(225.5 4247.9795),(226.5 3956.7373),(227.5 3903.9985),(228.5 3829.7395),(229.5 3857.8833),(230.5 3911.26),(231.5 3773.2732),(232.5 3717.512),(233.5 3575.5933),(234.5 3430.8103),(235.5 3515.2415),(236.5 3515.8665),(237.5 3431.3394),(238.5 3301.0886),(239.5 3240.0112),(240.5 3340.2222),(241.5 3228.1313),(242.5 3307.7783),(243.5 3129.8643),(244.5 3042.9849),(245.5 3032.4346),(246.5 2807.9116),(247.5 2812.2178),(248.5 2719.1843),(249.5 2656.2952),(250.5 2541.5603),(251.5 2444.2017),(252.5 2550.839),(253.5 2524.174),(254.5 2401.7534),(255.5 2433.755),(256.5 2431.7004),(257.5 2501.4893),(258.5 2450.6326),(259.5 2344.033),(260.5 2198.5295),(261.5 2146.16),(262.5 2154.387),(263.5 2096.5159),(264.5 2075.3845),(265.5 2040.702),(266.5 1961.4131),(267.5 1942.3507),(268.5 1953.1981),(269.5 1953.7668),(270.5 1912.561),(271.5 1921.8221),(272.5 1965.2677),(273.5 1901.7041),(274.5 1765.4031),(275.5 1712.5604),(276.5 1735.66),(277.5 1689.3381),(278.5 1666.6276),(279.5 1599.7457),(280.5 1545.9819),(281.5 1564.4435),(282.5 1537.4191),(283.5 1522.6261),(284.5 1526.3364),(285.5 1468.7751),(286.5 1452.0453),(287.5 1425.7125),(288.5 1340.223),(289.5 1355.282),(290.5 1372.3647),(291.5 1337.6014),(292.5 1289.0231),(293.5 1303.201),(294.5 1309.9003),(295.5 1269.2103),(296.5 1249.1923),(297.5 1254.2374),(298.5 1206.8774),(299.5 1134.2069),(300.5 1124.5048),(301.5 1130.8905),(302.5 1107.6648),(303.5 1105.8875),(304.5 1059.6552),(305.5 1078.8058),(306.5 1065.7338),(307.5 1064.1067),(308.5 1049.8829),(309.5 974.84656),(310.5 989.5581),(311.5 959.3622),(312.5 983.9367),(313.5 947.4768),(314.5 943.9221),(315.5 929.8211),(316.5 922.8981),(317.5 868.13086),(318.5 855.54694),(319.5 859.33594),(320.5 841.59314),(321.5 841.4123),(322.5 805.671),(323.5 816.57117),(324.5 807.7066),(325.5 782.44055),(326.5 751.0027),(327.5 744.1055),(328.5 739.7313),(329.5 719.4565),(330.5 711.5327),(331.5 710.78),(332.5 702.73126),(333.5 704.2001),(334.5 671.5436),(335.5 662.92035),(336.5 660.0102),(337.5 651.25287),(338.5 643.4148),(339.5 619.2538),(340.5 593.0407),(341.5 586.2416),(342.5 592.0194),(343.5 585.7086),(344.5 598.19055),(345.5 571.92194),(346.5 588.20734),(347.5 554.0334),(348.5 551.7728),(349.5 536.8584),(350.5 534.56274),(351.5 514.39575),(352.5 507.6393),(353.5 525.78314),(354.5 509.69916),(355.5 489.48148),(356.5 490.83307),(357.5 475.0036),(358.5 485.52072),(359.5 474.8452),(360.5 458.51047),(361.5 470.21106),(362.5 445.3994),(363.5 441.39682),(364.5 438.1909),(365.5 426.75873),(366.5 415.7944),(367.5 418.19797),(368.5 423.95056),(369.5 412.94968),(370.5 394.44202),(371.5 399.55765),(372.5 383.83997),(373.5 368.4597),(374.5 352.03964),(375.5 364.18958),(376.5 359.19467),(377.5 347.30374),(378.5 345.23538),(379.5 352.8609),(380.5 350.09744),(381.5 342.51697),(382.5 350.05103),(383.5 345.80334),(384.5 339.22266),(385.5 329.80157),(386.5 306.2782),(387.5 307.78284),(388.5 301.00177),(389.5 290.80164),(390.5 294.66415),(391.5 284.2062),(392.5 291.0904),(393.5 286.27994),(394.5 284.66565),(395.5 291.6189),(396.5 276.8903),(397.5 270.78232),(398.5 276.0542),(399.5 276.2024),(400.5 262.8255),(401.5 259.6253),(402.5 252.56093),(403.5 246.09314),(404.5 248.11911),(405.5 248.12581),(406.5 236.20088),(407.5 232.5327),(408.5 236.39703),(409.5 234.01611),(410.5 225.62483),(411.5 219.12317),(412.5 224.80536),(413.5 209.53665),(414.5 211.35786),(415.5 209.97778),(416.5 210.03012),(417.5 208.24438),(418.5 211.67912),(419.5 205.0353),(420.5 203.60406),(421.5 199.01022),(422.5 198.48993),(423.5 190.323),(424.5 192.4804),(425.5 192.2555),(426.5 193.18196),(427.5 181.58067),(428.5 177.93289),(429.5 171.02072),(430.5 172.04736),(431.5 173.2175),(432.5 168.60652),(433.5 170.63965),(434.5 166.62772),(435.5 167.17902),(436.5 161.3429),(437.5 167.91412),(438.5 166.5026),(439.5 162.19159),(440.5 158.09065),(441.5 156.34332),(442.5 152.40155),(443.5 150.32266),(444.5 152.69342),(445.5 154.4026),(446.5 150.82549),(447.5 146.14572),(448.5 151.18806),(449.5 140.51817),(450.5 137.03456),(451.5 141.32164),(452.5 141.92488),(453.5 143.7517),(454.5 138.74608),(455.5 139.04468),(456.5 132.6639),(457.5 132.90952),(458.5 132.7067),(459.5 129.77928),(460.5 130.29074),(461.5 125.523674),(462.5 126.28894),(463.5 123.124344),(464.5 124.99111),(465.5 128.64655),(466.5 123.797066),(467.5 130.38808),(468.5 123.402885),(469.5 123.77699),(470.5 122.32683),(471.5 121.846085),(472.5 121.016075),(473.5 120.76576),(474.5 117.065994),(475.5 120.67436),(476.5 115.92936),(477.5 117.44954),(478.5 113.736084),(479.5 110.94256),(480.5 111.76698),(481.5 110.3485),(482.5 113.36922),(483.5 111.5721),(484.5 115.15903),(485.5 108.18772),(486.5 111.62938),(487.5 109.31786),(488.5 108.8654),(489.5 110.61557),(490.5 110.98621),(491.5 104.148346),(492.5 108.53154),(493.5 107.62815),(494.5 109.4462),(495.5 104.47887),(496.5 106.697754),(497.5 106.99945),(498.5 105.5843),(499.5 105.02408),
(1.5 8520387),(2.5 7505778.5),(3.5 11402952),(4.5 10593285),(5.5 16471444),(6.5 13664198),(7.5 11040071),(8.5 10132278),(9.5 7301534),(10.5 8964724),(11.5 6833472.5),(12.5 6550889.5),(13.5 7123631.5),(14.5 5236546.5),(15.5 4393936.5),(16.5 4137665.8),(17.5 4797158.5),(18.5 2865592),(19.5 3287312.8),(20.5 2617271),(21.5 2406539.8),(22.5 2493533.3),(23.5 1862538.6),(24.5 1914614),(25.5 1913567.6),(26.5 1685482.5),(27.5 1697570.9),(28.5 1347643.8),(29.5 1290133),(30.5 1177381.8),(31.5 1218412.8),(32.5 1038602.4),(33.5 1101555.4),(34.5 915885.1),(35.5 919249.2),(36.5 868957.75),(37.5 821302.2),(38.5 681573.75),(39.5 784104.9),(40.5 622963.44),(41.5 571713.9),(42.5 618208.1),(43.5 600231.3),(44.5 487100.56),(45.5 511456.47),(46.5 466989.38),(47.5 444883.63),(48.5 473090.06),(49.5 465628),(50.5 382265.25),(51.5 362278.9),(52.5 349709.13),(53.5 320766.84),(54.5 283181.28),(55.5 271087.88),(56.5 280970.25),(57.5 261356),(58.5 207598.83),(59.5 198563.44),(60.5 204112.28),(61.5 200285.84),(62.5 215873.5),(63.5 201564.31),(64.5 181373.08),(65.5 168126.13),(66.5 171582.22),(67.5 164876.7),(68.5 161287.33),(69.5 157884.13),(70.5 145566.6),(71.5 142750.64),(72.5 145306.42),(73.5 142688.63),(74.5 129341.72),(75.5 112412.7),(76.5 113630.58),(77.5 113590.266),(78.5 125308.73),(79.5 121657.41),(80.5 120857.125),(81.5 107893.2),(82.5 98239.57),(83.5 99775.54),(84.5 104731.836),(85.5 96093.54),(86.5 92973.54),(87.5 86854.04),(88.5 89698.94),(89.5 85952.76),(90.5 79746.16),(91.5 76232.734),(92.5 70535.04),(93.5 72784.74),(94.5 66878.875),(95.5 71222.66),(96.5 77685.06),(97.5 71488.95),(98.5 64762.406),(99.5 60022.3),(100.5 61517.137),(101.5 59819.336),(102.5 59034.914),(103.5 59308.637),(104.5 56618.902),(105.5 49717.145),(106.5 47884.453),(107.5 48568.58),(108.5 49829.53),(109.5 49558.32),(110.5 49660.555),(111.5 47839.023),(112.5 43289.918),(113.5 42048.484),(114.5 39782.465),(115.5 41855.883),(116.5 39621.96),(117.5 37285.68),(118.5 36281.527),(119.5 35315.77),(120.5 35759.31),(121.5 32217.984),(122.5 34099.957),(123.5 34621.402),(124.5 32602.654),(125.5 32409.916),(126.5 31203.463),(127.5 29346.457),(128.5 29886.66),(129.5 29056.986),(130.5 29323.82),(131.5 26682.238),(132.5 25372.445),(133.5 26237.934),(134.5 27121.938),(135.5 24329.479),(136.5 23920.848),(137.5 24002.531),(138.5 25365.947),(139.5 24957.162),(140.5 22388.057),(141.5 22407.639),(142.5 23554.898),(143.5 21666.752),(144.5 21851.871),(145.5 20404.943),(146.5 19885.215),(147.5 20061.596),(148.5 19355.115),(149.5 19728.865),(150.5 18969.697),(151.5 18729.225),(152.5 18280.256),(153.5 17248.004),(154.5 16266.644),(155.5 16249.036),(156.5 15667.398),(157.5 16209.443),(158.5 15624.652),(159.5 14713.452),(160.5 14786.368),(161.5 14356.945),(162.5 13521.937),(163.5 13829.309),(164.5 13293.589),(165.5 13397.697),(166.5 13177.006),(167.5 12746.855),(168.5 12783.617),(169.5 12210.669),(170.5 11935.395),(171.5 11677.619),(172.5 11931.23),(173.5 11936.438),(174.5 11594.326),(175.5 11041.683),(176.5 10254.805),(177.5 10076.27),(178.5 10136.605),(179.5 9951.526),(180.5 10294.922),(181.5 9959.311),(182.5 9724.427),(183.5 9352.87),(184.5 8990.233),(185.5 8852.843),(186.5 8368.414),(187.5 8654.82),(188.5 8188.755),(189.5 8061.9507),(190.5 7904.766),(191.5 7615.0537),(192.5 7850.572),(193.5 7432.239),(194.5 7449.6323),(195.5 7271.3477),(196.5 7171.651),(197.5 7122.616),(198.5 6650.4883),(199.5 6380.481),(200.5 6442.415),(201.5 6514.6436),(202.5 6572.0386),(203.5 6581.2925),(204.5 6587.612),(205.5 6191.2793),(206.5 5655.9126),(207.5 5958.933),(208.5 5787.1685),(209.5 5714.367),(210.5 5730.7793),(211.5 5338.2217),(212.5 5118.5835),(213.5 5093.3535),(214.5 5230.424),(215.5 5226.221),(216.5 5145.229),(217.5 4964.2383),(218.5 5056.5938),(219.5 4711.529),(220.5 4625.2773),(221.5 4484.85),(222.5 4420.878),(223.5 4818.672),(224.5 4290.451),(225.5 4290.716),(226.5 4002.3506),(227.5 3966.7605),(228.5 3869.8987),(229.5 3879.185),(230.5 3900.0667),(231.5 3793.9712),(232.5 3741.7278),(233.5 3564.83),(234.5 3431.1807),(235.5 3545.4907),(236.5 3525.1616),(237.5 3420.6406),(238.5 3272.1658),(239.5 3222.6204),(240.5 3298.2683),(241.5 3227.6912),(242.5 3297.2668),(243.5 3137.8728),(244.5 3037.272),(245.5 3039.908),(246.5 2809.2227),(247.5 2813.8623),(248.5 2721.7693),(249.5 2668.8757),(250.5 2585.1294),(251.5 2452.4229),(252.5 2544.0725),(253.5 2557.594),(254.5 2403.3716),(255.5 2438.462),(256.5 2440.9712),(257.5 2515.321),(258.5 2449.8518),(259.5 2336.4631),(260.5 2221.994),(261.5 2154.0447),(262.5 2159.49),(263.5 2075.5964),(264.5 2073.6943),(265.5 2040.5073),(266.5 1976.0911),(267.5 1946.8489),(268.5 1946.95),(269.5 1946.3561),(270.5 1894.9297),(271.5 1905.4784),(272.5 1936.2635),(273.5 1903.171),(274.5 1765.2069),(275.5 1706.1305),(276.5 1715.3923),(277.5 1679.5397),(278.5 1660.5414),(279.5 1595.4413),(280.5 1536.2035),(281.5 1562.4017),(282.5 1538.7609),(283.5 1511.327),(284.5 1525.5555),(285.5 1465.6017),(286.5 1460.2616),(287.5 1425.004),(288.5 1333.6798),(289.5 1364.6052),(290.5 1359.6167),(291.5 1328.6566),(292.5 1287.6112),(293.5 1297.7928),(294.5 1296.7003),(295.5 1274.8827),(296.5 1244.7067),(297.5 1245.2797),(298.5 1185.6227),(299.5 1117.7792),(300.5 1128.3915),(301.5 1123.0518),(302.5 1098.8955),(303.5 1105.0225),(304.5 1059.3708),(305.5 1079.1185),(306.5 1070.8013),(307.5 1063.2948),(308.5 1052.3386),(309.5 971.11365),(310.5 988.4865),(311.5 960.51526),(312.5 985.4204),(313.5 954.1316),(314.5 945.3247),(315.5 922.23627),(316.5 919.7475),(317.5 880.5799),(318.5 861.48364),(319.5 861.48065),(320.5 844.13135),(321.5 851.9016),(322.5 803.8999),(323.5 823.97565),(324.5 798.57263),(325.5 773.6047),(326.5 759.3699),(327.5 746.0867),(328.5 734.2895),(329.5 718.0311),(330.5 709.6733),(331.5 699.31976),(332.5 696.97534),(333.5 699.1938),(334.5 669.18976),(335.5 654.74854),(336.5 655.9314),(337.5 651.3875),(338.5 641.1534),(339.5 617.66943),(340.5 591.1906),(341.5 587.5711),(342.5 591.3741),(343.5 581.79956),(344.5 596.3457),(345.5 570.53503),(346.5 582.3333),(347.5 552.15094),(348.5 550.4394),(349.5 534.61646),(350.5 533.5161),(351.5 511.24652),(352.5 505.9355),(353.5 520.4442),(354.5 507.31638),(355.5 488.57626),(356.5 491.7829),(357.5 473.93793),(358.5 482.12344),(359.5 472.05725),(360.5 451.5225),(361.5 464.36285),(362.5 446.73193),(363.5 439.09268),(364.5 436.38354),(365.5 428.62424),(366.5 414.99484),(367.5 421.18738),(368.5 422.61127),(369.5 415.12576),(370.5 397.36786),(371.5 396.65884),(372.5 382.45346),(373.5 368.1584),(374.5 354.81744),(375.5 365.51004),(376.5 358.33612),(377.5 346.99893),(378.5 345.86557),(379.5 351.62732),(380.5 348.2922),(381.5 343.91946),(382.5 349.3339),(383.5 346.87814),(384.5 338.81046),(385.5 330.1806),(386.5 309.34042),(387.5 308.47354),(388.5 304.7539),(389.5 291.35257),(390.5 295.75836),(391.5 286.362),(392.5 291.93738),(393.5 287.8878),(394.5 285.86032),(395.5 292.93625),(396.5 275.59186),(397.5 270.80835),(398.5 273.22516),(399.5 278.72876),(400.5 263.72147),(401.5 260.4675),(402.5 252.20866),(403.5 246.25816),(404.5 249.90327),(405.5 246.03024),(406.5 237.12022),(407.5 234.79092),(408.5 238.39429),(409.5 233.03352),(410.5 226.78363),(411.5 220.29623),(412.5 224.03079),(413.5 211.56378),(414.5 212.4328),(415.5 211.05101),(416.5 210.5243),(417.5 208.0421),(418.5 210.7945),(419.5 205.26888),(420.5 204.42766),(421.5 199.87451),(422.5 197.26959),(423.5 188.59392),(424.5 192.44157),(425.5 191.74115),(426.5 191.18367),(427.5 179.76196),(428.5 177.78226),(429.5 170.38496),(430.5 173.29964),(431.5 173.34692),(432.5 168.46095),(433.5 172.29889),(434.5 168.12787),(435.5 166.62083),(436.5 160.57533),(437.5 168.12447),(438.5 164.88895),(439.5 162.63275),(440.5 158.91757),(441.5 157.27211),(442.5 152.03165),(443.5 150.70012),(444.5 152.91609),(445.5 153.1911),(446.5 151.80403),(447.5 146.88525),(448.5 152.05106),(449.5 140.69756),(450.5 137.25093),(451.5 140.59685),(452.5 141.85611),(453.5 143.18604),(454.5 137.56451),(455.5 138.49025),(456.5 132.9576),(457.5 132.42877),(458.5 132.08139),(459.5 129.24883),(460.5 131.18257),(461.5 124.99019),(462.5 126.05301),(463.5 121.985725),(464.5 125.1357),(465.5 128.46313),(466.5 123.27127),(467.5 129.53957),(468.5 122.08101),(469.5 122.54977),(470.5 121.24355),(471.5 120.58931),(472.5 120.44233),(473.5 120.68886),(474.5 117.019714),(475.5 120.00564),(476.5 115.406364),(477.5 116.82313),(478.5 113.61075),(479.5 110.06639),(480.5 111.89666),(481.5 110.780106),(482.5 112.99693),(483.5 111.33428),(484.5 115.33794),(485.5 107.60881),(486.5 111.291374),(487.5 108.927574),(488.5 109.6954),(489.5 110.61498),(490.5 110.54097),(491.5 104.51396),(492.5 109.12628),(493.5 107.849),(494.5 109.14284),(495.5 104.990875),(496.5 107.09805),(497.5 107.13836),(498.5 104.82749),(499.5 104.75608),
(1.5 8703454),(2.5 7620366.5),(3.5 11642963),(4.5 10905039),(5.5 16824734),(6.5 13775325),(7.5 11057185),(8.5 10174000),(9.5 7246901.5),(10.5 8983348),(11.5 6908693.5),(12.5 6521845),(13.5 7126965.5),(14.5 5303770),(15.5 4410803),(16.5 4159470),(17.5 4805495),(18.5 2862663.8),(19.5 3310155.3),(20.5 2607623),(21.5 2382224.8),(22.5 2445137.5),(23.5 1837963.5),(24.5 1896990.5),(25.5 1905293.8),(26.5 1657426.5),(27.5 1673375.3),(28.5 1353287.5),(29.5 1285331),(30.5 1192837.4),(31.5 1218282.6),(32.5 1040523.7),(33.5 1098547.4),(34.5 919400.4),(35.5 917993.06),(36.5 874008.3),(37.5 815456.1),(38.5 680506.4),(39.5 783808.75),(40.5 621635.9),(41.5 582632.25),(42.5 619976.25),(43.5 598101.56),(44.5 482130.88),(45.5 508432.06),(46.5 469807.16),(47.5 452040.53),(48.5 475632.4),(49.5 460173.2),(50.5 380046.22),(51.5 357927.13),(52.5 350349.6),(53.5 319818.8),(54.5 277035.53),(55.5 268221.8),(56.5 275752.47),(57.5 256808.1),(58.5 204010.17),(59.5 198689.52),(60.5 203272.16),(61.5 200368.98),(62.5 215420.06),(63.5 201789.94),(64.5 182506.19),(65.5 167959.5),(66.5 176128.67),(67.5 165608.88),(68.5 162007.8),(69.5 157706.92),(70.5 146750.63),(71.5 141919.31),(72.5 144110.19),(73.5 142320.95),(74.5 129100.516),(75.5 111171.62),(76.5 113516.75),(77.5 113537.24),(78.5 125182.73),(79.5 122352.19),(80.5 121840.03),(81.5 109013.945),(82.5 99754.875),(83.5 100772.24),(84.5 104308.98),(85.5 96002.29),(86.5 92317.164),(87.5 85518.945),(88.5 89668.93),(89.5 85100.42),(90.5 80661.805),(91.5 76591.34),(92.5 70957.05),(93.5 72254.34),(94.5 66858.22),(95.5 72437.984),(96.5 78852.8),(97.5 71993.305),(98.5 63894.4),(99.5 59372.977),(100.5 60821.535),(101.5 60666.703),(102.5 59697.715),(103.5 59492.113),(104.5 56501.906),(105.5 49569.715),(106.5 48068.996),(107.5 48896.45),(108.5 50562.723),(109.5 49579.46),(110.5 49558.25),(111.5 47548.68),(112.5 43500.83),(113.5 42448.957),(114.5 39211.875),(115.5 41807.645),(116.5 39794.38),(117.5 37357.45),(118.5 36123.48),(119.5 35402.473),(120.5 35690.418),(121.5 31973.973),(122.5 33831.36),(123.5 34403.742),(124.5 32786.117),(125.5 32657.025),(126.5 31182.984),(127.5 29368.238),(128.5 29635.082),(129.5 28921.777),(130.5 29534.197),(131.5 26604.313),(132.5 25512.12),(133.5 26353.908),(134.5 27146.512),(135.5 24471.23),(136.5 23960.56),(137.5 23981.375),(138.5 25624.97),(139.5 24881.09),(140.5 22420.723),(141.5 22360.834),(142.5 23505.69),(143.5 21653.518),(144.5 21827.295),(145.5 20451.322),(146.5 19795.531),(147.5 19902.68),(148.5 19317.879),(149.5 19753.885),(150.5 18918.445),(151.5 18704.357),(152.5 18320.852),(153.5 17407.027),(154.5 16486.559),(155.5 16275.302),(156.5 15808.2),(157.5 16236.529),(158.5 15610.911),(159.5 14950.816),(160.5 14897.569),(161.5 14448.475),(162.5 13568.553),(163.5 13862.774),(164.5 13380.767),(165.5 13519.631),(166.5 13135.187),(167.5 12607.132),(168.5 12833.954),(169.5 12149.34),(170.5 11892.053),(171.5 11700.093),(172.5 11941.557),(173.5 11861.07),(174.5 11410.377),(175.5 10900.581),(176.5 10235.119),(177.5 10220.173),(178.5 10077.22),(179.5 9911.754),(180.5 10282.323),(181.5 9932.964),(182.5 9743.888),(183.5 9405.76),(184.5 8954.146),(185.5 8860.115),(186.5 8328.048),(187.5 8587.161),(188.5 8103.294),(189.5 8042.1797),(190.5 8030.5303),(191.5 7708.3286),(192.5 7875.3735),(193.5 7535.619),(194.5 7439.297),(195.5 7294.6733),(196.5 7111.0874),(197.5 7149.5205),(198.5 6629.885),(199.5 6439.6357),(200.5 6572.5415),(201.5 6573.649),(202.5 6670.3433),(203.5 6611.355),(204.5 6562.9365),(205.5 6198.2275),(206.5 5701.4233),(207.5 5972.033),(208.5 5839.8354),(209.5 5746.2227),(210.5 5727.6377),(211.5 5400.5186),(212.5 5197.4644),(213.5 5161.8296),(214.5 5310.5337),(215.5 5201.8496),(216.5 5148.5728),(217.5 4971.979),(218.5 5063.7256),(219.5 4730.9883),(220.5 4665.1406),(221.5 4565.101),(222.5 4473.4673),(223.5 4834.71),(224.5 4297.4844),(225.5 4312.012),(226.5 4026.7825),(227.5 3998.0781),(228.5 3944.612),(229.5 3888.5796),(230.5 3866.5776),(231.5 3808.3337),(232.5 3767.0872),(233.5 3590.828),(234.5 3401.7683),(235.5 3548.5032),(236.5 3544.0525),(237.5 3398.9565),(238.5 3241.2053),(239.5 3208.9832),(240.5 3301.7405),(241.5 3235.576),(242.5 3335.0764),(243.5 3155.2363),(244.5 3027.9382),(245.5 3050.2363),(246.5 2792.9646),(247.5 2849.86),(248.5 2740.9128),(249.5 2684.059),(250.5 2596.3357),(251.5 2459.329),(252.5 2561.0369),(253.5 2580.9282),(254.5 2422.7017),(255.5 2482.9175),(256.5 2438.999),(257.5 2517.104),(258.5 2432.1113),(259.5 2334.847),(260.5 2217.106),(261.5 2156.997),(262.5 2158.8594),(263.5 2061.6365),(264.5 2052.3862),(265.5 2044.7031),(266.5 2004.1155),(267.5 1967.0636),(268.5 1962.8033),(269.5 1970.4935),(270.5 1901.7429),(271.5 1903.0249),(272.5 1907.5872),(273.5 1874.0208),(274.5 1757.4707),(275.5 1702.5933),(276.5 1683.8298),(277.5 1657.7714),(278.5 1638.283),(279.5 1581.1088),(280.5 1543.5089),(281.5 1567.6355),(282.5 1547.6935),(283.5 1518.0544),(284.5 1519.1509),(285.5 1477.0223),(286.5 1477.844),(287.5 1431.1285),(288.5 1336.825),(289.5 1363.1232),(290.5 1352.1265),(291.5 1335.3231),(292.5 1285.2382),(293.5 1288.953),(294.5 1286.0343),(295.5 1276.9731),(296.5 1253.5221),(297.5 1251.9788),(298.5 1180.1279),(299.5 1118.4583),(300.5 1138.5454),(301.5 1118.755),(302.5 1089.1703),(303.5 1105.237),(304.5 1072.4844),(305.5 1077.0403),(306.5 1066.327),(307.5 1060.6926),(308.5 1058.9264),(309.5 970.9254),(310.5 985.59454),(311.5 965.5352),(312.5 981.93494),(313.5 958.39746),(314.5 956.8887),(315.5 919.03906),(316.5 920.99994),(317.5 885.04083),(318.5 863.3494),(319.5 865.27997),(320.5 847.9221),(321.5 849.87463),(322.5 808.5498),(323.5 825.48706),(324.5 801.6201),(325.5 781.0582),(326.5 767.9957),(327.5 751.5416),(328.5 734.41266),(329.5 724.5058),(330.5 704.49695),(331.5 702.7156),(332.5 703.726),(333.5 705.39276),(334.5 674.23694),(335.5 656.50507),(336.5 664.7514),(337.5 651.42084),(338.5 635.8389),(339.5 621.2499),(340.5 594.62885),(341.5 587.26843),(342.5 592.12164),(343.5 582.79016),(344.5 595.6079),(345.5 573.1531),(346.5 583.0319),(347.5 555.8741),(348.5 550.2177),(349.5 533.9862),(350.5 530.6615),(351.5 512.5347),(352.5 507.9385),(353.5 517.98364),(354.5 511.7722),(355.5 493.53894),(356.5 492.0885),(357.5 474.13055),(358.5 483.40765),(359.5 472.15363),(360.5 447.5601),(361.5 463.38464),(362.5 442.5083),(363.5 435.19724),(364.5 434.00116),(365.5 427.06403),(366.5 408.6279),(367.5 422.92725),(368.5 422.03812),(369.5 411.91034),(370.5 395.79523),(371.5 395.97632),(372.5 381.88388),(373.5 366.23633),(374.5 354.9199),(375.5 368.06738),(376.5 357.57782),(377.5 346.90228),(378.5 345.1304),(379.5 350.01175),(380.5 346.67703),(381.5 343.139),(382.5 349.1255),(383.5 344.77957),(384.5 339.2758),(385.5 330.27103),(386.5 309.0507),(387.5 307.3111),(388.5 310.4087),(389.5 289.4504),(390.5 299.31256),(391.5 286.6079),(392.5 290.63904),(393.5 284.56842),(394.5 283.30786),(395.5 291.2183),(396.5 273.14584),(397.5 267.94846),(398.5 272.73056),(399.5 277.15656),(400.5 264.50403),(401.5 258.69086),(402.5 250.9963),(403.5 245.64249),(404.5 250.32436),(405.5 245.66464),(406.5 236.4489),(407.5 235.363),(408.5 238.19185),(409.5 233.91548),(410.5 225.40991),(411.5 219.79263),(412.5 224.41426),(413.5 212.23154),(414.5 211.64859),(415.5 210.40025),(416.5 210.654),(417.5 209.43808),(418.5 212.24933),(419.5 205.91077),(420.5 205.0853),(421.5 201.67308),(422.5 197.7776),(423.5 188.30186),(424.5 192.95885),(425.5 192.84839),(426.5 190.42462),(427.5 179.31197),(428.5 177.7347),(429.5 170.84541),(430.5 174.13095),(431.5 173.96487),(432.5 168.59514),(433.5 172.48344),(434.5 169.88696),(435.5 166.30841),(436.5 160.75812),(437.5 167.85555),(438.5 162.97464),(439.5 162.0333),(440.5 158.35515),(441.5 156.14458),(442.5 152.97226),(443.5 150.69493),(444.5 153.63335),(445.5 152.83691),(446.5 152.23528),(447.5 147.03091),(448.5 150.02794),(449.5 141.1141),(450.5 138.00723),(451.5 142.0328),(452.5 142.88792),(453.5 143.28896),(454.5 137.21461),(455.5 137.47746),(456.5 132.29912),(457.5 133.08807),(458.5 132.17451),(459.5 128.72726),(460.5 131.42409),(461.5 126.47099),(462.5 126.64211),(463.5 122.83279),(464.5 123.98844),(465.5 127.01442),(466.5 123.73105),(467.5 129.76266),(468.5 121.625496),(469.5 122.06562),(470.5 120.940834),(471.5 120.47184),(472.5 121.40958),(473.5 120.5866),(474.5 117.18999),(475.5 120.71374),(476.5 116.21958),(477.5 117.51702),(478.5 115.21158),(479.5 110.11539),(480.5 112.118866),(481.5 110.75833),(482.5 112.98601),(483.5 111.29589),(484.5 114.7338),(485.5 107.74514),(486.5 110.1221),(487.5 108.35568),(488.5 109.941216),(489.5 111.04214),(490.5 111.141396),(491.5 105.05232),(492.5 108.71563),(493.5 107.81208),(494.5 109.06042),(495.5 105.38821),(496.5 107.151245),(497.5 107.25467),(498.5 105.58353),(499.5 105.71377),
(1.5 8933671),(2.5 7757838.5),(3.5 11931581),(4.5 11214388),(5.5 17149634),(6.5 13885635),(7.5 11065721),(8.5 10199105),(9.5 7181046),(10.5 8993981),(11.5 6974433),(12.5 6481833.5),(13.5 7116365.5),(14.5 5365990.5),(15.5 4433011),(16.5 4177103),(17.5 4802093),(18.5 2858434.5),(19.5 3322918.8),(20.5 2594353.8),(21.5 2356000.8),(22.5 2401643),(23.5 1817725.4),(24.5 1882769.9),(25.5 1896363.8),(26.5 1627853),(27.5 1647650.6),(28.5 1361623.1),(29.5 1279819),(30.5 1208448.9),(31.5 1217113.8),(32.5 1045684.2),(33.5 1096872.8),(34.5 921231.9),(35.5 915977.44),(36.5 874603.25),(37.5 807397.75),(38.5 678548.1),(39.5 782874.44),(40.5 619816.44),(41.5 592166.44),(42.5 620993.1),(43.5 595439.7),(44.5 478917.56),(45.5 507652.7),(46.5 471624.16),(47.5 459250.88),(48.5 477053.13),(49.5 455904.88),(50.5 378127.6),(51.5 352402.78),(52.5 348720.5),(53.5 317730.84),(54.5 270975.25),(55.5 266845.5),(56.5 271115.78),(57.5 253166.86),(58.5 201700.39),(59.5 200595.38),(60.5 203147.95),(61.5 201610.13),(62.5 215107.95),(63.5 201853.63),(64.5 184606.03),(65.5 168873.77),(66.5 181325.94),(67.5 166634.97),(68.5 163039.58),(69.5 157760.92),(70.5 148176.81),(71.5 141365.44),(72.5 143859.27),(73.5 142880.7),(74.5 129229.38),(75.5 111003.164),(76.5 112735.25),(77.5 112324.3),(78.5 124325.05),(79.5 122154.36),(80.5 121798.445),(81.5 110376.09),(82.5 101087.945),(83.5 101607.59),(84.5 103873.72),(85.5 95989.68),(86.5 92152.22),(87.5 84749.45),(88.5 89202.43),(89.5 83585.71),(90.5 80990.42),(91.5 76798.055),(92.5 71278.7),(93.5 71888.57),(94.5 67094.016),(95.5 73803.305),(96.5 80378.6),(97.5 72806.96),(98.5 63541.15),(99.5 58890.066),(100.5 60207.367),(101.5 61273.664),(102.5 60417.79),(103.5 59621.906),(104.5 56587.977),(105.5 49667.742),(106.5 48133.38),(107.5 49063.508),(108.5 50599.91),(109.5 49506.81),(110.5 49453.84),(111.5 47020.535),(112.5 43898.344),(113.5 42611.156),(114.5 38517.39),(115.5 41622.16),(116.5 39929.723),(117.5 37553.086),(118.5 35800.445),(119.5 35434.38),(120.5 35537.555),(121.5 31924.645),(122.5 33592.02),(123.5 34389.832),(124.5 33078.703),(125.5 32877.27),(126.5 30996.764),(127.5 29359.824),(128.5 29433.63),(129.5 28812.053),(130.5 29684.232),(131.5 26498.555),(132.5 25847.588),(133.5 26425.66),(134.5 27383.5),(135.5 24587.768),(136.5 24088.908),(137.5 23904.258),(138.5 25678.021),(139.5 24788.96),(140.5 22703.256),(141.5 22404.816),(142.5 23406.64),(143.5 21538.205),(144.5 21759.063),(145.5 20497.9),(146.5 19734.549),(147.5 19878.02),(148.5 19361.285),(149.5 19702.004),(150.5 18936.129),(151.5 18629.576),(152.5 18354.744),(153.5 17594.547),(154.5 16684.148),(155.5 16458.168),(156.5 16025.482),(157.5 16351.265),(158.5 15604.098),(159.5 15201.255),(160.5 15098.242),(161.5 14642.398),(162.5 13714.771),(163.5 13967.139),(164.5 13455),(165.5 13630.485),(166.5 13131.218),(167.5 12495.074),(168.5 12875.609),(169.5 12151.037),(170.5 11905.824),(171.5 11783.142),(172.5 11972.115),(173.5 11844.688),(174.5 11359.257),(175.5 10928.5625),(176.5 10251.233),(177.5 10257.28),(178.5 10007.623),(179.5 9786.931),(180.5 10188.641),(181.5 9826.095),(182.5 9723.435),(183.5 9447.001),(184.5 8955.945),(185.5 8872.528),(186.5 8304.029),(187.5 8570.032),(188.5 8040.52),(189.5 7945.717),(190.5 8114.1973),(191.5 7768.733),(192.5 7886.3267),(193.5 7570.892),(194.5 7404.897),(195.5 7327.0254),(196.5 7131.7363),(197.5 7281.1636),(198.5 6639.4004),(199.5 6447.695),(200.5 6618.6333),(201.5 6628.605),(202.5 6683.0806),(203.5 6665.757),(204.5 6586.126),(205.5 6293.577),(206.5 5790.9014),(207.5 5950.5503),(208.5 5817.7017),(209.5 5808.1895),(210.5 5733.6763),(211.5 5343.9287),(212.5 5217.376),(213.5 5269.8193),(214.5 5320.7617),(215.5 5155.2974),(216.5 5141.483),(217.5 5000.87),(218.5 5073.9688),(219.5 4758.6787),(220.5 4676.089),(221.5 4586.5864),(222.5 4501.735),(223.5 4792.2554),(224.5 4237.495),(225.5 4238.777),(226.5 4032.468),(227.5 3981.4377),(228.5 3989.5728),(229.5 3875.7793),(230.5 3800.7437),(231.5 3819.7332),(232.5 3772.8057),(233.5 3591.953),(234.5 3367.1667),(235.5 3522.442),(236.5 3558.4077),(237.5 3394.783),(238.5 3238.9314),(239.5 3171.4858),(240.5 3314.1746),(241.5 3258.3657),(242.5 3343.7795),(243.5 3152.67),(244.5 3034.3286),(245.5 3038.8096),(246.5 2785.6582),(247.5 2836.1733),(248.5 2748.915),(249.5 2702.9277),(250.5 2618.8943),(251.5 2490.052),(252.5 2594.3882),(253.5 2570.1387),(254.5 2425.2927),(255.5 2479.936),(256.5 2450.2146),(257.5 2506.9482),(258.5 2432.9536),(259.5 2340.4768),(260.5 2222.9346),(261.5 2162.9092),(262.5 2156.961),(263.5 2047.3127),(264.5 2069.952),(265.5 2061.0842),(266.5 2005.8606),(267.5 1987.3304),(268.5 1982.4138),(269.5 1964.9777),(270.5 1888.0638),(271.5 1905.9138),(272.5 1898.7618),(273.5 1867.6664),(274.5 1757.1407),(275.5 1696.5688),(276.5 1674.5978),(277.5 1650.8961),(278.5 1622.8243),(279.5 1575.8113),(280.5 1540.08),(281.5 1563.7053),(282.5 1541.7399),(283.5 1525.5807),(284.5 1531.3651),(285.5 1479.8124),(286.5 1469.9901),(287.5 1434.3137),(288.5 1341.5297),(289.5 1354.4506),(290.5 1356.4904),(291.5 1335.4753),(292.5 1298.9209),(293.5 1294.0323),(294.5 1291.8926),(295.5 1278.7943),(296.5 1258.7312),(297.5 1257.1287),(298.5 1182.0266),(299.5 1135.3424),(300.5 1136.3804),(301.5 1118.7047),(302.5 1098.6616),(303.5 1107.8665),(304.5 1066.221),(305.5 1075.8185),(306.5 1076.0289),(307.5 1063.1183),(308.5 1051.8499),(309.5 962.50543),(310.5 985.2122),(311.5 962.9298),(312.5 986.81134),(313.5 954.7121),(314.5 954.8617),(315.5 922.62714),(316.5 920.3485),(317.5 893.78467),(318.5 867.2912),(319.5 870.313),(320.5 848.78845),(321.5 850.71356),(322.5 813.6073),(323.5 836.5357),(324.5 806.98676),(325.5 776.85046),(326.5 761.46405),(327.5 753.7613),(328.5 742.85547),(329.5 725.62915),(330.5 706.498),(331.5 700.2773),(332.5 702.0212),(333.5 708.00854),(334.5 677.506),(335.5 664.5801),(336.5 655.77386),(337.5 649.4467),(338.5 643.9922),(339.5 623.60803),(340.5 599.34827),(341.5 590.3481),(342.5 589.89374),(343.5 584.5685),(344.5 600.698),(345.5 574.89453),(346.5 580.92834),(347.5 559.1493),(348.5 551.50024),(349.5 531.02136),(350.5 531.6487),(351.5 511.63535),(352.5 505.1332),(353.5 515.5227),(354.5 515.23895),(355.5 492.02856),(356.5 493.4749),(357.5 473.20407),(358.5 481.57556),(359.5 469.02304),(360.5 446.2073),(361.5 462.69977),(362.5 440.32544),(363.5 435.27365),(364.5 434.65277),(365.5 424.5665),(366.5 409.67538),(367.5 426.09476),(368.5 421.70773),(369.5 410.67792),(370.5 394.47086),(371.5 398.24588),(372.5 382.32892),(373.5 368.1669),(374.5 351.38968),(375.5 367.92627),(376.5 358.7275),(377.5 348.28476),(378.5 346.223),(379.5 347.10086),(380.5 343.25482),(381.5 342.82953),(382.5 350.12674),(383.5 342.2141),(384.5 336.37668),(385.5 329.73346),(386.5 307.37357),(387.5 307.5711),(388.5 311.2248),(389.5 287.46463),(390.5 299.88727),(391.5 286.4335),(392.5 291.59396),(393.5 283.006),(394.5 281.19373),(395.5 293.46844),(396.5 273.67776),(397.5 268.52283),(398.5 274.57712),(399.5 277.3331),(400.5 263.90503),(401.5 260.9955),(402.5 254.27007),(403.5 248.01897),(404.5 250.8861),(405.5 244.2459),(406.5 233.39468),(407.5 234.51302),(408.5 239.8569),(409.5 236.20248),(410.5 225.30904),(411.5 221.65968),(412.5 227.56279),(413.5 213.3164),(414.5 211.17236),(415.5 209.19391),(416.5 212.77315),(417.5 211.13535),(418.5 212.87566),(419.5 206.15785),(420.5 205.62941),(421.5 202.05115),(422.5 198.49886),(423.5 190.54146),(424.5 194.00165),(425.5 192.71011),(426.5 189.53378),(427.5 178.89618),(428.5 178.17676),(429.5 171.01047),(430.5 174.80415),(431.5 174.08234),(432.5 168.44508),(433.5 173.76785),(434.5 169.19785),(435.5 166.45647),(436.5 161.27817),(437.5 167.93687),(438.5 162.19385),(439.5 160.67546),(440.5 157.95984),(441.5 156.085),(442.5 152.44838),(443.5 151.85083),(444.5 153.07552),(445.5 151.38774),(446.5 151.8271),(447.5 147.04321),(448.5 150.39172),(449.5 141.17221),(450.5 138.36993),(451.5 142.59668),(452.5 144.11147),(453.5 144.39024),(454.5 137.26024),(455.5 137.46274),(456.5 132.71155),(457.5 133.43704),(458.5 132.22025),(459.5 128.15822),(460.5 130.28511),(461.5 126.74221),(462.5 126.767525),(463.5 123.23139),(464.5 123.30033),(465.5 126.76973),(466.5 124.30399),(467.5 129.93854),(468.5 121.07486),(469.5 121.73357),(470.5 120.41468),(471.5 119.19902),(472.5 120.918755),(473.5 120.257675),(474.5 116.31877),(475.5 120.53218),(476.5 116.61964),(477.5 117.78021),(478.5 115.49595),(479.5 110.83651),(480.5 112.70037),(481.5 111.55731),(482.5 112.8072),(483.5 110.15848),(484.5 115.80941),(485.5 107.97022),(486.5 109.3394),(487.5 108.03591),(488.5 110.23628),(489.5 112.19947),(490.5 111.58557),(491.5 105.49842),(492.5 108.85269),(493.5 108.00033),(494.5 109.386986),(495.5 105.32886),(496.5 105.743385),(497.5 107.32494),(498.5 105.528366),(499.5 105.59598),
(1.5 9157791),(2.5 7875651),(3.5 12159769),(4.5 11490748),(5.5 17464862),(6.5 13991069),(7.5 11072053),(8.5 10232676),(9.5 7118831),(10.5 9005083),(11.5 7042868.5),(12.5 6453285.5),(13.5 7113329.5),(14.5 5432684),(15.5 4460937.5),(16.5 4188048),(17.5 4794311.5),(18.5 2855443),(19.5 3339911.8),(20.5 2587688.8),(21.5 2335436.3),(22.5 2366828.5),(23.5 1803232.4),(24.5 1872409.5),(25.5 1891082.6),(26.5 1596625.6),(27.5 1620375.6),(28.5 1373672.8),(29.5 1274385.4),(30.5 1222043.9),(31.5 1214698),(32.5 1052221.4),(33.5 1093832.4),(34.5 918704),(35.5 911071.7),(36.5 870471.1),(37.5 799017.94),(38.5 676505.8),(39.5 776911.4),(40.5 618050.8),(41.5 599543.1),(42.5 621584.9),(43.5 591322.06),(44.5 476421.66),(45.5 507754.25),(46.5 471496.38),(47.5 466006),(48.5 476899.25),(49.5 451826.56),(50.5 377316.3),(51.5 345677.16),(52.5 345013.25),(53.5 314398.66),(54.5 266483.78),(55.5 266930.47),(56.5 267076.34),(57.5 249465.16),(58.5 199574.06),(59.5 201766.77),(60.5 202490.3),(61.5 203339.84),(62.5 215846.4),(63.5 202543.72),(64.5 186140.64),(65.5 170888.14),(66.5 186938.84),(67.5 168953.66),(68.5 164477.34),(69.5 157423.89),(70.5 149154.28),(71.5 141377.6),(72.5 144770.42),(73.5 142805.97),(74.5 129378.45),(75.5 111270.1),(76.5 111317.05),(77.5 110800.695),(78.5 122435.28),(79.5 120649.83),(80.5 121570.09),(81.5 110958.016),(82.5 101872.91),(83.5 101627.35),(84.5 103000.05),(85.5 96137.43),(86.5 92034.94),(87.5 84387.48),(88.5 88095.28),(89.5 82101.62),(90.5 81288.91),(91.5 77049.63),(92.5 71635.914),(93.5 71926.66),(94.5 67783.66),(95.5 75408.14),(96.5 81583.07),(97.5 73374.44),(98.5 63466.08),(99.5 58800.855),(100.5 60067.137),(101.5 61464.86),(102.5 60880.746),(103.5 59863.56),(104.5 56492.11),(105.5 49619.758),(106.5 48077.668),(107.5 48980.324),(108.5 50179.426),(109.5 49699.496),(110.5 49100.52),(111.5 46591.402),(112.5 44435.637),(113.5 42647.363),(114.5 38133.465),(115.5 41391.016),(116.5 39937.97),(117.5 37678.676),(118.5 35327.645),(119.5 35499.676),(120.5 35176.01),(121.5 32183.42),(122.5 33368.996),(123.5 34507.76),(124.5 33552.695),(125.5 33277.453),(126.5 30860.371),(127.5 29459.225),(128.5 29688.799),(129.5 28917.787),(130.5 29831.066),(131.5 26472.803),(132.5 25893.258),(133.5 26454.855),(134.5 27550.2),(135.5 24496.715),(136.5 24047.123),(137.5 23832.139),(138.5 25414.816),(139.5 24644.18),(140.5 22861.002),(141.5 22415.037),(142.5 23232.807),(143.5 21457.027),(144.5 21737.783),(145.5 20504.61),(146.5 19738.393),(147.5 19910.824),(148.5 19600.389),(149.5 19681.918),(150.5 19151.693),(151.5 18666.32),(152.5 18339.504),(153.5 17595.133),(154.5 16845.396),(155.5 16563.5),(156.5 16119.913),(157.5 16385.932),(158.5 15607.439),(159.5 15441.988),(160.5 15228.758),(161.5 14827.082),(162.5 13917.376),(163.5 13960.274),(164.5 13453.162),(165.5 13580.719),(166.5 13099.883),(167.5 12480.582),(168.5 12947.813),(169.5 12251.074),(170.5 11891.628),(171.5 11854.038),(172.5 12147.494),(173.5 11871.803),(174.5 11260.572),(175.5 10950.146),(176.5 10231.319),(177.5 10284.093),(178.5 9958.38),(179.5 9804.368),(180.5 10080.3125),(181.5 9699.188),(182.5 9722.912),(183.5 9535.33),(184.5 8983.41),(185.5 8935.985),(186.5 8319.534),(187.5 8605.098),(188.5 7954.58),(189.5 7845.1533),(190.5 8139.867),(191.5 7771.917),(192.5 7871.322),(193.5 7584.2427),(194.5 7471.366),(195.5 7378.1504),(196.5 7182.326),(197.5 7304.7754),(198.5 6602.18),(199.5 6431.668),(200.5 6666.6875),(201.5 6682.096),(202.5 6666.8306),(203.5 6660.463),(204.5 6624.789),(205.5 6372.8794),(206.5 5794.281),(207.5 5974.769),(208.5 5859.9736),(209.5 5832.2813),(210.5 5765.316),(211.5 5321.6763),(212.5 5263.254),(213.5 5286.7993),(214.5 5295.568),(215.5 5181.8623),(216.5 5168.0845),(217.5 5034.515),(218.5 5085.801),(219.5 4780.953),(220.5 4678.036),(221.5 4581.27),(222.5 4459.5923),(223.5 4732.0146),(224.5 4219.6016),(225.5 4197.383),(226.5 4023.904),(227.5 3958.8655),(228.5 3991.2275),(229.5 3862.6392),(230.5 3769.163),(231.5 3822.7122),(232.5 3783.8572),(233.5 3641.3318),(234.5 3363.7322),(235.5 3517.9878),(236.5 3584.7341),(237.5 3410.7722),(238.5 3263.0356),(239.5 3172.4067),(240.5 3326.9163),(241.5 3289.3975),(242.5 3322.7043),(243.5 3162.891),(244.5 3073.5225),(245.5 3038.6536),(246.5 2816.7551),(247.5 2850.383),(248.5 2773.467),(249.5 2703.6133),(250.5 2647.8303),(251.5 2502.6704),(252.5 2597.5486),(253.5 2572.1106),(254.5 2442.864),(255.5 2513.6042),(256.5 2469.3645),(257.5 2539.609),(258.5 2460.0566),(259.5 2332.8782),(260.5 2185.3508),(261.5 2157.6309),(262.5 2176.4063),(263.5 2077.331),(264.5 2081.7966),(265.5 2067.8987),(266.5 2016.3818),(267.5 1996.3527),(268.5 1978.1946),(269.5 1955.0775),(270.5 1869.1051),(271.5 1913.1475),(272.5 1875.398),(273.5 1861.5205),(274.5 1765.0999),(275.5 1705.5056),(276.5 1671.2671),(277.5 1648.0604),(278.5 1622.3895),(279.5 1568.7776),(280.5 1532.6903),(281.5 1569.9882),(282.5 1538.5673),(283.5 1523.8541),(284.5 1526.6793),(285.5 1465.8344),(286.5 1462.2235),(287.5 1426.3055),(288.5 1336.4156),(289.5 1350.6165),(290.5 1360.4893),(291.5 1344.7218),(292.5 1317.0325),(293.5 1308.6113),(294.5 1298.6396),(295.5 1280.9216),(296.5 1256.0565),(297.5 1262.6908),(298.5 1195.0758),(299.5 1129.7162),(300.5 1131.3972),(301.5 1117.0455),(302.5 1106.5999),(303.5 1116.0536),(304.5 1078.0126),(305.5 1077.041),(306.5 1079.7206),(307.5 1064.022),(308.5 1050.4937),(309.5 960.05286),(310.5 986.724),(311.5 960.762),(312.5 978.87775),(313.5 954.1324),(314.5 949.8283),(315.5 911.9169),(316.5 923.1271),(317.5 901.9377),(318.5 866.56323),(319.5 868.89575),(320.5 838.42395),(321.5 844.82684),(322.5 813.66254),(323.5 835.38385),(324.5 804.3424),(325.5 775.9267),(326.5 758.2579),(327.5 753.8447),(328.5 741.88654),(329.5 726.61804),(330.5 704.3807),(331.5 695.8006),(332.5 699.1787),(333.5 707.2776),(334.5 678.9051),(335.5 658.1755),(336.5 661.3913),(337.5 652.8302),(338.5 644.3548),(339.5 623.8834),(340.5 599.54846),(341.5 593.9779),(342.5 587.9967),(343.5 581.84973),(344.5 602.37683),(345.5 571.0841),(346.5 578.613),(347.5 558.29126),(348.5 551.9064),(349.5 532.66516),(350.5 533.7899),(351.5 507.1132),(352.5 503.81827),(353.5 518.25684),(354.5 516.55664),(355.5 489.26874),(356.5 492.79782),(357.5 472.25012),(358.5 481.39142),(359.5 470.5047),(360.5 447.10568),(361.5 465.14438),(362.5 438.5478),(363.5 434.5284),(364.5 435.36795),(365.5 420.485),(366.5 404.77197),(367.5 420.41483),(368.5 417.56766),(369.5 411.34503),(370.5 395.01837),(371.5 396.16406),(372.5 380.9583),(373.5 365.3542),(374.5 349.63046),(375.5 363.6898),(376.5 359.29263),(377.5 347.9669),(378.5 347.5322),(379.5 346.11908),(380.5 343.47168),(381.5 346.56808),(382.5 351.78882),(383.5 344.74667),(384.5 335.67352),(385.5 327.28955),(386.5 309.1439),(387.5 307.05518),(388.5 306.32547),(389.5 286.90784),(390.5 302.65057),(391.5 288.75302),(392.5 291.02917),(393.5 283.58035),(394.5 279.87503),(395.5 291.29523),(396.5 272.655),(397.5 268.13834),(398.5 275.80212),(399.5 275.38394),(400.5 264.40134),(401.5 258.79587),(402.5 254.0645),(403.5 248.98018),(404.5 253.5861),(405.5 244.81801),(406.5 233.45642),(407.5 234.38498),(408.5 237.92062),(409.5 236.12556),(410.5 224.63779),(411.5 223.1595),(412.5 228.30542),(413.5 214.43463),(414.5 212.43109),(415.5 209.70416),(416.5 213.45413),(417.5 212.17216),(418.5 212.8738),(419.5 206.94162),(420.5 205.85867),(421.5 202.69669),(422.5 201.22891),(423.5 191.57512),(424.5 194.14508),(425.5 193.62483),(426.5 189.91621),(427.5 179.32956),(428.5 178.41002),(429.5 171.30234),(430.5 174.81859),(431.5 174.60532),(432.5 170.395),(433.5 175.04163),(434.5 169.69162),(435.5 167.5783),(436.5 161.48697),(437.5 168.2943),(438.5 161.46696),(439.5 160.2725),(440.5 158.07771),(441.5 155.55559),(442.5 151.52074),(443.5 150.27563),(444.5 151.80063),(445.5 150.66684),(446.5 151.44968),(447.5 146.39871),(448.5 150.05946),(449.5 140.50027),(450.5 137.65279),(451.5 142.63113),(452.5 143.39622),(453.5 142.86403),(454.5 136.81068),(455.5 135.96056),(456.5 132.23882),(457.5 132.48691),(458.5 131.38573),(459.5 128.01302),(460.5 129.51407),(461.5 127.030945),(462.5 127.07336),(463.5 124.272095),(464.5 123.621605),(465.5 127.186165),(466.5 123.36087),(467.5 128.87804),(468.5 121.39525),(469.5 122.062965),(470.5 121.05667),(471.5 120.780365),(472.5 120.78871),(473.5 120.058975),(474.5 115.60604),(475.5 118.669235),(476.5 116.690094),(477.5 118.60459),(478.5 114.69392),(479.5 110.35588),(480.5 112.31149),(481.5 110.97391),(482.5 112.66392),(483.5 110.70378),(484.5 114.8919),(485.5 108.177376),(486.5 108.93575),(487.5 107.07451),(488.5 110.622696),(489.5 112.50306),(490.5 110.99051),(491.5 104.656906),(492.5 108.14149),(493.5 107.60084),(494.5 108.92273),(495.5 104.64548),(496.5 105.74731),(497.5 107.46412),(498.5 105.41348),(499.5 105.05047),
(1.5 9387371),(2.5 8030089.5),(3.5 12427665),(4.5 11822367),(5.5 17803968),(6.5 14078304),(7.5 11071503),(8.5 10275629),(9.5 7070329),(10.5 9014528),(11.5 7123293),(12.5 6433291),(13.5 7107576),(14.5 5506578),(15.5 4502255.5),(16.5 4196512.5),(17.5 4780280.5),(18.5 2860168.5),(19.5 3352184.3),(20.5 2582267.5),(21.5 2316602.5),(22.5 2335455.8),(23.5 1787284),(24.5 1859546.6),(25.5 1882429.5),(26.5 1564646),(27.5 1593943.3),(28.5 1386971.4),(29.5 1269274.3),(30.5 1232361.6),(31.5 1208158.9),(32.5 1060290.3),(33.5 1089668.9),(34.5 913362.56),(35.5 904312.1),(36.5 861921.9),(37.5 789659.1),(38.5 675599.4),(39.5 768261.7),(40.5 616193.2),(41.5 605413.75),(42.5 621763),(43.5 589016.06),(44.5 476407.34),(45.5 508735.6),(46.5 470158.2),(47.5 474972.88),(48.5 473931.44),(49.5 449036.88),(50.5 376051.47),(51.5 337723.06),(52.5 341032.2),(53.5 311572.66),(54.5 262673.28),(55.5 267918.4),(56.5 263633.13),(57.5 246621.83),(58.5 199567.77),(59.5 203531.22),(60.5 202136),(61.5 204898.33),(62.5 215860.36),(63.5 202668.9),(64.5 187693.88),(65.5 174058.5),(66.5 191823.56),(67.5 171346.11),(68.5 165670.55),(69.5 157408.92),(70.5 150237.66),(71.5 141810.2),(72.5 145214),(73.5 142284.73),(74.5 128846.1),(75.5 112312.766),(76.5 110359.195),(77.5 109377.55),(78.5 121560.984),(79.5 119841.26),(80.5 122259.14),(81.5 111875.24),(82.5 103255.08),(83.5 101313.48),(84.5 101799.984),(85.5 95762.26),(86.5 91997.47),(87.5 84031.64),(88.5 86990.95),(89.5 81028.15),(90.5 81862.4),(91.5 76725.016),(92.5 72145.47),(93.5 71796.55),(94.5 67925.125),(95.5 75760.19),(96.5 81895.234),(97.5 73745.016),(98.5 63342.98),(99.5 58791.902),(100.5 60387.918),(101.5 61450.426),(102.5 61564.68),(103.5 60558.65),(104.5 56323.28),(105.5 49425.953),(106.5 47659.63),(107.5 48746.457),(108.5 49714.176),(109.5 49940.723),(110.5 48643.668),(111.5 46089.652),(112.5 44951.184),(113.5 42715.094),(114.5 38091.24),(115.5 41182.27),(116.5 39722.62),(117.5 37932.066),(118.5 35422.168),(119.5 35595.676),(120.5 34972.676),(121.5 32552.041),(122.5 33178.996),(123.5 34456.758),(124.5 33838.93),(125.5 33730.305),(126.5 30862.018),(127.5 29421.223),(128.5 29932.271),(129.5 29004.63),(130.5 29511.79),(131.5 26431.545),(132.5 26006.719),(133.5 26591.318),(134.5 27763.818),(135.5 24523.488),(136.5 23956.883),(137.5 23705.59),(138.5 25366.361),(139.5 24853.547),(140.5 23062.814),(141.5 22446.594),(142.5 23178.123),(143.5 21542.518),(144.5 21750.313),(145.5 20618.992),(146.5 19592.607),(147.5 19911.305),(148.5 19626.012),(149.5 19735.328),(150.5 19365.113),(151.5 18893.477),(152.5 18297.982),(153.5 17409.24),(154.5 16913.213),(155.5 16460.682),(156.5 16068.398),(157.5 16234.304),(158.5 15560.86),(159.5 15582.532),(160.5 15446.878),(161.5 14937.228),(162.5 14048.909),(163.5 14054.249),(164.5 13379.518),(165.5 13384.595),(166.5 13046.956),(167.5 12569.803),(168.5 13028.184),(169.5 12360.443),(170.5 11843.33),(171.5 11818.565),(172.5 12229.66),(173.5 11843.726),(174.5 11144.015),(175.5 10948.973),(176.5 10087.941),(177.5 10125.41),(178.5 9815.856),(179.5 9685.956),(180.5 9920.031),(181.5 9649.3955),(182.5 9732.805),(183.5 9553.564),(184.5 9034.235),(185.5 8966.62),(186.5 8258.321),(187.5 8567.917),(188.5 7940.342),(189.5 7875.9805),(190.5 8174.898),(191.5 7774.7153),(192.5 7809.43),(193.5 7516.9326),(194.5 7399.477),(195.5 7363.2188),(196.5 7186.349),(197.5 7245.8257),(198.5 6515.3228),(199.5 6407.085),(200.5 6626.9424),(201.5 6680.856),(202.5 6644.408),(203.5 6663.747),(204.5 6666.73),(205.5 6379.3647),(206.5 5761.1357),(207.5 5985.4063),(208.5 5909.5986),(209.5 5849.2456),(210.5 5748.9907),(211.5 5333.3135),(212.5 5315.5635),(213.5 5305.6787),(214.5 5327.457),(215.5 5226.35),(216.5 5188.5938),(217.5 5052.9414),(218.5 5089.239),(219.5 4788.57),(220.5 4687.292),(221.5 4570.9575),(222.5 4464.68),(223.5 4696.6797),(224.5 4220.434),(225.5 4243.833),(226.5 4019.1516),(227.5 3976.6267),(228.5 3981.736),(229.5 3921.3586),(230.5 3802.465),(231.5 3809.9688),(232.5 3802.499),(233.5 3697.241),(234.5 3409.8052),(235.5 3554.236),(236.5 3620.1736),(237.5 3437.7676),(238.5 3305.9163),(239.5 3197.635),(240.5 3360.911),(241.5 3308.2896),(242.5 3305.1143),(243.5 3137.019),(244.5 3086.8015),(245.5 3068.3704),(246.5 2852.4204),(247.5 2874.419),(248.5 2794.0662),(249.5 2718.6992),(250.5 2646.8132),(251.5 2498.3584),(252.5 2597.2092),(253.5 2537.555),(254.5 2417.1338),(255.5 2484.5781),(256.5 2452.0151),(257.5 2535.978),(258.5 2466.471),(259.5 2329.3015),(260.5 2165.4963),(261.5 2158.5671),(262.5 2166.1125),(263.5 2078.2947),(264.5 2079.7585),(265.5 2059.5732),(266.5 2016.2393),(267.5 1999.9888),(268.5 1960.9762),(269.5 1937.2343),(270.5 1880.4021),(271.5 1921.4847),(272.5 1876.22),(273.5 1890.3337),(274.5 1774.2097),(275.5 1709.6648),(276.5 1687.6725),(277.5 1648.4396),(278.5 1630.1467),(279.5 1576.8004),(280.5 1522.2057),(281.5 1576.6753),(282.5 1563.2742),(283.5 1526.421),(284.5 1539.2339),(285.5 1482.7921),(286.5 1473.4928),(287.5 1432.4792),(288.5 1347.3423),(289.5 1359.0305),(290.5 1372.3818),(291.5 1352.1315),(292.5 1322.3348),(293.5 1316.5632),(294.5 1308.4536),(295.5 1289.0996),(296.5 1266.9095),(297.5 1266.8728),(298.5 1193.4396),(299.5 1128.0754),(300.5 1128.5079),(301.5 1114.0288),(302.5 1109.031),(303.5 1113.1226),(304.5 1071.6108),(305.5 1072.3524),(306.5 1071.8403),(307.5 1064.6832),(308.5 1048.7021),(309.5 966.21606),(310.5 987.9804),(311.5 958.1412),(312.5 967.51825),(313.5 951.72485),(314.5 948.05634),(315.5 913.09796),(316.5 916.9612),(317.5 898.26526),(318.5 865.30225),(319.5 870.8322),(320.5 844.0343),(321.5 851.64307),(322.5 824.5409),(323.5 831.2055),(324.5 799.62866),(325.5 769.49005),(326.5 755.16315),(327.5 757.6789),(328.5 743.5896),(329.5 728.86804),(330.5 698.9696),(331.5 697.6564),(332.5 698.9303),(333.5 706.84875),(334.5 678.9802),(335.5 659.1881),(336.5 661.5818),(337.5 651.7691),(338.5 644.14795),(339.5 623.3772),(340.5 597.29205),(341.5 591.34906),(342.5 591.8971),(343.5 584.0667),(344.5 604.96277),(345.5 571.2758),(346.5 576.7653),(347.5 557.3585),(348.5 554.6466),(349.5 536.4165),(350.5 536.8293),(351.5 507.73383),(352.5 507.2647),(353.5 518.95496),(354.5 515.26263),(355.5 488.91696),(356.5 492.09998),(357.5 469.78864),(358.5 485.49854),(359.5 471.25848),(360.5 447.53818),(361.5 464.33508),(362.5 441.34717),(363.5 431.80038),(364.5 431.23495),(365.5 424.44672),(366.5 411.32242),(367.5 426.0424),(368.5 419.9637),(369.5 415.7629),(370.5 396.03113),(371.5 398.95767),(372.5 378.9159),(373.5 367.68942),(374.5 352.30402),(375.5 363.99057),(376.5 358.80392),(377.5 347.21838),(378.5 348.58643),(379.5 345.00507),(380.5 339.62057),(381.5 345.67834),(382.5 351.14157),(383.5 344.6351),(384.5 336.39102),(385.5 328.28232),(386.5 308.24026),(387.5 303.15744),(388.5 303.43668),(389.5 285.59033),(390.5 302.1034),(391.5 289.23022),(392.5 291.75275),(393.5 285.0083),(394.5 281.98688),(395.5 292.08475),(396.5 275.33624),(397.5 269.7055),(398.5 276.24335),(399.5 274.32608),(400.5 264.06326),(401.5 260.91818),(402.5 253.45085),(403.5 248.72307),(404.5 254.5893),(405.5 246.46638),(406.5 234.24142),(407.5 237.51535),(408.5 238.94518),(409.5 236.48087),(410.5 222.593),(411.5 225.20146),(412.5 230.66393),(413.5 216.49626),(414.5 211.96567),(415.5 210.38434),(416.5 213.88373),(417.5 211.94882),(418.5 214.61621),(419.5 206.45609),(420.5 204.97754),(421.5 203.35997),(422.5 200.19675),(423.5 190.7091),(424.5 193.89525),(425.5 192.42697),(426.5 189.05234),(427.5 179.31262),(428.5 178.44365),(429.5 171.44893),(430.5 174.57991),(431.5 175.12016),(432.5 171.5658),(433.5 175.22296),(434.5 169.39761),(435.5 167.48553),(436.5 161.71545),(437.5 167.89201),(438.5 161.73778),(439.5 159.76727),(440.5 155.95818),(441.5 154.84583),(442.5 150.93279),(443.5 151.91658),(444.5 151.1262),(445.5 150.81488),(446.5 150.6509),(447.5 146.0194),(448.5 149.82468),(449.5 139.6187),(450.5 136.91336),(451.5 140.81967),(452.5 142.49777),(453.5 141.60753),(454.5 136.51376),(455.5 135.69373),(456.5 132.53004),(457.5 133.35674),(458.5 131.87692),(459.5 128.10265),(460.5 129.66101),(461.5 126.266),(462.5 124.8248),(463.5 123.585884),(464.5 122.5306),(465.5 126.04264),(466.5 122.38201),(467.5 128.53365),(468.5 121.00354),(469.5 122.14874),(470.5 121.38478),(471.5 121.177086),(472.5 120.589714),(473.5 119.533394),(474.5 115.54892),(475.5 118.60167),(476.5 115.526146),(477.5 118.063065),(478.5 114.4421),(479.5 109.894226),(480.5 112.54645),(481.5 111.63026),(482.5 112.432495),(483.5 110.6402),(484.5 114.57074),(485.5 108.38961),(486.5 108.122086),(487.5 106.37374),(488.5 110.72815),(489.5 112.706085),(490.5 111.23233),(491.5 105.53741),(492.5 108.60147),(493.5 107.91876),(494.5 110.1313),(495.5 105.82034),(496.5 105.59421),(497.5 107.07681),(498.5 104.84443),(499.5 105.04003),
(1.5 9604835),(2.5 8206345),(3.5 12774233),(4.5 12137952),(5.5 18093310),(6.5 14166714),(7.5 11061818),(8.5 10307133),(9.5 7020042.5),(10.5 9018364),(11.5 7201138.5),(12.5 6415942.5),(13.5 7104210.5),(14.5 5580717),(15.5 4545360.5),(16.5 4200970),(17.5 4760967),(18.5 2863515.3),(19.5 3362548),(20.5 2579919.3),(21.5 2299354.5),(22.5 2309081.3),(23.5 1770185.9),(24.5 1846930.3),(25.5 1869883.8),(26.5 1535849.6),(27.5 1563305.9),(28.5 1399924.1),(29.5 1265926.1),(30.5 1242070.9),(31.5 1197178.4),(32.5 1071852.9),(33.5 1082527.9),(34.5 907609.7),(35.5 898318.94),(36.5 847983.75),(37.5 780064.94),(38.5 672592.25),(39.5 758987),(40.5 614159.6),(41.5 609759.6),(42.5 620478.44),(43.5 585314.7),(44.5 477190.63),(45.5 509785.75),(46.5 467092.28),(47.5 481312.06),(48.5 466472.97),(49.5 444224.5),(50.5 372090.4),(51.5 329887.66),(52.5 336835.75),(53.5 309143.2),(54.5 260707.67),(55.5 268208.34),(56.5 261519.2),(57.5 241260.47),(58.5 199429.8),(59.5 204014.98),(60.5 201773.94),(61.5 208066.69),(62.5 216569.22),(63.5 203350),(64.5 189225.97),(65.5 177007.83),(66.5 194707.28),(67.5 173273.56),(68.5 166938.42),(69.5 157448.03),(70.5 151931.19),(71.5 142571.14),(72.5 145588.89),(73.5 142446.7),(74.5 128515.945),(75.5 112865.02),(76.5 109442.164),(77.5 107649.58),(78.5 120877.62),(79.5 119872.33),(80.5 123345.875),(81.5 112440.48),(82.5 104517.75),(83.5 101486.23),(84.5 101254.95),(85.5 95081.36),(86.5 91788.6),(87.5 83309.336),(88.5 86073.94),(89.5 80273.86),(90.5 82351.805),(91.5 76192.11),(92.5 72126.86),(93.5 71313.13),(94.5 67878.18),(95.5 76044.086),(96.5 82109.28),(97.5 74177.29),(98.5 63143.49),(99.5 58845.145),(100.5 60325.13),(101.5 61000.62),(102.5 61766.246),(103.5 60740.67),(104.5 55524.035),(105.5 49126.867),(106.5 47472.41),(107.5 49166.87),(108.5 49959.38),(109.5 50022.69),(110.5 48179.355),(111.5 46050.99),(112.5 45217.453),(113.5 42429.25),(114.5 37877.223),(115.5 40661.996),(116.5 39076.086),(117.5 38126.574),(118.5 35665.13),(119.5 35559.742),(120.5 34805.527),(121.5 32665.195),(122.5 32969.688),(123.5 34160.32),(124.5 33757.77),(125.5 33898.414),(126.5 30674.387),(127.5 29378.193),(128.5 30159.746),(129.5 29079.95),(130.5 29057.746),(131.5 26228.785),(132.5 26217.717),(133.5 26682.297),(134.5 27903.885),(135.5 24463.676),(136.5 23981.115),(137.5 23763.148),(138.5 25438.486),(139.5 25019.223),(140.5 23123.604),(141.5 22849.174),(142.5 23248.172),(143.5 21547.969),(144.5 21631.72),(145.5 20661.53),(146.5 19572.629),(147.5 20001.256),(148.5 19644.21),(149.5 19914.545),(150.5 19461.99),(151.5 19081.271),(152.5 18238.637),(153.5 17311.871),(154.5 16828.729),(155.5 16453.213),(156.5 15912.2),(157.5 16077.353),(158.5 15523.35),(159.5 15692.18),(160.5 15488.764),(161.5 14888.115),(162.5 13972.626),(163.5 14141.795),(164.5 13225.432),(165.5 13210.46),(166.5 12941.928),(167.5 12606.451),(168.5 13010.445),(169.5 12340.203),(170.5 11760.534),(171.5 11685.836),(172.5 12253.159),(173.5 11807.512),(174.5 11064.43),(175.5 10809.737),(176.5 10014.948),(177.5 9966.714),(178.5 9730.78),(179.5 9514.346),(180.5 9751.121),(181.5 9554.617),(182.5 9806.724),(183.5 9594.121),(184.5 9035.836),(185.5 9011.655),(186.5 8265.767),(187.5 8507.453),(188.5 7961.5825),(189.5 7965.522),(190.5 8208.761),(191.5 7756.641),(192.5 7783.0464),(193.5 7486.873),(194.5 7372.326),(195.5 7347.2446),(196.5 7165.935),(197.5 7194.74),(198.5 6493.579),(199.5 6374.746),(200.5 6544.783),(201.5 6585.5376),(202.5 6578.3433),(203.5 6533.37),(204.5 6553.1157),(205.5 6265.3433),(206.5 5727.4663),(207.5 5966.6123),(208.5 5898.8706),(209.5 5831.6323),(210.5 5658.4883),(211.5 5310.3696),(212.5 5300.8555),(213.5 5306.1724),(214.5 5308.24),(215.5 5185.9966),(216.5 5157.037),(217.5 5008.28),(218.5 5040.9907),(219.5 4728.0396),(220.5 4683.13),(221.5 4610.6255),(222.5 4487.149),(223.5 4669.913),(224.5 4218.5635),(225.5 4267.72),(226.5 4057.921),(227.5 3997.348),(228.5 4006.3125),(229.5 3960.5747),(230.5 3851.8782),(231.5 3819.0488),(232.5 3787.6445),(233.5 3751.813),(234.5 3455.8357),(235.5 3546.4126),(236.5 3628.4219),(237.5 3436.9727),(238.5 3325.67),(239.5 3226.639),(240.5 3367.2903),(241.5 3314.832),(242.5 3321.7407),(243.5 3159.1956),(244.5 3110.2778),(245.5 3093.9172),(246.5 2882.7656),(247.5 2904.4788),(248.5 2837.3857),(249.5 2736.5496),(250.5 2685.2544),(251.5 2486.1682),(252.5 2591.286),(253.5 2527.4902),(254.5 2412.6777),(255.5 2482.4336),(256.5 2446.133),(257.5 2516.9255),(258.5 2469.585),(259.5 2345.1726),(260.5 2184.477),(261.5 2148.0723),(262.5 2162.132),(263.5 2070.6255),(264.5 2093.1345),(265.5 2069.7307),(266.5 2023.7672),(267.5 2015.7874),(268.5 1980.0966),(269.5 1935.5037),(270.5 1874.779),(271.5 1926.9362),(272.5 1895.5852),(273.5 1889.702),(274.5 1772.2052),(275.5 1707.8351),(276.5 1693.2894),(277.5 1648.6812),(278.5 1631.8744),(279.5 1582.0432),(280.5 1528.8212),(281.5 1586.1544),(282.5 1555.9646),(283.5 1527.2161),(284.5 1532.0542),(285.5 1489.8538),(286.5 1480.3267),(287.5 1435.6488),(288.5 1342.3859),(289.5 1352.7966),(290.5 1383.8893),(291.5 1353.7185),(292.5 1321.4855),(293.5 1331.6681),(294.5 1299.6218),(295.5 1292.2008),(296.5 1261.1709),(297.5 1253.4425),(298.5 1183.383),(299.5 1129.3793),(300.5 1139.649),(301.5 1127.5227),(302.5 1116.3823),(303.5 1106.6298),(304.5 1074.4983),(305.5 1062.7943),(306.5 1067.4033),(307.5 1068.8103),(308.5 1047.3824),(309.5 965.25146),(310.5 983.46106),(311.5 969.8949),(312.5 975.7685),(313.5 954.5723),(314.5 946.4361),(315.5 912.0803),(316.5 916.09717),(317.5 908.07526),(318.5 868.6442),(319.5 872.5369),(320.5 848.64386),(321.5 848.8874),(322.5 829.0228),(323.5 832.2744),(324.5 808.78296),(325.5 772.3309),(326.5 756.215),(327.5 759.44135),(328.5 738.93066),(329.5 735.83936),(330.5 703.89514),(331.5 702.85474),(332.5 707.3674),(333.5 715.7449),(334.5 683.72296),(335.5 662.5406),(336.5 659.78046),(337.5 645.8979),(338.5 639.743),(339.5 622.63116),(340.5 591.3377),(341.5 595.4497),(342.5 599.43964),(343.5 585.0775),(344.5 603.09546),(345.5 571.0861),(346.5 578.68726),(347.5 559.5534),(348.5 556.01447),(349.5 530.4421),(350.5 536.9757),(351.5 511.59885),(352.5 507.59024),(353.5 519.09076),(354.5 517.04694),(355.5 489.44986),(356.5 498.13205),(357.5 470.33096),(358.5 485.7278),(359.5 476.70108),(360.5 445.1001),(361.5 462.23795),(362.5 437.59753),(363.5 432.03748),(364.5 428.40488),(365.5 420.87442),(366.5 408.34656),(367.5 423.34525),(368.5 422.13705),(369.5 414.96204),(370.5 398.495),(371.5 397.3153),(372.5 375.23517),(373.5 363.4394),(374.5 353.07013),(375.5 362.0323),(376.5 360.45322),(377.5 350.04254),(378.5 350.47183),(379.5 345.2813),(380.5 338.8817),(381.5 345.1876),(382.5 353.27228),(383.5 345.23843),(384.5 336.16174),(385.5 326.71466),(386.5 307.3183),(387.5 301.9128),(388.5 300.25665),(389.5 285.7391),(390.5 301.579),(391.5 288.14224),(392.5 289.80585),(393.5 286.03467),(394.5 282.33777),(395.5 292.39877),(396.5 273.9431),(397.5 269.44562),(398.5 278.30945),(399.5 275.4885),(400.5 264.39804),(401.5 259.6356),(402.5 252.939),(403.5 250.93246),(404.5 255.46715),(405.5 251.58765),(406.5 237.83025),(407.5 239.23085),(408.5 240.74112),(409.5 235.59851),(410.5 223.76216),(411.5 223.49785),(412.5 229.50891),(413.5 216.3733),(414.5 212.58359),(415.5 209.61494),(416.5 214.76418),(417.5 211.92926),(418.5 214.75667),(419.5 205.06613),(420.5 204.18335),(421.5 204.00313),(422.5 199.58662),(423.5 190.11702),(424.5 192.30493),(425.5 191.7748),(426.5 186.6541),(427.5 178.48344),(428.5 179.12883),(429.5 173.05827),(430.5 174.35199),(431.5 174.26645),(432.5 171.9875),(433.5 174.81319),(434.5 168.68129),(435.5 168.7206),(436.5 161.74182),(437.5 168.31277),(438.5 161.57513),(439.5 159.98582),(440.5 156.12204),(441.5 152.32414),(442.5 150.58022),(443.5 151.03271),(444.5 150.23953),(445.5 150.60886),(446.5 148.51009),(447.5 145.53745),(448.5 149.49835),(449.5 139.57349),(450.5 138.24344),(451.5 141.21066),(452.5 141.91107),(453.5 141.31406),(454.5 136.94388),(455.5 136.96626),(456.5 133.19826),(457.5 133.01488),(458.5 132.77368),(459.5 127.990105),(460.5 128.95792),(461.5 125.98497),(462.5 125.21764),(463.5 123.92746),(464.5 121.71615),(465.5 125.56833),(466.5 123.88842),(467.5 128.80113),(468.5 120.97763),(469.5 122.18463),(470.5 121.65164),(471.5 121.87944),(472.5 120.838455),(473.5 119.39074),(474.5 115.62888),(475.5 118.047874),(476.5 115.6094),(477.5 118.60348),(478.5 114.83884),(479.5 110.24996),(480.5 112.36023),(481.5 111.29588),(482.5 113.08591),(483.5 110.88377),(484.5 114.60113),(485.5 108.38574),(486.5 108.58877),(487.5 105.72139),(488.5 111.13631),(489.5 112.24832),(490.5 112.35874),(491.5 104.95687),(492.5 108.37603),(493.5 107.58078),(494.5 108.13547),(495.5 105.07726),(496.5 105.239845),(497.5 106.781715),(498.5 104.165054),(499.5 104.130264),
(1.5 9781641),(2.5 8317365.5),(3.5 12993765),(4.5 12400372),(5.5 18303712),(6.5 14247920),(7.5 11035733),(8.5 10319449),(9.5 6967198.5),(10.5 9016652),(11.5 7267005),(12.5 6397001.5),(13.5 7096493.5),(14.5 5644142),(15.5 4580082),(16.5 4201831),(17.5 4727793.5),(18.5 2863129.5),(19.5 3376231),(20.5 2581932.5),(21.5 2287262.3),(22.5 2292763),(23.5 1757622.1),(24.5 1837057.1),(25.5 1860812.1),(26.5 1510846.8),(27.5 1534342.8),(28.5 1418330.4),(29.5 1270281),(30.5 1249243.9),(31.5 1185933.8),(32.5 1087201.8),(33.5 1074407.1),(34.5 900262.94),(35.5 891797.2),(36.5 832151.06),(37.5 770768.6),(38.5 670098.4),(39.5 747455.9),(40.5 611964.4),(41.5 613751.9),(42.5 618714.1),(43.5 581598),(44.5 478288.72),(45.5 509116.75),(46.5 464289.6),(47.5 485944.8),(48.5 456852.3),(49.5 438099.75),(50.5 367255.9),(51.5 321673.03),(52.5 333381.34),(53.5 306946.25),(54.5 261163.77),(55.5 270096.06),(56.5 259274.92),(57.5 234695.42),(58.5 200085.3),(59.5 204288.53),(60.5 201464.6),(61.5 211761.16),(62.5 218109.66),(63.5 204136.64),(64.5 190968.58),(65.5 180606.02),(66.5 196397.75),(67.5 176381.6),(68.5 168187.77),(69.5 158500.55),(70.5 154144.14),(71.5 143987.31),(72.5 146076.94),(73.5 142688.9),(74.5 128095.05),(75.5 113448.3),(76.5 108817.34),(77.5 105977.61),(78.5 119967.21),(79.5 118694.99),(80.5 123357.6),(81.5 112153.51),(82.5 104943.41),(83.5 102040.54),(84.5 100718.984),(85.5 94246.664),(86.5 91350.4),(87.5 82368.92),(88.5 85130.67),(89.5 79430.72),(90.5 82073.56),(91.5 75788.96),(92.5 71890.36),(93.5 70970.32),(94.5 68395.76),(95.5 76721.38),(96.5 82315.53),(97.5 74607.695),(98.5 62872.465),(99.5 59244.465),(100.5 60447.93),(101.5 60321.813),(102.5 61555.18),(103.5 60749.402),(104.5 54952.375),(105.5 48989.535),(106.5 47722.97),(107.5 49592.04),(108.5 50438.08),(109.5 50102.01),(110.5 47920.336),(111.5 46215.19),(112.5 45442.566),(113.5 42036.203),(114.5 37977.047),(115.5 40072.24),(116.5 38360.59),(117.5 37888.742),(118.5 35770.75),(119.5 35237.61),(120.5 34913.01),(121.5 32670.578),(122.5 33026.047),(123.5 34303.246),(124.5 33818.99),(125.5 33908.13),(126.5 30167.152),(127.5 29105.725),(128.5 29928.273),(129.5 28766.504),(130.5 28352.016),(131.5 25706.695),(132.5 26358.895),(133.5 26693.648),(134.5 27954.063),(135.5 24544.29),(136.5 24199.283),(137.5 23856.686),(138.5 25648.342),(139.5 25090.617),(140.5 22973.846),(141.5 23188.47),(142.5 23082.377),(143.5 21331.045),(144.5 21446.492),(145.5 20584.396),(146.5 19554.867),(147.5 19928.156),(148.5 19780.715),(149.5 19834.826),(150.5 19424.473),(151.5 19181.701),(152.5 18329.727),(153.5 17292.695),(154.5 16774.203),(155.5 16445.59),(156.5 15736.395),(157.5 15891.57),(158.5 15476.989),(159.5 15764.278),(160.5 15530.221),(161.5 14814.879),(162.5 13903.917),(163.5 14114.74),(164.5 13219.601),(165.5 13127.661),(166.5 12878.917),(167.5 12699.356),(168.5 12873.547),(169.5 12215.681),(170.5 11625.172),(171.5 11444.51),(172.5 12001.977),(173.5 11666.098),(174.5 10921.532),(175.5 10694.925),(176.5 9951.136),(177.5 9848.338),(178.5 9714.259),(179.5 9460.872),(180.5 9600.752),(181.5 9497.284),(182.5 9853.274),(183.5 9696.862),(184.5 9068.092),(185.5 8997.664),(186.5 8300.426),(187.5 8476.577),(188.5 8054.697),(189.5 7993.387),(190.5 8218.235),(191.5 7771.173),(192.5 7870.8467),(193.5 7427.9795),(194.5 7411.8037),(195.5 7386.572),(196.5 7255.1626),(197.5 7264.136),(198.5 6475.032),(199.5 6340.808),(200.5 6469.4375),(201.5 6511.3296),(202.5 6527.659),(203.5 6475.341),(204.5 6506.262),(205.5 6210.2124),(206.5 5794.04),(207.5 5984.6396),(208.5 5882.751),(209.5 5874.5015),(210.5 5636.8467),(211.5 5282.4478),(212.5 5291.8574),(213.5 5298.4854),(214.5 5271.12),(215.5 5152.882),(216.5 5093.7915),(217.5 4993.022),(218.5 5008.3164),(219.5 4757.8623),(220.5 4707.3506),(221.5 4654.3647),(222.5 4518.9766),(223.5 4641.234),(224.5 4235.7905),(225.5 4313.6436),(226.5 4101.31),(227.5 3988.5818),(228.5 4026.9963),(229.5 3964.7317),(230.5 3871.266),(231.5 3824.5764),(232.5 3796.907),(233.5 3723.6377),(234.5 3456.5188),(235.5 3547.2803),(236.5 3583.4795),(237.5 3436.4236),(238.5 3336.5007),(239.5 3251.026),(240.5 3384.1924),(241.5 3324.1282),(242.5 3347.4382),(243.5 3153.0737),(244.5 3100.094),(245.5 3126.2603),(246.5 2916.9075),(247.5 2926.045),(248.5 2861.587),(249.5 2740.2832),(250.5 2699.673),(251.5 2513.858),(252.5 2610.0823),(253.5 2525.4417),(254.5 2416.9521),(255.5 2465.09),(256.5 2441.001),(257.5 2507.1343),(258.5 2473.0554),(259.5 2321.9358),(260.5 2179.485),(261.5 2152.8813),(262.5 2148.9224),(263.5 2067.0774),(264.5 2058.8057),(265.5 2067.0427),(266.5 2019.3881),(267.5 2013.9232),(268.5 1979.9752),(269.5 1932.8674),(270.5 1869.4523),(271.5 1906.4448),(272.5 1887.6544),(273.5 1901.0647),(274.5 1781.27),(275.5 1709.3022),(276.5 1675.2941),(277.5 1625.1875),(278.5 1631.5432),(279.5 1588.9851),(280.5 1544.2996),(281.5 1596.2502),(282.5 1561.3065),(283.5 1535.7334),(284.5 1527.717),(285.5 1496.7986),(286.5 1491.7466),(287.5 1436.2618),(288.5 1340.6289),(289.5 1354.5731),(290.5 1388.9971),(291.5 1357.4629),(292.5 1320.8346),(293.5 1334.2418),(294.5 1294.1967),(295.5 1288.5697),(296.5 1243.3671),(297.5 1239.7948),(298.5 1180.1649),(299.5 1129.5283),(300.5 1139.7266),(301.5 1118.8372),(302.5 1106.7784),(303.5 1103.7374),(304.5 1071.9683),(305.5 1063.2783),(306.5 1048.4889),(307.5 1051.9185),(308.5 1035.2476),(309.5 968.8556),(310.5 982.5999),(311.5 970.2589),(312.5 965.09424),(313.5 952.61975),(314.5 940.8297),(315.5 917.1195),(316.5 914.41003),(317.5 906.47986),(318.5 867.86926),(319.5 875.4172),(320.5 853.9974),(321.5 847.1457),(322.5 821.3684),(323.5 824.10706),(324.5 805.3558),(325.5 774.866),(326.5 755.1325),(327.5 767.59595),(328.5 732.78455),(329.5 734.28284),(330.5 703.3565),(331.5 709.3037),(332.5 707.6495),(333.5 710.7904),(334.5 677.76447),(335.5 661.528),(336.5 656.94147),(337.5 642.869),(338.5 628.3958),(339.5 621.0342),(340.5 588.4301),(341.5 593.8002),(342.5 595.916),(343.5 590.0289),(344.5 601.48395),(345.5 560.82935),(346.5 568.97894),(347.5 554.08325),(348.5 557.4695),(349.5 530.66406),(350.5 541.366),(351.5 517.6271),(352.5 509.3348),(353.5 522.9918),(354.5 516.49054),(355.5 484.10013),(356.5 491.69638),(357.5 465.90646),(358.5 485.36783),(359.5 478.6756),(360.5 442.21155),(361.5 459.1505),(362.5 438.9112),(363.5 429.31805),(364.5 429.7468),(365.5 418.7785),(366.5 411.30124),(367.5 419.89667),(368.5 418.69315),(369.5 415.06198),(370.5 395.53525),(371.5 395.91785),(372.5 376.73315),(373.5 364.6878),(374.5 353.2059),(375.5 363.51343),(376.5 353.15643),(377.5 345.57874),(378.5 349.07343),(379.5 345.18536),(380.5 337.94397),(381.5 346.62067),(382.5 353.98593),(383.5 342.6516),(384.5 336.88504),(385.5 325.43826),(386.5 307.11746),(387.5 302.83163),(388.5 299.6254),(389.5 285.06287),(390.5 302.2056),(391.5 290.30054),(392.5 294.15),(393.5 287.17697),(394.5 279.9312),(395.5 291.15555),(396.5 274.4148),(397.5 272.45544),(398.5 280.4799),(399.5 276.16904),(400.5 263.43106),(401.5 260.8786),(402.5 254.47516),(403.5 252.83614),(404.5 254.89798),(405.5 251.0919),(406.5 235.49358),(407.5 239.0008),(408.5 237.9308),(409.5 233.99783),(410.5 220.53204),(411.5 223.69263),(412.5 230.01057),(413.5 216.59221),(414.5 214.15057),(415.5 210.5052),(416.5 214.7074),(417.5 210.11725),(418.5 213.68222),(419.5 204.63669),(420.5 204.94464),(421.5 202.4855),(422.5 198.41069),(423.5 188.61954),(424.5 189.83829),(425.5 190.7393),(426.5 186.86813),(427.5 179.55034),(428.5 179.77884),(429.5 173.27962),(430.5 173.47485),(431.5 173.56352),(432.5 170.52444),(433.5 173.92867),(434.5 169.32913),(435.5 168.21811),(436.5 161.01674),(437.5 167.99612),(438.5 162.1399),(439.5 158.9896),(440.5 154.9543),(441.5 151.76706),(442.5 151.3177),(443.5 150.50363),(444.5 149.32472),(445.5 151.49394),(446.5 148.36792),(447.5 143.6228),(448.5 149.08684),(449.5 137.67513),(450.5 137.85933),(451.5 141.26448),(452.5 142.14249),(453.5 140.36943),(454.5 136.70656),(455.5 137.73297),(456.5 134.25787),(457.5 132.44661),(458.5 132.5561),(459.5 127.33868),(460.5 128.18463),(461.5 126.26204),(462.5 124.78187),(463.5 123.26327),(464.5 121.02296),(465.5 123.65526),(466.5 122.10445),(467.5 126.984566),(468.5 119.857124),(469.5 120.73575),(470.5 120.50971),(471.5 120.33366),(472.5 121.251045),(473.5 120.0006),(474.5 116.296455),(475.5 117.96275),(476.5 115.84811),(477.5 118.19438),(478.5 114.30585),(479.5 109.42105),(480.5 112.93207),(481.5 110.90005),(482.5 112.85741),(483.5 111.14856),(484.5 113.21687),(485.5 108.62777),(486.5 108.29145),(487.5 106.1894),(488.5 111.25709),(489.5 111.94735),(490.5 111.148766),(491.5 104.45696),(492.5 107.28182),(493.5 107.15174),(494.5 108.04838),(495.5 104.855736),(496.5 105.58952),(497.5 106.673775),(498.5 104.62445),(499.5 104.657104),
(1.5 9879796),(2.5 8425407),(3.5 13229407),(4.5 12716468),(5.5 18541060),(6.5 14320560),(7.5 11008343),(8.5 10332463),(9.5 6930556.5),(10.5 8992644),(11.5 7347524.5),(12.5 6400231),(13.5 7100163.5),(14.5 5706989),(15.5 4617944.5),(16.5 4203602.5),(17.5 4689848),(18.5 2872995),(19.5 3387797.3),(20.5 2583345.5),(21.5 2284207.5),(22.5 2277241.3),(23.5 1752079.1),(24.5 1821606.8),(25.5 1851340.8),(26.5 1486126.3),(27.5 1506995.3),(28.5 1434535),(29.5 1274481.8),(30.5 1246411.3),(31.5 1171885.3),(32.5 1097915.8),(33.5 1067310.3),(34.5 891864.6),(35.5 882468.25),(36.5 814079.7),(37.5 761706.2),(38.5 668124.25),(39.5 733837.06),(40.5 611585.1),(41.5 616375.6),(42.5 615195.56),(43.5 576994),(44.5 478843.63),(45.5 507706.56),(46.5 462195.72),(47.5 489832.22),(48.5 448706.6),(49.5 432437.28),(50.5 362763.97),(51.5 315557.56),(52.5 332400.9),(53.5 304473.22),(54.5 261041.53),(55.5 272299.3),(56.5 256032.11),(57.5 227871.27),(58.5 202196.02),(59.5 205468.84),(60.5 201935.9),(61.5 214970.95),(62.5 220415.27),(63.5 205459.13),(64.5 193328.75),(65.5 184944.1),(66.5 197885.75),(67.5 178918.45),(68.5 169176.55),(69.5 160771.06),(70.5 155905.3),(71.5 146109.27),(72.5 146622.13),(73.5 142508.36),(74.5 126963.695),(75.5 113643.05),(76.5 107896.41),(77.5 105080.57),(78.5 118841.12),(79.5 117916.17),(80.5 124447.27),(81.5 112265.94),(82.5 104887.664),(83.5 102319.87),(84.5 99630.234),(85.5 93039.305),(86.5 91159.15),(87.5 82123.734),(88.5 84449.375),(89.5 78782.44),(90.5 81500.7),(91.5 75685.305),(92.5 71721.8),(93.5 70943.93),(94.5 69176.4),(95.5 77987.25),(96.5 82591.23),(97.5 74917.92),(98.5 62778.11),(99.5 59774.758),(100.5 60455.215),(101.5 59740.676),(102.5 61518.99),(103.5 60713.24),(104.5 54224.88),(105.5 48931.914),(106.5 48228.184),(107.5 49882.31),(108.5 50849.254),(109.5 50146),(110.5 48138.984),(111.5 46246.137),(112.5 45931.82),(113.5 41917.023),(114.5 38224.24),(115.5 39596.54),(116.5 37702.094),(117.5 37443.594),(118.5 36269.21),(119.5 35455.438),(120.5 35369.02),(121.5 32934.758),(122.5 33241.668),(123.5 34680.34),(124.5 33995.19),(125.5 33817.76),(126.5 29823.742),(127.5 28970.316),(128.5 29595.03),(129.5 28439.318),(130.5 28053.857),(131.5 25525.865),(132.5 26517.627),(133.5 26894.844),(134.5 27866.488),(135.5 24549.291),(136.5 24259.857),(137.5 23901.803),(138.5 25812.465),(139.5 25081.863),(140.5 22830.922),(141.5 23622.139),(142.5 23213.977),(143.5 21301.531),(144.5 21567.85),(145.5 20446.246),(146.5 19508.596),(147.5 19747.336),(148.5 19721.459),(149.5 19675.104),(150.5 19502.148),(151.5 19279.598),(152.5 18319.854),(153.5 17326.803),(154.5 16682.887),(155.5 16477.557),(156.5 15697.815),(157.5 15831.738),(158.5 15288.227),(159.5 15635.776),(160.5 15583.06),(161.5 14818.538),(162.5 13910.319),(163.5 14000.224),(164.5 13204.33),(165.5 13041.407),(166.5 12855.628),(167.5 12726.677),(168.5 12795.822),(169.5 12152.777),(170.5 11607.198),(171.5 11459.293),(172.5 11857.1045),(173.5 11554.84),(174.5 10838.591),(175.5 10693.4375),(176.5 9923.05),(177.5 9870.13),(178.5 9802.693),(179.5 9450.015),(180.5 9576.127),(181.5 9566.379),(182.5 9857.005),(183.5 9795.942),(184.5 9227.921),(185.5 9045.928),(186.5 8265.204),(187.5 8400.939),(188.5 8173.779),(189.5 8050.84),(190.5 8186.719),(191.5 7799.948),(192.5 7925.144),(193.5 7399.492),(194.5 7508.9146),(195.5 7512.9585),(196.5 7319.596),(197.5 7311.5015),(198.5 6508.3),(199.5 6298.125),(200.5 6414.9463),(201.5 6467.2334),(202.5 6471.97),(203.5 6461.085),(204.5 6477.43),(205.5 6202.1265),(206.5 5878.054),(207.5 6040.1216),(208.5 5903.029),(209.5 5865.7466),(210.5 5651.3135),(211.5 5306.3696),(212.5 5309.809),(213.5 5293.6294),(214.5 5260.1514),(215.5 5146.4717),(216.5 5101.7026),(217.5 5096.532),(218.5 5092.1113),(219.5 4775.0166),(220.5 4724.6787),(221.5 4653.7886),(222.5 4501.857),(223.5 4656.0757),(224.5 4247.5674),(225.5 4320.0674),(226.5 4101.36),(227.5 3989.4),(228.5 4010.382),(229.5 3983.9666),(230.5 3899.9036),(231.5 3886.3901),(232.5 3828.8364),(233.5 3710.6287),(234.5 3443.6482),(235.5 3532.3525),(236.5 3549.54),(237.5 3406.387),(238.5 3376.343),(239.5 3286.6091),(240.5 3412.3416),(241.5 3298.028),(242.5 3345.474),(243.5 3149.9067),(244.5 3106.8987),(245.5 3123.5764),(246.5 2919.502),(247.5 2907.459),(248.5 2872.641),(249.5 2745.4749),(250.5 2698.5925),(251.5 2500.922),(252.5 2611.8853),(253.5 2531.797),(254.5 2412.3293),(255.5 2445.2366),(256.5 2432.0483),(257.5 2485.2224),(258.5 2467.4102),(259.5 2321.474),(260.5 2185.2124),(261.5 2174.4326),(262.5 2145.023),(263.5 2065.9373),(264.5 2031.3234),(265.5 2042.5845),(266.5 1996.3799),(267.5 1990.8407),(268.5 1964.7224),(269.5 1924.8713),(270.5 1879.7053),(271.5 1899.7667),(272.5 1880.5408),(273.5 1919.0802),(274.5 1802.736),(275.5 1715.2616),(276.5 1676.8024),(277.5 1635.7711),(278.5 1652.8217),(279.5 1590.9052),(280.5 1555.6271),(281.5 1589.0543),(282.5 1549.0662),(283.5 1544.9955),(284.5 1525.605),(285.5 1496.7694),(286.5 1503.4783),(287.5 1434.2764),(288.5 1348.8507),(289.5 1357.6158),(290.5 1397.699),(291.5 1349.9382),(292.5 1312.438),(293.5 1333.6371),(294.5 1293.4117),(295.5 1283.8185),(296.5 1244.4152),(297.5 1232.8666),(298.5 1174.6094),(299.5 1146.151),(300.5 1146.6106),(301.5 1125.211),(302.5 1114.1594),(303.5 1115.1437),(304.5 1069.9932),(305.5 1070.8942),(306.5 1050.3917),(307.5 1052.6342),(308.5 1036.0288),(309.5 981.21906),(310.5 992.1791),(311.5 967.42676),(312.5 969.86707),(313.5 948.7832),(314.5 938.61487),(315.5 921.4751),(316.5 917.8138),(317.5 902.45465),(318.5 871.70544),(319.5 885.0093),(320.5 853.9382),(321.5 843.15405),(322.5 822.00037),(323.5 828.9134),(324.5 809.1195),(325.5 783.1613),(326.5 762.3114),(327.5 770.1185),(328.5 735.9989),(329.5 732.12445),(330.5 701.79),(331.5 709.0579),(332.5 710.6468),(333.5 714.1661),(334.5 681.5755),(335.5 661.8539),(336.5 652.1604),(337.5 643.63684),(338.5 632.1439),(339.5 620.97394),(340.5 595.1861),(341.5 596.3311),(342.5 596.0283),(343.5 588.07153),(344.5 598.3365),(345.5 563.1781),(346.5 568.32275),(347.5 555.25665),(348.5 555.4875),(349.5 537.3512),(350.5 540.1074),(351.5 520.775),(352.5 514.3938),(353.5 519.7831),(354.5 518.66516),(355.5 489.3213),(356.5 491.12665),(357.5 466.3793),(358.5 485.8528),(359.5 481.51318),(360.5 447.7177),(361.5 463.38562),(362.5 441.74677),(363.5 431.5711),(364.5 428.787),(365.5 418.80664),(366.5 411.34448),(367.5 419.38788),(368.5 421.71817),(369.5 419.6462),(370.5 398.43567),(371.5 398.48083),(372.5 382.99493),(373.5 366.98282),(374.5 354.44583),(375.5 365.83127),(376.5 354.7821),(377.5 344.1008),(378.5 349.3263),(379.5 347.6553),(380.5 340.46246),(381.5 348.78333),(382.5 355.69806),(383.5 345.9169),(384.5 338.9208),(385.5 328.356),(386.5 309.95462),(387.5 303.3118),(388.5 299.3829),(389.5 286.85617),(390.5 302.23965),(391.5 290.46967),(392.5 293.4354),(393.5 292.59796),(394.5 281.35016),(395.5 291.61713),(396.5 273.67285),(397.5 271.12378),(398.5 280.55838),(399.5 276.5624),(400.5 264.50934),(401.5 258.29947),(402.5 256.01147),(403.5 253.1127),(404.5 254.66512),(405.5 248.1373),(406.5 234.59114),(407.5 238.99092),(408.5 235.14517),(409.5 232.2211),(410.5 219.77942),(411.5 222.29921),(412.5 229.68724),(413.5 216.87408),(414.5 214.9108),(415.5 210.6367),(416.5 214.01186),(417.5 209.45953),(418.5 213.33517),(419.5 206.1748),(420.5 204.88078),(421.5 202.92136),(422.5 198.6769),(423.5 191.67812),(424.5 191.65758),(425.5 191.44376),(426.5 186.24365),(427.5 179.05591),(428.5 181.1153),(429.5 174.98677),(430.5 174.10655),(431.5 175.05759),(432.5 169.41647),(433.5 173.28697),(434.5 170.39015),(435.5 169.5045),(436.5 160.67117),(437.5 168.34445),(438.5 162.37991),(439.5 159.65305),(440.5 155.12616),(441.5 152.53256),(442.5 152.5872),(443.5 152.16582),(444.5 151.45387),(445.5 151.34921),(446.5 147.27985),(447.5 143.51877),(448.5 148.78937),(449.5 138.21118),(450.5 138.46724),(451.5 141.66444),(452.5 142.46921),(453.5 139.98706),(454.5 137.42966),(455.5 138.69873),(456.5 134.6471),(457.5 132.79071),(458.5 135.22412),(459.5 128.43173),(460.5 127.503136),(461.5 125.77443),(462.5 124.55719),(463.5 122.70115),(464.5 121.42208),(465.5 122.93266),(466.5 122.74671),(467.5 127.242134),(468.5 121.092316),(469.5 120.67764),(470.5 120.18388),(471.5 120.94825),(472.5 121.269356),(473.5 120.396835),(474.5 116.963905),(475.5 117.76747),(476.5 116.40846),(477.5 117.01196),(478.5 114.0928),(479.5 109.851326),(480.5 113.05862),(481.5 110.602356),(482.5 113.00911),(483.5 111.40727),(484.5 113.7682),(485.5 107.416985),(486.5 107.71917),(487.5 106.703575),(488.5 113.16868),(489.5 111.09488),(490.5 111.2985),(491.5 105.75664),(492.5 108.62145),(493.5 106.78069),(494.5 108.256256),(495.5 104.60867),(496.5 104.412865),(497.5 107.15092),(498.5 105.31869),(499.5 104.34428),
(1.5 10027742),(2.5 8560910),(3.5 13535535),(4.5 13007310),(5.5 18724346),(6.5 14386070),(7.5 10979751),(8.5 10346957),(9.5 6894372),(10.5 8969124),(11.5 7421812),(12.5 6398084),(13.5 7105248.5),(14.5 5763894),(15.5 4652660.5),(16.5 4206617.5),(17.5 4640722),(18.5 2881208.3),(19.5 3391641.3),(20.5 2586243),(21.5 2281480.3),(22.5 2269576.8),(23.5 1745189.3),(24.5 1803772.5),(25.5 1840163.9),(26.5 1464882.4),(27.5 1480410.1),(28.5 1454159.3),(29.5 1278830.1),(30.5 1241807.4),(31.5 1159151.9),(32.5 1107781.1),(33.5 1059799.6),(34.5 881554.4),(35.5 871102.06),(36.5 795444.06),(37.5 751062.4),(38.5 667067.75),(39.5 721374.4),(40.5 613109.8),(41.5 619902.8),(42.5 611417.3),(43.5 572473.3),(44.5 479297.88),(45.5 503861.28),(46.5 459425.2),(47.5 488522.9),(48.5 440845.72),(49.5 426424.4),(50.5 357399),(51.5 309810.25),(52.5 330943.56),(53.5 301290.44),(54.5 261594.28),(55.5 275565.8),(56.5 252879.08),(57.5 222762.28),(58.5 204674.88),(59.5 207030.14),(60.5 202821.9),(61.5 218069.31),(62.5 222193.05),(63.5 206546.53),(64.5 196393.75),(65.5 188008.55),(66.5 199105.2),(67.5 180525.9),(68.5 170165.05),(69.5 163681.23),(70.5 157614.83),(71.5 148054.08),(72.5 147350.69),(73.5 142236.05),(74.5 126028.55),(75.5 113478.53),(76.5 107112.945),(77.5 105227.04),(78.5 117960.516),(79.5 117994.836),(80.5 126143.586),(81.5 113258.4),(82.5 105253.64),(83.5 102212.555),(84.5 98192.766),(85.5 91606.24),(86.5 90779.13),(87.5 81983.73),(88.5 83647.734),(89.5 78204.38),(90.5 80743.09),(91.5 76267.805),(92.5 72055.59),(93.5 71596.86),(94.5 69507.73),(95.5 79048.016),(96.5 82805.98),(97.5 75249.586),(98.5 62945.348),(99.5 60409.7),(100.5 60796.484),(101.5 59535.48),(102.5 61839.31),(103.5 60449.844),(104.5 53688.4),(105.5 49134.22),(106.5 48038.098),(107.5 50320.734),(108.5 50803.977),(109.5 50084.734),(110.5 48041.24),(111.5 45865.75),(112.5 46154.074),(113.5 42220.12),(114.5 38833.965),(115.5 39449.035),(116.5 37150.473),(117.5 37050.066),(118.5 36736.113),(119.5 36035.152),(120.5 36256.43),(121.5 33562.15),(122.5 33358.01),(123.5 34935.254),(124.5 34356.793),(125.5 33604.7),(126.5 29716.469),(127.5 28901.023),(128.5 29339.854),(129.5 28173.424),(130.5 27888.887),(131.5 25398.201),(132.5 26403.004),(133.5 26983.264),(134.5 27639.217),(135.5 24591.258),(136.5 24336.26),(137.5 24004.928),(138.5 25950.813),(139.5 25009.72),(140.5 22966.686),(141.5 24033.979),(142.5 23311.412),(143.5 21322.537),(144.5 21510.512),(145.5 20189.77),(146.5 19603.63),(147.5 19583.7),(148.5 19615.732),(149.5 19805.908),(150.5 19695.111),(151.5 19311.36),(152.5 18419.43),(153.5 17429.87),(154.5 16640.783),(155.5 16600.535),(156.5 15741.632),(157.5 15855.752),(158.5 15190.078),(159.5 15678.062),(160.5 15685.153),(161.5 14781.656),(162.5 14012.218),(163.5 13857.83),(164.5 13166.538),(165.5 12965.179),(166.5 12791.759),(167.5 12713.539),(168.5 12805.08),(169.5 12075.829),(170.5 11660.322),(171.5 11600.658),(172.5 11852.439),(173.5 11562.1455),(174.5 10862.64),(175.5 10799.912),(176.5 10023.491),(177.5 10032.385),(178.5 10001.455),(179.5 9471.237),(180.5 9623.282),(181.5 9694.248),(182.5 9869.042),(183.5 9791.276),(184.5 9317.266),(185.5 9078.139),(186.5 8214.081),(187.5 8399.982),(188.5 8251.9795),(189.5 8107.7383),(190.5 8249.633),(191.5 7766.9854),(192.5 7932.185),(193.5 7458.533),(194.5 7637.9937),(195.5 7586.258),(196.5 7320.131),(197.5 7295.6377),(198.5 6594.038),(199.5 6272.444),(200.5 6438.2456),(201.5 6473.713),(202.5 6466.504),(203.5 6552.2114),(204.5 6554.063),(205.5 6242.8965),(206.5 5859.837),(207.5 5994.81),(208.5 5887.96),(209.5 5863.829),(210.5 5712.1914),(211.5 5374.993),(212.5 5401.0874),(213.5 5309.509),(214.5 5250.6934),(215.5 5167.249),(216.5 5092.41),(217.5 5162.311),(218.5 5168.2617),(219.5 4777.408),(220.5 4736.44),(221.5 4644.8325),(222.5 4473.8076),(223.5 4591.2983),(224.5 4252.4453),(225.5 4341.03),(226.5 4140.6733),(227.5 4012.6528),(228.5 4026.9048),(229.5 4025.614),(230.5 3929.461),(231.5 3913.505),(232.5 3831.4143),(233.5 3718.1392),(234.5 3435.8667),(235.5 3493.2144),(236.5 3521.814),(237.5 3398.9333),(238.5 3403.3533),(239.5 3293.7327),(240.5 3353.3674),(241.5 3262.5056),(242.5 3305.8652),(243.5 3159.0999),(244.5 3125.114),(245.5 3104.82),(246.5 2915.5615),(247.5 2944.519),(248.5 2889.451),(249.5 2746.8728),(250.5 2704.9133),(251.5 2515.091),(252.5 2591.1946),(253.5 2505.2131),(254.5 2428.2336),(255.5 2439.1511),(256.5 2417.487),(257.5 2475.8093),(258.5 2466.8523),(259.5 2340.136),(260.5 2205.304),(261.5 2188.1094),(262.5 2146.8896),(263.5 2071.8145),(264.5 2040.0804),(265.5 2042.8567),(266.5 1982.2281),(267.5 2010.9232),(268.5 1983.5101),(269.5 1941.5225),(270.5 1904.8237),(271.5 1907.2832),(272.5 1896.6013),(273.5 1934.0436),(274.5 1824.2236),(275.5 1738.306),(276.5 1686.4664),(277.5 1646.1003),(278.5 1672.585),(279.5 1603.3942),(280.5 1553.5712),(281.5 1584.8882),(282.5 1549.391),(283.5 1551.1992),(284.5 1541.6554),(285.5 1504.5342),(286.5 1494.406),(287.5 1430.6808),(288.5 1346.7102),(289.5 1359.4614),(290.5 1401.5287),(291.5 1372.3093),(292.5 1323.1115),(293.5 1336.7152),(294.5 1292.1227),(295.5 1282.694),(296.5 1242.4481),(297.5 1239.943),(298.5 1178.0776),(299.5 1150.886),(300.5 1148.7328),(301.5 1131.2115),(302.5 1117.5657),(303.5 1111.0137),(304.5 1077.5071),(305.5 1073.8519),(306.5 1058.5712),(307.5 1059.8711),(308.5 1042.7596),(309.5 994.0565),(310.5 992.89545),(311.5 982.8852),(312.5 985.4044),(313.5 962.79095),(314.5 947.99243),(315.5 939.24567),(316.5 918.185),(317.5 909.2774),(318.5 883.6524),(319.5 883.17365),(320.5 856.3211),(321.5 850.8484),(322.5 826.6694),(323.5 830.3348),(324.5 809.043),(325.5 780.44025),(326.5 762.4955),(327.5 771.9405),(328.5 740.1693),(329.5 735.2616),(330.5 707.3384),(331.5 715.96545),(332.5 705.7476),(333.5 718.29663),(334.5 686.6386),(335.5 663.1552),(336.5 654.917),(337.5 645.8256),(338.5 634.31635),(339.5 626.5194),(340.5 596.76434),(341.5 607.4693),(342.5 604.9953),(343.5 595.7712),(344.5 603.22345),(345.5 559.86774),(346.5 568.447),(347.5 551.7989),(348.5 561.561),(349.5 545.38165),(350.5 541.32416),(351.5 517.4295),(352.5 513.4424),(353.5 516.23395),(354.5 512.97266),(355.5 488.40012),(356.5 492.22546),(357.5 469.67413),(358.5 489.1679),(359.5 480.02567),(360.5 446.88898),(361.5 465.81622),(362.5 443.51663),(363.5 434.60144),(364.5 431.76645),(365.5 424.5201),(366.5 411.08316),(367.5 417.1039),(368.5 422.52356),(369.5 422.4499),(370.5 399.8456),(371.5 399.73917),(372.5 389.61496),(373.5 371.42166),(374.5 356.10367),(375.5 363.93912),(376.5 353.86005),(377.5 340.81476),(378.5 347.1482),(379.5 346.47516),(380.5 343.36197),(381.5 350.3507),(382.5 355.9764),(383.5 347.6994),(384.5 340.84592),(385.5 332.05014),(386.5 307.24884),(387.5 302.53635),(388.5 301.31403),(389.5 290.31805),(390.5 304.4457),(391.5 292.9731),(392.5 295.4688),(393.5 291.6316),(394.5 281.73724),(395.5 288.5619),(396.5 272.3154),(397.5 272.98148),(398.5 280.39703),(399.5 277.69003),(400.5 266.40485),(401.5 260.42023),(402.5 259.01395),(403.5 255.77519),(404.5 254.95538),(405.5 250.75502),(406.5 233.42982),(407.5 241.489),(408.5 234.61983),(409.5 232.6818),(410.5 220.4353),(411.5 222.44196),(412.5 228.79666),(413.5 216.35641),(414.5 214.99268),(415.5 211.81464),(416.5 213.99019),(417.5 209.50432),(418.5 214.18582),(419.5 205.8719),(420.5 205.90485),(421.5 204.34917),(422.5 199.40454),(423.5 193.37743),(424.5 192.82042),(425.5 192.41599),(426.5 186.02898),(427.5 181.93962),(428.5 182.35912),(429.5 176.43446),(430.5 176.61383),(431.5 175.78577),(432.5 170.61526),(433.5 173.20517),(434.5 170.78665),(435.5 169.89485),(436.5 161.96729),(437.5 167.71452),(438.5 162.16841),(439.5 159.52748),(440.5 154.3783),(441.5 154.98648),(442.5 153.91444),(443.5 153.8591),(444.5 152.06862),(445.5 151.04907),(446.5 148.19809),(447.5 146.01997),(448.5 151.64676),(449.5 139.20822),(450.5 139.67436),(451.5 142.99963),(452.5 143.90187),(453.5 140.31564),(454.5 137.36777),(455.5 140.10385),(456.5 135.5762),(457.5 133.0884),(458.5 135.59932),(459.5 129.63644),(460.5 127.71299),(461.5 125.99684),(462.5 125.16429),(463.5 123.40416),(464.5 120.94972),(465.5 124.923065),(466.5 123.05377),(467.5 128.07146),(468.5 121.001884),(469.5 120.58861),(470.5 121.060715),(471.5 121.59942),(472.5 121.92107),(473.5 119.55226),(474.5 116.938835),(475.5 116.99135),(476.5 116.395325),(477.5 117.5248),(478.5 113.97388),(479.5 109.48548),(480.5 113.870255),(481.5 110.44615),(482.5 112.4558),(483.5 111.204895),(484.5 114.607864),(485.5 109.522705),(486.5 108.508514),(487.5 106.85089),(488.5 113.347824),(489.5 110.800476),(490.5 110.21966),(491.5 105.889404),(492.5 108.574524),(493.5 107.22696),(494.5 108.273125),(495.5 105.48583),(496.5 105.13939),(497.5 106.714615),(498.5 104.58312),(499.5 104.84742),
(1.5 10253393),(2.5 8736993),(3.5 13755868),(4.5 13278740),(5.5 18822322),(6.5 14452789),(7.5 10929270),(8.5 10361058),(9.5 6849017),(10.5 8960597),(11.5 7496064),(12.5 6395714),(13.5 7112745.5),(14.5 5808571.5),(15.5 4682921.5),(16.5 4199820),(17.5 4580614),(18.5 2891951.5),(19.5 3397416.8),(20.5 2592881.8),(21.5 2289135.5),(22.5 2274021.3),(23.5 1738270.6),(24.5 1791215.3),(25.5 1823976.8),(26.5 1452346.5),(27.5 1455437.8),(28.5 1473257.4),(29.5 1282409.9),(30.5 1233865.9),(31.5 1148873.3),(32.5 1115681.6),(33.5 1053670.8),(34.5 871252.25),(35.5 859247.1),(36.5 780219.2),(37.5 738866.94),(38.5 666468.2),(39.5 710418.8),(40.5 612452.94),(41.5 623483.94),(42.5 607210.1),(43.5 565989.1),(44.5 478188.44),(45.5 496944.34),(46.5 458570.63),(47.5 483714.9),(48.5 435359.66),(49.5 420365.78),(50.5 350765.78),(51.5 304336.25),(52.5 328847.06),(53.5 297576.47),(54.5 262771.16),(55.5 278995.63),(56.5 249016.69),(57.5 217905.05),(58.5 205358.7),(59.5 208785.89),(60.5 203424.53),(61.5 220936.94),(62.5 225216.9),(63.5 208762.77),(64.5 200908.27),(65.5 190872.23),(66.5 199829.11),(67.5 181206.02),(68.5 171816.05),(69.5 167064.27),(70.5 159012.5),(71.5 149590.36),(72.5 148296.14),(73.5 142627.95),(74.5 125442.14),(75.5 113596.92),(76.5 106920.09),(77.5 105347.95),(78.5 117060.52),(79.5 117782.81),(80.5 127920.99),(81.5 114586.875),(82.5 105746.21),(83.5 101041.875),(84.5 96029.57),(85.5 89695.55),(86.5 89538.445),(87.5 81963.52),(88.5 82704.39),(89.5 78343.97),(90.5 80215.19),(91.5 77153.97),(92.5 72318.93),(93.5 72546.04),(94.5 69149.78),(95.5 79268.414),(96.5 82494.805),(97.5 75351.85),(98.5 63607.477),(99.5 60578.555),(100.5 60692.1),(101.5 59463.945),(102.5 61846.566),(103.5 59935.824),(104.5 53401.65),(105.5 49479.73),(106.5 47930.434),(107.5 50572.55),(108.5 50566.31),(109.5 50037.086),(110.5 47829.06),(111.5 45337.797),(112.5 46154.543),(113.5 42818.734),(114.5 39681.66),(115.5 39663.027),(116.5 36896.707),(117.5 37031.293),(118.5 37235.434),(119.5 36873.81),(120.5 37151.29),(121.5 34293.547),(122.5 33380.09),(123.5 35151.08),(124.5 34794.656),(125.5 33013.67),(126.5 29685.438),(127.5 28750.49),(128.5 29166.262),(129.5 28028.963),(130.5 27733.5),(131.5 25503.105),(132.5 26213.244),(133.5 27005.035),(134.5 27493.227),(135.5 24803.605),(136.5 24402.291),(137.5 24111.703),(138.5 25774.922),(139.5 24781.36),(140.5 23273.623),(141.5 24368.662),(142.5 23454.385),(143.5 21303.25),(144.5 21522.816),(145.5 20109.771),(146.5 19548.209),(147.5 19567.074),(148.5 19473.174),(149.5 19903.424),(150.5 19899.65),(151.5 19359.602),(152.5 18476.809),(153.5 17547.826),(154.5 16708.46),(155.5 16824.22),(156.5 15951.004),(157.5 15852.124),(158.5 15034.619),(159.5 15711.746),(160.5 15538.316),(161.5 14643.073),(162.5 13903.155),(163.5 13774.851),(164.5 13073.125),(165.5 12926.532),(166.5 12892.048),(167.5 12855.818),(168.5 12946.91),(169.5 12050.236),(170.5 11763.204),(171.5 11819.556),(172.5 12058.195),(173.5 11731.47),(174.5 11011.39),(175.5 10930.625),(176.5 10203.712),(177.5 10122.649),(178.5 10139.686),(179.5 9542.32),(180.5 9642.495),(181.5 9659.812),(182.5 9871.247),(183.5 9779.993),(184.5 9329.308),(185.5 9102.726),(186.5 8300.959),(187.5 8463.529),(188.5 8388.666),(189.5 8190.9873),(190.5 8326.998),(191.5 7790.1494),(192.5 7942.9746),(193.5 7476.963),(194.5 7671.7896),(195.5 7659.207),(196.5 7350.5977),(197.5 7254.543),(198.5 6692.139),(199.5 6199.398),(200.5 6374.591),(201.5 6470.981),(202.5 6430.052),(203.5 6530.83),(204.5 6524.135),(205.5 6258.684),(206.5 6000.873),(207.5 6069.515),(208.5 5975.7393),(209.5 5939.999),(210.5 5779.191),(211.5 5449.4683),(212.5 5524.4976),(213.5 5384.257),(214.5 5283.197),(215.5 5178.6514),(216.5 5101.536),(217.5 5120.571),(218.5 5175.2046),(219.5 4800.661),(220.5 4711.3833),(221.5 4662.7456),(222.5 4533.393),(223.5 4651.1396),(224.5 4284.9194),(225.5 4292.17),(226.5 4135.527),(227.5 4052.9863),(228.5 4055.358),(229.5 4060.973),(230.5 3999.14),(231.5 3980.96),(232.5 3837.4163),(233.5 3711.4368),(234.5 3481.9915),(235.5 3511.1794),(236.5 3549.2234),(237.5 3469.279),(238.5 3452.3918),(239.5 3339.7402),(240.5 3388.6284),(241.5 3236.055),(242.5 3278.5745),(243.5 3180.2354),(244.5 3110.947),(245.5 3117.2363),(246.5 2928.9746),(247.5 2969.9287),(248.5 2892.7073),(249.5 2752.4736),(250.5 2708.6392),(251.5 2534.668),(252.5 2598.746),(253.5 2521.7664),(254.5 2462.3684),(255.5 2475.326),(256.5 2435.3062),(257.5 2491.385),(258.5 2487.0215),(259.5 2371.1992),(260.5 2266.997),(261.5 2232.2786),(262.5 2177.1958),(263.5 2088.3057),(264.5 2070.9949),(265.5 2058.9268),(266.5 2022.6295),(267.5 2020.1812),(268.5 1989.355),(269.5 1959.591),(270.5 1924.0371),(271.5 1960.4503),(272.5 1953.3151),(273.5 1957.9519),(274.5 1837.988),(275.5 1752.2919),(276.5 1721.9741),(277.5 1667.5237),(278.5 1705.0996),(279.5 1641.0176),(280.5 1590.3882),(281.5 1619.9443),(282.5 1581.5087),(283.5 1592.7524),(284.5 1581.8668),(285.5 1546.9773),(286.5 1511.2877),(287.5 1469.5604),(288.5 1389.306),(289.5 1396.4242),(290.5 1424.5571),(291.5 1397.6345),(292.5 1351.0847),(293.5 1351.2501),(294.5 1302.2938),(295.5 1300.1201),(296.5 1247.3728),(297.5 1240.1752),(298.5 1178.0747),(299.5 1152.7917),(300.5 1175.9753),(301.5 1150.8752),(302.5 1121.6515),(303.5 1129.8108),(304.5 1095.7113),(305.5 1082.9513),(306.5 1064.5734),(307.5 1071.434),(308.5 1054.5452),(309.5 1017.6527),(310.5 1013.97424),(311.5 1003.2861),(312.5 989.2288),(313.5 976.7996),(314.5 968.59845),(315.5 959.4177),(316.5 926.6496),(317.5 936.2287),(318.5 903.41425),(319.5 894.99036),(320.5 878.5487),(321.5 858.8079),(322.5 841.49316),(323.5 854.1223),(324.5 820.85535),(325.5 801.121),(326.5 779.61725),(327.5 785.24347),(328.5 758.0748),(329.5 753.9352),(330.5 719.82526),(331.5 723.7531),(332.5 717.5507),(333.5 738.5625),(334.5 698.9005),(335.5 673.3548),(336.5 648.3286),(337.5 650.7536),(338.5 640.7278),(339.5 635.7951),(340.5 613.8177),(341.5 605.7784),(342.5 604.64166),(343.5 606.5813),(344.5 611.0005),(345.5 572.8473),(346.5 580.325),(347.5 562.2918),(348.5 565.8998),(349.5 554.88745),(350.5 550.41565),(351.5 523.6126),(352.5 522.0054),(353.5 523.7226),(354.5 516.5528),(355.5 496.04758),(356.5 500.1398),(357.5 480.3686),(358.5 496.9916),(359.5 488.58112),(360.5 453.4859),(361.5 464.32083),(362.5 445.46454),(363.5 436.08813),(364.5 436.5958),(365.5 427.53525),(366.5 418.67224),(367.5 420.00192),(368.5 426.5305),(369.5 421.84537),(370.5 403.98685),(371.5 404.85397),(372.5 391.98322),(373.5 376.5873),(374.5 355.9678),(375.5 367.36108),(376.5 355.94315),(377.5 344.08752),(378.5 345.97888),(379.5 347.2753),(380.5 348.13916),(381.5 357.11493),(382.5 352.65417),(383.5 347.9002),(384.5 340.14508),(385.5 331.8233),(386.5 308.24783),(387.5 302.72916),(388.5 303.1405),(389.5 291.90952),(390.5 303.78796),(391.5 292.80353),(392.5 298.5122),(393.5 292.87726),(394.5 287.5565),(395.5 290.77274),(396.5 276.05096),(397.5 275.0597),(398.5 279.76758),(399.5 276.02664),(400.5 266.8284),(401.5 262.22162),(402.5 258.69144),(403.5 253.31229),(404.5 259.2935),(405.5 249.24959),(406.5 233.30418),(407.5 240.05246),(408.5 234.4301),(409.5 233.46033),(410.5 223.03401),(411.5 225.58063),(412.5 229.8665),(413.5 219.3366),(414.5 218.26454),(415.5 215.07655),(416.5 214.84238),(417.5 209.92174),(418.5 216.24101),(419.5 209.08003),(420.5 209.27298),(421.5 204.03471),(422.5 201.09459),(423.5 193.97308),(424.5 195.36546),(425.5 193.58652),(426.5 188.61224),(427.5 183.15393),(428.5 185.4028),(429.5 179.44962),(430.5 179.33038),(431.5 177.53983),(432.5 174.00327),(433.5 175.47002),(434.5 172.23741),(435.5 171.15945),(436.5 163.30502),(437.5 168.82457),(438.5 162.92523),(439.5 159.44121),(440.5 156.35034),(441.5 154.92542),(442.5 154.3985),(443.5 153.19728),(444.5 151.25542),(445.5 150.58614),(446.5 148.21349),(447.5 145.72621),(448.5 150.06682),(449.5 139.50684),(450.5 141.40466),(451.5 145.28326),(452.5 144.62715),(453.5 141.93513),(454.5 138.08685),(455.5 141.36769),(456.5 136.40535),(457.5 134.2985),(458.5 136.24792),(459.5 129.04561),(460.5 128.40182),(461.5 125.97126),(462.5 126.353195),(463.5 124.64945),(464.5 122.3589),(465.5 125.757225),(466.5 123.74197),(467.5 129.1255),(468.5 123.57662),(469.5 122.52644),(470.5 122.15131),(471.5 121.99877),(472.5 123.87833),(473.5 120.99559),(474.5 117.62825),(475.5 117.59325),(476.5 117.706215),(477.5 117.265114),(478.5 113.29933),(479.5 110.09164),(480.5 113.15604),(481.5 110.55317),(482.5 112.99337),(483.5 111.37878),(484.5 114.121315),(485.5 109.7078),(486.5 109.020966),(487.5 107.77543),(488.5 114.577095),(489.5 113.84822),(490.5 111.060295),(491.5 107.64022),(492.5 109.43962),(493.5 107.63489),(494.5 109.52473),(495.5 106.01534),(496.5 106.22074),(497.5 107.237076),(498.5 105.74184),(499.5 105.76223),
(1.5 10327740),(2.5 8796314),(3.5 13912819),(4.5 13552281),(5.5 18836404),(6.5 14502184),(7.5 10867212),(8.5 10366375),(9.5 6808208),(10.5 8940003),(11.5 7552219.5),(12.5 6389661),(13.5 7121910.5),(14.5 5841438.5),(15.5 4699484),(16.5 4200095),(17.5 4513375),(18.5 2895493.3),(19.5 3395297.8),(20.5 2600673.5),(21.5 2301076.8),(22.5 2284119.8),(23.5 1732328.5),(24.5 1779450.6),(25.5 1812400),(26.5 1444265.6),(27.5 1436259.5),(28.5 1493649.4),(29.5 1287058.8),(30.5 1225377.6),(31.5 1137425.6),(32.5 1123507.8),(33.5 1048053.44),(34.5 863470.8),(35.5 848892.1),(36.5 767632.8),(37.5 729894.5),(38.5 667447.1),(39.5 704481.4),(40.5 612792.9),(41.5 625146.2),(42.5 600197.94),(43.5 559965.4),(44.5 475613.63),(45.5 488782.1),(46.5 457434.13),(47.5 477323.56),(48.5 430121.72),(49.5 412469.6),(50.5 345088.22),(51.5 299849.1),(52.5 327311.3),(53.5 294356.06),(54.5 263904.34),(55.5 282090.1),(56.5 246188.2),(57.5 215945.16),(58.5 206632.05),(59.5 211629.72),(60.5 204593.58),(61.5 223493.25),(62.5 228398.97),(63.5 210467.33),(64.5 204129.28),(65.5 192587.34),(66.5 199855.17),(67.5 181006.11),(68.5 172583.8),(69.5 170440.47),(70.5 159999.89),(71.5 150240.4),(72.5 147471.9),(73.5 143459.17),(74.5 126234.54),(75.5 114591.664),(76.5 108113.32),(77.5 106106.03),(78.5 116615.77),(79.5 118161.234),(80.5 129900.43),(81.5 116399.28),(82.5 106324.26),(83.5 99640.125),(84.5 94626.84),(85.5 87891.47),(86.5 89456.484),(87.5 82900.79),(88.5 82690.19),(89.5 79073.3),(90.5 80406.3),(91.5 78078.95),(92.5 72965.22),(93.5 73393.71),(94.5 69038.04),(95.5 79157.625),(96.5 82010.98),(97.5 74687.61),(98.5 64000.62),(99.5 60500.098),(100.5 60186.02),(101.5 59330.297),(102.5 61928.19),(103.5 59575.75),(104.5 53507.566),(105.5 49764.715),(106.5 47894.848),(107.5 50616.7),(108.5 50487.688),(109.5 50065.406),(110.5 48155.74),(111.5 45397.324),(112.5 46377.004),(113.5 43319.563),(114.5 40456.57),(115.5 39738.766),(116.5 36939.402),(117.5 37090.574),(118.5 37364.656),(119.5 37117.19),(120.5 37812.746),(121.5 34947.707),(122.5 33708.902),(123.5 35447.44),(124.5 35017.004),(125.5 32512.945),(126.5 29575.69),(127.5 28490.365),(128.5 29244.652),(129.5 28202.95),(130.5 27548.719),(131.5 25661.715),(132.5 26305.367),(133.5 27375.52),(134.5 27739.773),(135.5 24936.516),(136.5 24406.686),(137.5 24162.303),(138.5 25569.69),(139.5 24662.816),(140.5 23581.31),(141.5 24388.809),(142.5 23501.77),(143.5 21242.322),(144.5 21481.732),(145.5 20180.344),(146.5 19501.754),(147.5 19803.326),(148.5 19425.232),(149.5 20084.377),(150.5 20000.693),(151.5 19543.857),(152.5 18627.82),(153.5 17893.71),(154.5 16841.197),(155.5 16883.227),(156.5 16018.149),(157.5 16014.199),(158.5 15196.863),(159.5 15829.798),(160.5 15359.789),(161.5 14602.85),(162.5 13956.808),(163.5 13849.56),(164.5 13145.194),(165.5 12921.66),(166.5 13023.865),(167.5 13087.998),(168.5 13085.448),(169.5 11980.792),(170.5 11881.415),(171.5 11959.058),(172.5 12200.396),(173.5 11926.493),(174.5 11079.62),(175.5 11027.908),(176.5 10314.276),(177.5 10137.646),(178.5 10186.287),(179.5 9574.429),(180.5 9663.932),(181.5 9644.691),(182.5 9988.076),(183.5 9740.669),(184.5 9414.681),(185.5 9169.801),(186.5 8366.514),(187.5 8527.495),(188.5 8400.919),(189.5 8155.1704),(190.5 8312.862),(191.5 7767.151),(192.5 7980.3975),(193.5 7551.4395),(194.5 7709.7656),(195.5 7654.448),(196.5 7391.8374),(197.5 7236.0474),(198.5 6638.041),(199.5 6185.102),(200.5 6331.8423),(201.5 6522.549),(202.5 6437.6826),(203.5 6547.134),(204.5 6517.984),(205.5 6309.4434),(206.5 6056.596),(207.5 6096.5776),(208.5 5991.173),(209.5 5980.2534),(210.5 5828.023),(211.5 5480.6426),(212.5 5547.126),(213.5 5370.673),(214.5 5324.744),(215.5 5159.0933),(216.5 5085.318),(217.5 5084.606),(218.5 5091.191),(219.5 4777.1187),(220.5 4669.6523),(221.5 4684.557),(222.5 4545.236),(223.5 4696.3574),(224.5 4277.8184),(225.5 4277.722),(226.5 4130.742),(227.5 4055.4727),(228.5 4074.8525),(229.5 4074.7053),(230.5 4053.567),(231.5 4009.9153),(232.5 3807.2388),(233.5 3695.7412),(234.5 3478.4368),(235.5 3513.0583),(236.5 3552.1558),(237.5 3471.3022),(238.5 3470.1785),(239.5 3372.7737),(240.5 3401.0803),(241.5 3225.649),(242.5 3243.8027),(243.5 3209.1614),(244.5 3108.178),(245.5 3117.304),(246.5 2909.3015),(247.5 2982.0447),(248.5 2879.976),(249.5 2728.7732),(250.5 2703.2747),(251.5 2531.9478),(252.5 2606.1785),(253.5 2534.2834),(254.5 2474.319),(255.5 2505.2754),(256.5 2445.0503),(257.5 2483.0518),(258.5 2489.9153),(259.5 2379.2246),(260.5 2281.7888),(261.5 2240.9634),(262.5 2179.3376),(263.5 2088.5022),(264.5 2107.4158),(265.5 2091.392),(266.5 2039.2743),(267.5 2015.4387),(268.5 1971.0554),(269.5 1966.6322),(270.5 1936.4766),(271.5 1953.085),(272.5 1965.9155),(273.5 1955.4058),(274.5 1828.77),(275.5 1750.2023),(276.5 1721.9142),(277.5 1651.0679),(278.5 1707.3854),(279.5 1634.7128),(280.5 1588.8842),(281.5 1620.8152),(282.5 1577.8033),(283.5 1606.2859),(284.5 1584.6941),(285.5 1553.197),(286.5 1513.3549),(287.5 1451.8632),(288.5 1394.2131),(289.5 1391.571),(290.5 1405.2667),(291.5 1390.3184),(292.5 1342.6852),(293.5 1347.8986),(294.5 1303.3771),(295.5 1309.1293),(296.5 1251.6608),(297.5 1241.1046),(298.5 1181.6447),(299.5 1156.8094),(300.5 1180.0402),(301.5 1143.3839),(302.5 1109.0546),(303.5 1134.2191),(304.5 1102.8663),(305.5 1087.3127),(306.5 1060.0934),(307.5 1073.5192),(308.5 1050.7944),(309.5 1023.2124),(310.5 1024.9565),(311.5 1009.90625),(312.5 993.46906),(313.5 973.67535),(314.5 973.255),(315.5 954.1723),(316.5 928.4332),(317.5 937.19995),(318.5 896.2962),(319.5 894.3389),(320.5 880.35986),(321.5 851.98395),(322.5 837.31165),(323.5 861.40753),(324.5 823.7038),(325.5 795.42084),(326.5 777.3049),(327.5 785.91516),(328.5 756.0773),(329.5 753.22644),(330.5 724.44745),(331.5 726.2191),(332.5 716.0174),(333.5 732.0004),(334.5 698.2672),(335.5 679.0927),(336.5 655.048),(337.5 644.40076),(338.5 639.10754),(339.5 637.30566),(340.5 611.8083),(341.5 597.9398),(342.5 603.6618),(343.5 604.7969),(344.5 608.8342),(345.5 574.70557),(346.5 585.1802),(347.5 563.01),(348.5 567.19995),(349.5 552.0046),(350.5 544.9876),(351.5 518.99097),(352.5 522.9603),(353.5 522.41724),(354.5 517.2426),(355.5 492.67484),(356.5 500.14505),(357.5 479.3906),(358.5 496.66745),(359.5 485.6959),(360.5 447.63654),(361.5 462.1041),(362.5 443.04828),(363.5 433.08823),(364.5 433.8366),(365.5 431.3586),(366.5 417.4487),(367.5 417.11716),(368.5 422.8069),(369.5 420.96863),(370.5 405.49744),(371.5 403.66473),(372.5 392.195),(373.5 376.0641),(374.5 356.0592),(375.5 364.09167),(376.5 354.22083),(377.5 339.79898),(378.5 345.65552),(379.5 345.86237),(380.5 349.34448),(381.5 356.8687),(382.5 350.52765),(383.5 347.35153),(384.5 340.17114),(385.5 332.29962),(386.5 307.42365),(387.5 302.4294),(388.5 304.72058),(389.5 293.21008),(390.5 302.7553),(391.5 291.57397),(392.5 297.64883),(393.5 292.5495),(394.5 285.2553),(395.5 290.6861),(396.5 275.31528),(397.5 274.4552),(398.5 278.0673),(399.5 274.96237),(400.5 263.8455),(401.5 261.95178),(402.5 259.09335),(403.5 253.94872),(404.5 259.94937),(405.5 249.82042),(406.5 231.62419),(407.5 241.73462),(408.5 234.21844),(409.5 234.17278),(410.5 223.38188),(411.5 225.94124),(412.5 229.20432),(413.5 218.30402),(414.5 218.86662),(415.5 213.66814),(416.5 212.99843),(417.5 211.04767),(418.5 216.83328),(419.5 209.23601),(420.5 207.2781),(421.5 202.48953),(422.5 199.66),(423.5 193.31998),(424.5 194.33673),(425.5 192.27968),(426.5 186.77225),(427.5 181.42136),(428.5 183.91154),(429.5 178.72154),(430.5 182.13765),(431.5 179.60558),(432.5 175.16997),(433.5 174.2574),(434.5 170.77538),(435.5 168.8053),(436.5 163.62439),(437.5 169.27644),(438.5 163.35486),(439.5 159.92632),(440.5 156.31686),(441.5 154.86577),(442.5 154.44037),(443.5 154.41331),(444.5 150.6032),(445.5 151.35193),(446.5 147.07494),(447.5 144.1747),(448.5 148.05472),(449.5 139.513),(450.5 142.46936),(451.5 144.76645),(452.5 144.36285),(453.5 141.13017),(454.5 137.1553),(455.5 139.49226),(456.5 135.852),(457.5 133.39648),(458.5 135.47003),(459.5 129.50568),(460.5 128.70459),(461.5 126.48934),(462.5 126.03417),(463.5 124.07435),(464.5 122.60593),(465.5 124.685036),(466.5 123.28063),(467.5 128.7973),(468.5 122.6252),(469.5 123.147766),(470.5 121.454994),(471.5 121.45706),(472.5 123.26263),(473.5 121.861885),(474.5 117.766464),(475.5 116.31446),(476.5 116.41651),(477.5 117.5878),(478.5 113.56763),(479.5 110.01096),(480.5 111.79326),(481.5 110.46432),(482.5 113.03706),(483.5 111.51041),(484.5 113.58988),(485.5 109.75784),(486.5 109.92752),(487.5 108.32414),(488.5 114.21855),(489.5 112.731476),(490.5 110.3667),(491.5 106.43359),(492.5 109.87635),(493.5 106.804855),(494.5 109.673775),(495.5 105.39357),(496.5 106.327),(497.5 106.44095),(498.5 105.62019),(499.5 105.64032),
(1.5 10415947),(2.5 8908805),(3.5 14144963),(4.5 13816496),(5.5 18849918),(6.5 14550246),(7.5 10819214),(8.5 10388449),(9.5 6780914),(10.5 8932526),(11.5 7621585),(12.5 6385018.5),(13.5 7132533.5),(14.5 5878590.5),(15.5 4723638),(16.5 4211390),(17.5 4449746.5),(18.5 2902613.3),(19.5 3381598.3),(20.5 2610214),(21.5 2316243.3),(22.5 2296778),(23.5 1722240.4),(24.5 1769447.5),(25.5 1802263.9),(26.5 1439269.4),(27.5 1418797),(28.5 1512125),(29.5 1291972.5),(30.5 1212816.9),(31.5 1125657.6),(32.5 1126894.6),(33.5 1043497.44),(34.5 854066.7),(35.5 833996.06),(36.5 754728.25),(37.5 721112),(38.5 668269.4),(39.5 698654.4),(40.5 613760),(41.5 624203.56),(42.5 592618.6),(43.5 556376.94),(44.5 474125.38),(45.5 480365.4),(46.5 455520.1),(47.5 472746.6),(48.5 428091.5),(49.5 408635.16),(50.5 341954.78),(51.5 299210),(52.5 326502.28),(53.5 291879.72),(54.5 265179.63),(55.5 285717.84),(56.5 246114.92),(57.5 215144.86),(58.5 207970.9),(59.5 214013.95),(60.5 206595.4),(61.5 225855.67),(62.5 231629.84),(63.5 212451.8),(64.5 207021.92),(65.5 194424.67),(66.5 200474.66),(67.5 179900.92),(68.5 173075.25),(69.5 172122.48),(70.5 159852.28),(71.5 150387.73),(72.5 146703.33),(73.5 145807.1),(74.5 128022.805),(75.5 117237.27),(76.5 109624.28),(77.5 107363.18),(78.5 115970.95),(79.5 118573.336),(80.5 131286.81),(81.5 118527.86),(82.5 106285.484),(83.5 98885.34),(84.5 93503.805),(85.5 86697.79),(86.5 90134.875),(87.5 84181.58),(88.5 83317.72),(89.5 80027.26),(90.5 80234.9),(91.5 79096.63),(92.5 74016.22),(93.5 74037.164),(94.5 68680.516),(95.5 79195.09),(96.5 82131.086),(97.5 74733.01),(98.5 64713.535),(99.5 60329.492),(100.5 59613.207),(101.5 59322.02),(102.5 61642.21),(103.5 59228.945),(104.5 53816.6),(105.5 50124.72),(106.5 48405.977),(107.5 50322.633),(108.5 50375.203),(109.5 50210.184),(110.5 48587.965),(111.5 45495.777),(112.5 45960.2),(113.5 44134.07),(114.5 41205.72),(115.5 39802.37),(116.5 37131.07),(117.5 37211.605),(118.5 37821.004),(119.5 37643.355),(120.5 38151.945),(121.5 35278.813),(122.5 34213.54),(123.5 35718.28),(124.5 35119.22),(125.5 32452.191),(126.5 29491.115),(127.5 28278.91),(128.5 29538.637),(129.5 28582.26),(130.5 27881.2),(131.5 26015.2),(132.5 26631.08),(133.5 27809.838),(134.5 27838.418),(135.5 25035.96),(136.5 24517.518),(137.5 24300.393),(138.5 25215.617),(139.5 24482.102),(140.5 24020.35),(141.5 24634.215),(142.5 23632.295),(143.5 21225.654),(144.5 21487.67),(145.5 20393.207),(146.5 19754.832),(147.5 20042.129),(148.5 19489.2),(149.5 20202.098),(150.5 20180.414),(151.5 19791.527),(152.5 18669.701),(153.5 18130.203),(154.5 16840.082),(155.5 16910.664),(156.5 16047.605),(157.5 16132.365),(158.5 15405.265),(159.5 15854.079),(160.5 15256.864),(161.5 14591.247),(162.5 14043.916),(163.5 14055.997),(164.5 13225.388),(165.5 12951.321),(166.5 13159.537),(167.5 13228.649),(168.5 13150.675),(169.5 11956.458),(170.5 12076.406),(171.5 12106.152),(172.5 12189.277),(173.5 12054.222),(174.5 11177.019),(175.5 11125.831),(176.5 10371.494),(177.5 10167.02),(178.5 10130.936),(179.5 9634.999),(180.5 9757.4375),(181.5 9704.192),(182.5 10123.793),(183.5 9772.263),(184.5 9504.134),(185.5 9244.85),(186.5 8450.787),(187.5 8563.331),(188.5 8385.571),(189.5 8235.298),(190.5 8395.948),(191.5 7791.87),(192.5 8033.313),(193.5 7713.9224),(194.5 7763.1665),(195.5 7602.329),(196.5 7417.754),(197.5 7294.154),(198.5 6647.068),(199.5 6195.4805),(200.5 6373.064),(201.5 6636.7666),(202.5 6444),(203.5 6560.332),(204.5 6505.516),(205.5 6334.9434),(206.5 6069.872),(207.5 6125.2046),(208.5 5986.7437),(209.5 6008.979),(210.5 5809.883),(211.5 5519),(212.5 5557.4756),(213.5 5386.406),(214.5 5321.8447),(215.5 5153.4785),(216.5 5061.1763),(217.5 5090.923),(218.5 5020.7188),(219.5 4769.561),(220.5 4678.523),(221.5 4749.913),(222.5 4578.6094),(223.5 4745.162),(224.5 4292.2866),(225.5 4291.5044),(226.5 4163.478),(227.5 4047.2546),(228.5 4084.402),(229.5 4124.3296),(230.5 4055.7844),(231.5 4018.7048),(232.5 3835.6265),(233.5 3724.0718),(234.5 3517.542),(235.5 3519.5833),(236.5 3546.1274),(237.5 3465.0476),(238.5 3478.955),(239.5 3386.675),(240.5 3432.1565),(241.5 3247.5596),(242.5 3239.9204),(243.5 3216.1487),(244.5 3117.372),(245.5 3117.123),(246.5 2928.1296),(247.5 2977.1191),(248.5 2853.478),(249.5 2741.612),(250.5 2704.429),(251.5 2547.4958),(252.5 2603.6116),(253.5 2524.3887),(254.5 2493.1833),(255.5 2514.5945),(256.5 2461.327),(257.5 2476.5664),(258.5 2512.582),(259.5 2407.5703),(260.5 2294.1594),(261.5 2255.2712),(262.5 2195.1199),(263.5 2088.4316),(264.5 2116.7817),(265.5 2102.5361),(266.5 2064.088),(267.5 2030.6176),(268.5 1966.8447),(269.5 1970.0465),(270.5 1944.798),(271.5 1957.5292),(272.5 1967.4169),(273.5 1948.7743),(274.5 1833.2363),(275.5 1744.1355),(276.5 1712.036),(277.5 1642.964),(278.5 1707.8418),(279.5 1636.9288),(280.5 1597.7728),(281.5 1623.8965),(282.5 1593.155),(283.5 1606.9308),(284.5 1589.0463),(285.5 1583.694),(286.5 1529.6022),(287.5 1464.6323),(288.5 1404.8964),(289.5 1409.708),(290.5 1408.9047),(291.5 1399.7273),(292.5 1362.7605),(293.5 1372.9469),(294.5 1310.7358),(295.5 1322.0049),(296.5 1260.8961),(297.5 1234.7723),(298.5 1189.9077),(299.5 1155.2968),(300.5 1180.6205),(301.5 1140.669),(302.5 1124.176),(303.5 1151.5115),(304.5 1103.4143),(305.5 1092.9353),(306.5 1062.5286),(307.5 1059.6858),(308.5 1047.3794),(309.5 1026.4667),(310.5 1034.0553),(311.5 1012.87537),(312.5 994.43427),(313.5 976.0773),(314.5 968.74005),(315.5 956.98846),(316.5 930.6967),(317.5 933.54834),(318.5 896.8326),(319.5 901.6722),(320.5 880.4656),(321.5 861.5501),(322.5 840.7555),(323.5 865.76025),(324.5 823.69714),(325.5 794.41986),(326.5 783.3622),(327.5 782.1743),(328.5 762.99066),(329.5 761.3804),(330.5 722.9837),(331.5 722.4668),(332.5 723.30634),(333.5 737.066),(334.5 706.7699),(335.5 690.175),(336.5 655.2479),(337.5 644.02295),(338.5 646.85284),(339.5 639.7973),(340.5 614.5022),(341.5 595.9971),(342.5 600.73474),(343.5 599.557),(344.5 608.10126),(345.5 573.2761),(346.5 583.5627),(347.5 568.92346),(348.5 572.24817),(349.5 551.81976),(350.5 545.4454),(351.5 525.6788),(352.5 528.4632),(353.5 525.7532),(354.5 527.1353),(355.5 502.98404),(356.5 503.64676),(357.5 479.55145),(358.5 493.8628),(359.5 486.30008),(360.5 450.0024),(361.5 465.0712),(362.5 444.25836),(363.5 434.95026),(364.5 433.1971),(365.5 425.82767),(366.5 416.07272),(367.5 416.67548),(368.5 424.82596),(369.5 421.1088),(370.5 405.73648),(371.5 400.9017),(372.5 387.3581),(373.5 375.41153),(374.5 357.83148),(375.5 368.88165),(376.5 352.53104),(377.5 339.42697),(378.5 346.42398),(379.5 348.45456),(380.5 354.99258),(381.5 361.86667),(382.5 357.1828),(383.5 351.54517),(384.5 341.68643),(385.5 332.6223),(386.5 309.74),(387.5 304.06686),(388.5 303.89948),(389.5 294.30142),(390.5 305.22104),(391.5 292.57202),(392.5 299.77612),(393.5 294.75296),(394.5 289.2171),(395.5 291.06573),(396.5 274.42514),(397.5 275.24075),(398.5 278.27206),(399.5 274.82788),(400.5 264.86588),(401.5 265.39905),(402.5 263.00458),(403.5 255.6081),(404.5 261.66306),(405.5 250.84213),(406.5 232.04855),(407.5 241.03076),(408.5 232.18745),(409.5 234.35007),(410.5 226.20996),(411.5 225.16699),(412.5 230.88379),(413.5 219.99382),(414.5 222.1382),(415.5 213.92522),(416.5 213.7931),(417.5 212.78209),(418.5 216.80054),(419.5 210.551),(420.5 207.31906),(421.5 204.31679),(422.5 201.55695),(423.5 193.84619),(424.5 195.99156),(425.5 195.46483),(426.5 187.45963),(427.5 180.96072),(428.5 185.03673),(429.5 180.28181),(430.5 184.10913),(431.5 181.61569),(432.5 174.48318),(433.5 174.64694),(434.5 172.71048),(435.5 170.64667),(436.5 163.63582),(437.5 169.73666),(438.5 165.03276),(439.5 161.02177),(440.5 155.91785),(441.5 155.28854),(442.5 155.34265),(443.5 156.15157),(444.5 150.60924),(445.5 149.37567),(446.5 146.25113),(447.5 143.63066),(448.5 147.95941),(449.5 140.08624),(450.5 142.92612),(451.5 143.03535),(452.5 144.87268),(453.5 140.58092),(454.5 137.31729),(455.5 138.83296),(456.5 137.13976),(457.5 133.59021),(458.5 136.63881),(459.5 129.99113),(460.5 129.56348),(461.5 127.89609),(462.5 125.22132),(463.5 124.400246),(464.5 123.29536),(465.5 124.727295),(466.5 122.858574),(467.5 128.72942),(468.5 123.37051),(469.5 124.086494),(470.5 121.330345),(471.5 121.57372),(472.5 123.19896),(473.5 122.53564),(474.5 118.5831),(475.5 117.94463),(476.5 117.35722),(477.5 118.56184),(478.5 113.766396),(479.5 110.11727),(480.5 111.57677),(481.5 110.29168),(482.5 112.29949),(483.5 111.61734),(484.5 113.36522),(485.5 109.44135),(486.5 110.6312),(487.5 108.20591),(488.5 114.29878),(489.5 112.5315),(490.5 111.90621),(491.5 106.96933),(492.5 110.447685),(493.5 107.92531),(494.5 110.60398),(495.5 106.039604),(496.5 106.63077),(497.5 106.20652),(498.5 105.93544),(499.5 106.6231),
(1.5 10529657),(2.5 9000370),(3.5 14326713),(4.5 14043164),(5.5 18801378),(6.5 14573086),(7.5 10743569),(8.5 10398268),(9.5 6741284.5),(10.5 8930618),(11.5 7697424),(12.5 6390151),(13.5 7143814),(14.5 5899394.5),(15.5 4745556.5),(16.5 4217863.5),(17.5 4382347),(18.5 2915603.8),(19.5 3352920.8),(20.5 2617295.5),(21.5 2335155.5),(22.5 2320915.5),(23.5 1711539.5),(24.5 1760857.1),(25.5 1794785.6),(26.5 1437350.6),(27.5 1402839),(28.5 1524940.1),(29.5 1291751.6),(30.5 1191294.5),(31.5 1113345.3),(32.5 1124376.8),(33.5 1040205.5),(34.5 845017.9),(35.5 816992.44),(36.5 744424.4),(37.5 712450.4),(38.5 671455.44),(39.5 693129),(40.5 615310),(41.5 620647.44),(42.5 589713.8),(43.5 555987.1),(44.5 472337.38),(45.5 470923.88),(46.5 453779.03),(47.5 468176.7),(48.5 426818.44),(49.5 406350.22),(50.5 340238.5),(51.5 299401.66),(52.5 326036),(53.5 291173),(54.5 268072.5),(55.5 289672.38),(56.5 245689.7),(57.5 213896.4),(58.5 207976.48),(59.5 216093.1),(60.5 208543.2),(61.5 226622.08),(62.5 234276.02),(63.5 216180.8),(64.5 210849.11),(65.5 196101.23),(66.5 200371.94),(67.5 176783.4),(68.5 171879.58),(69.5 171721.61),(70.5 159999.92),(71.5 150998.58),(72.5 145836.31),(73.5 147410.2),(74.5 129797.555),(75.5 120446.15),(76.5 110805.88),(77.5 108398.16),(78.5 115295.234),(79.5 119966.09),(80.5 132767.02),(81.5 120752.05),(82.5 105776.02),(83.5 97678.71),(84.5 92484.164),(85.5 85635.58),(86.5 91020.29),(87.5 85631.22),(88.5 84955.234),(89.5 81372.305),(90.5 79991.68),(91.5 79598.32),(92.5 74301.37),(93.5 74607.59),(94.5 68517.34),(95.5 79316.91),(96.5 81904.484),(97.5 73862.12),(98.5 64897.68),(99.5 59751.008),(100.5 58795.973),(101.5 58942.473),(102.5 60887.816),(103.5 58788.195),(104.5 53814.41),(105.5 50134.79),(106.5 48884.566),(107.5 50455.207),(108.5 50898.38),(109.5 50548.563),(110.5 49129.52),(111.5 45752.418),(112.5 45558.285),(113.5 44251.4),(114.5 41114.086),(115.5 39831.39),(116.5 37365.31),(117.5 37428.234),(118.5 38266.69),(119.5 37750.62),(120.5 38170.55),(121.5 35244.723),(122.5 34490.113),(123.5 35889.9),(124.5 34918.18),(125.5 32459.398),(126.5 29422.447),(127.5 28229.96),(128.5 29666.154),(129.5 29012.584),(130.5 28280.826),(131.5 26250.13),(132.5 27038.31),(133.5 28066.553),(134.5 27843.861),(135.5 25019.87),(136.5 24550.861),(137.5 24254.37),(138.5 24639.514),(139.5 24056.023),(140.5 23944.049),(141.5 24607.686),(142.5 23791.613),(143.5 21362.346),(144.5 21459.258),(145.5 20621.096),(146.5 20048.63),(147.5 20121.24),(148.5 19364.76),(149.5 20275.969),(150.5 20218.39),(151.5 19643.42),(152.5 18521.62),(153.5 18023.088),(154.5 16750.014),(155.5 16813.963),(156.5 16151.049),(157.5 16256.559),(158.5 15443.654),(159.5 15845.72),(160.5 15223.675),(161.5 14435.08),(162.5 13989.658),(163.5 14096.826),(164.5 13214.833),(165.5 12937.55),(166.5 13271.164),(167.5 13336.115),(168.5 13218.416),(169.5 11919.804),(170.5 12075.917),(171.5 12074.071),(172.5 12092.316),(173.5 11952.559),(174.5 11109.849),(175.5 11155.435),(176.5 10460.485),(177.5 10301.013),(178.5 10240.342),(179.5 9711.284),(180.5 9822.586),(181.5 9725.201),(182.5 10091.333),(183.5 9752.332),(184.5 9540.113),(185.5 9353.782),(186.5 8604.106),(187.5 8669.035),(188.5 8329.303),(189.5 8178.826),(190.5 8431.959),(191.5 7854.1494),(192.5 8039.926),(193.5 7740.2725),(194.5 7848.5283),(195.5 7579.6685),(196.5 7399.1396),(197.5 7373.8574),(198.5 6787.435),(199.5 6264.258),(200.5 6442.279),(201.5 6756.6475),(202.5 6533.831),(203.5 6579.05),(204.5 6547.344),(205.5 6341.7524),(206.5 6021.769),(207.5 6160.4917),(208.5 5992.6445),(209.5 6006.3174),(210.5 5840.1465),(211.5 5566.6313),(212.5 5548.6304),(213.5 5345.484),(214.5 5280.934),(215.5 5192.733),(216.5 5065.157),(217.5 5079.926),(218.5 4999.7188),(219.5 4740.139),(220.5 4711.824),(221.5 4829.701),(222.5 4633.1367),(223.5 4748.266),(224.5 4295.1807),(225.5 4314.625),(226.5 4180.466),(227.5 3993.7222),(228.5 4057.636),(229.5 4145.2905),(230.5 4033.4224),(231.5 3983.937),(232.5 3824.7705),(233.5 3722.9155),(234.5 3504.0955),(235.5 3509.9944),(236.5 3549.0007),(237.5 3491.0793),(238.5 3506.1174),(239.5 3397.6472),(240.5 3450.0461),(241.5 3250.4846),(242.5 3244.615),(243.5 3225.1467),(244.5 3147.8638),(245.5 3109.146),(246.5 2937.6265),(247.5 2998.9521),(248.5 2837.3284),(249.5 2713.3271),(250.5 2709.7842),(251.5 2548.5234),(252.5 2597.2476),(253.5 2541.019),(254.5 2518.7478),(255.5 2532.4546),(256.5 2469.3628),(257.5 2474.146),(258.5 2493.4324),(259.5 2417.7605),(260.5 2304.165),(261.5 2281.3787),(262.5 2210.0159),(263.5 2099.9746),(264.5 2128.0278),(265.5 2112.1797),(266.5 2080.5505),(267.5 2055.6199),(268.5 1980.7112),(269.5 1958.202),(270.5 1946.8043),(271.5 1946.3396),(272.5 1957.0078),(273.5 1960.2477),(274.5 1861.5735),(275.5 1755.1465),(276.5 1711.8855),(277.5 1659.9242),(278.5 1708.4083),(279.5 1656.3439),(280.5 1600.7076),(281.5 1617.3036),(282.5 1612.7778),(283.5 1632.6847),(284.5 1593.735),(285.5 1594.9791),(286.5 1543.4707),(287.5 1486.5632),(288.5 1417.9066),(289.5 1403.763),(290.5 1407.7856),(291.5 1406.2113),(292.5 1366.038),(293.5 1377.7493),(294.5 1322.3875),(295.5 1315.3708),(296.5 1269.2405),(297.5 1237.495),(298.5 1183.9662),(299.5 1156.981),(300.5 1189.7069),(301.5 1139.5293),(302.5 1126.5732),(303.5 1169.2784),(304.5 1110.4852),(305.5 1093.5221),(306.5 1064.6937),(307.5 1051.9603),(308.5 1045.6168),(309.5 1030.0736),(310.5 1035.0736),(311.5 1017.9945),(312.5 1001.79706),(313.5 985.29065),(314.5 970.4284),(315.5 954.12305),(316.5 929.10144),(317.5 935.5656),(318.5 892.5687),(319.5 902.198),(320.5 881.274),(321.5 875.23474),(322.5 851.7626),(323.5 865.7799),(324.5 830.81903),(325.5 800.0512),(326.5 778.0584),(327.5 781.46643),(328.5 762.8474),(329.5 765.41547),(330.5 724.3526),(331.5 721.6262),(332.5 714.4139),(333.5 739.25885),(334.5 709.06177),(335.5 691.9339),(336.5 660.39886),(337.5 647.7767),(338.5 647.72034),(339.5 638.6023),(340.5 616.3575),(341.5 597.03674),(342.5 603.3952),(343.5 601.13605),(344.5 606.1253),(345.5 571.1591),(346.5 587.51886),(347.5 567.3553),(348.5 570.56177),(349.5 553.3597),(350.5 540.83344),(351.5 520.5114),(352.5 523.2394),(353.5 519.68134),(354.5 521.637),(355.5 497.68854),(356.5 501.33148),(357.5 476.7931),(358.5 491.47873),(359.5 484.50754),(360.5 448.47424),(361.5 464.8753),(362.5 442.12247),(363.5 434.86096),(364.5 433.0363),(365.5 427.29398),(366.5 422.80838),(367.5 418.5499),(368.5 423.87332),(369.5 423.23386),(370.5 402.79114),(371.5 399.37646),(372.5 388.78214),(373.5 379.3349),(374.5 359.79428),(375.5 370.07858),(376.5 356.91147),(377.5 341.2232),(378.5 348.7935),(379.5 351.3748),(380.5 357.09232),(381.5 360.6002),(382.5 355.56815),(383.5 348.55258),(384.5 340.6339),(385.5 331.04727),(386.5 310.93506),(387.5 302.9088),(388.5 303.90646),(389.5 299.52274),(390.5 306.52203),(391.5 294.78918),(392.5 299.12094),(393.5 293.38705),(394.5 288.45523),(395.5 288.98578),(396.5 275.08035),(397.5 277.7558),(398.5 279.2538),(399.5 275.3059),(400.5 263.45383),(401.5 266.89548),(402.5 261.49826),(403.5 255.27902),(404.5 260.93604),(405.5 250.58484),(406.5 233.19025),(407.5 242.41887),(408.5 232.33281),(409.5 238.03006),(410.5 227.63586),(411.5 225.18915),(412.5 232.62827),(413.5 219.9609),(414.5 222.06592),(415.5 214.39641),(416.5 214.62387),(417.5 213.85954),(418.5 217.9915),(419.5 210.7681),(420.5 209.48232),(421.5 206.68828),(422.5 202.94173),(423.5 194.08708),(424.5 197.63654),(425.5 196.98659),(426.5 189.25066),(427.5 181.8549),(428.5 184.82863),(429.5 181.96814),(430.5 185.36906),(431.5 184.48032),(432.5 174.47304),(433.5 175.14946),(434.5 174.96072),(435.5 172.64188),(436.5 164.23872),(437.5 170.03706),(438.5 166.69728),(439.5 162.07925),(440.5 156.56633),(441.5 155.21811),(442.5 156.04497),(443.5 158.21445),(444.5 150.24573),(445.5 150.03659),(446.5 146.46745),(447.5 144.2256),(448.5 148.39783),(449.5 141.29698),(450.5 144.23326),(451.5 143.5698),(452.5 145.0445),(453.5 140.82397),(454.5 137.144),(455.5 138.17445),(456.5 137.46622),(457.5 134.17868),(458.5 138.07149),(459.5 131.03398),(460.5 130.7108),(461.5 127.79314),(462.5 124.97259),(463.5 124.78361),(464.5 122.93993),(465.5 124.85632),(466.5 124.96935),(467.5 128.63736),(468.5 122.89698),(469.5 123.81876),(470.5 121.17483),(471.5 121.46864),(472.5 123.193726),(473.5 122.954506),(474.5 119.802284),(475.5 117.5493),(476.5 117.56518),(477.5 117.20001),(478.5 114.48302),(479.5 111.1101),(480.5 112.21733),(481.5 110.751434),(482.5 113.34673),(483.5 111.68795),(484.5 112.599846),(485.5 109.02862),(486.5 109.997635),(487.5 108.36733),(488.5 114.10473),(489.5 112.142784),(490.5 111.09966),(491.5 107.40643),(492.5 110.41815),(493.5 108.61081),(494.5 111.42013),(495.5 106.245445),(496.5 106.75459),(497.5 107.31506),(498.5 105.71275),(499.5 107.386986),
(1.5 10560283),(2.5 9079862),(3.5 14520997),(4.5 14280319),(5.5 18746602),(6.5 14592374),(7.5 10680142),(8.5 10418221),(9.5 6732509),(10.5 8921141),(11.5 7780463),(12.5 6417568),(13.5 7160993.5),(14.5 5917428.5),(15.5 4765418.5),(16.5 4217438.5),(17.5 4321484.5),(18.5 2929999.8),(19.5 3336512.5),(20.5 2633788),(21.5 2365230.8),(22.5 2356311),(23.5 1707551.5),(24.5 1754974.5),(25.5 1792782),(26.5 1435666.9),(27.5 1388651.8),(28.5 1533377.4),(29.5 1290598.9),(30.5 1168708.3),(31.5 1099931.5),(32.5 1123404.5),(33.5 1031290.94),(34.5 838847.4),(35.5 799610.7),(36.5 739681.06),(37.5 708218.9),(38.5 676753.44),(39.5 690592.1),(40.5 619414),(41.5 618570.06),(42.5 588228.44),(43.5 557572.5),(44.5 469345.34),(45.5 458874.34),(46.5 449127.47),(47.5 460006.1),(48.5 423735.13),(49.5 399198.53),(50.5 337293.75),(51.5 301437.2),(52.5 326337.94),(53.5 290159.6),(54.5 270587.9),(55.5 292517.34),(56.5 246283.38),(57.5 214776.88),(58.5 211051.13),(59.5 218567.38),(60.5 212317.16),(61.5 227729.88),(62.5 238193.25),(63.5 220780.95),(64.5 213461.8),(65.5 197056.3),(66.5 200015.95),(67.5 173984.06),(68.5 170441.3),(69.5 171738.98),(70.5 160121.33),(71.5 150869.14),(72.5 144744.75),(73.5 150285.47),(74.5 132597.7),(75.5 123998.3),(76.5 111162.83),(77.5 109342.05),(78.5 115677.72),(79.5 121098.67),(80.5 132476.17),(81.5 122227.52),(82.5 105057.32),(83.5 97213.53),(84.5 92027.7),(85.5 85159.68),(86.5 92015.04),(87.5 86926.8),(88.5 85910.836),(89.5 81188.016),(90.5 78896.2),(91.5 80152.85),(92.5 74820.945),(93.5 75729.4),(94.5 68658.164),(95.5 79235.51),(96.5 81861.914),(97.5 73366.22),(98.5 64961.27),(99.5 59331.055),(100.5 58105.027),(101.5 59234.99),(102.5 60453.69),(103.5 58587.734),(104.5 53656.105),(105.5 50588.84),(106.5 48998.445),(107.5 50669.094),(108.5 51187.836),(109.5 50871.637),(110.5 49531.6),(111.5 45776.508),(112.5 45234.38),(113.5 44190.9),(114.5 41283.37),(115.5 39975.605),(116.5 37458.883),(117.5 37761.566),(118.5 38625.87),(119.5 37625.64),(120.5 37823.594),(121.5 34839.36),(122.5 34516.844),(123.5 36332.926),(124.5 34552.793),(125.5 32555.455),(126.5 29404.732),(127.5 28593.4),(128.5 29919.21),(129.5 29428.51),(130.5 28775.951),(131.5 26458.604),(132.5 27446.266),(133.5 28241.61),(134.5 27819.785),(135.5 25010.422),(136.5 24682.69),(137.5 24352.092),(138.5 24347.352),(139.5 23829.36),(140.5 23708.318),(141.5 24486.191),(142.5 23935.582),(143.5 21544.06),(144.5 21543.584),(145.5 20703.13),(146.5 20198.824),(147.5 20061.732),(148.5 19451.523),(149.5 20466.719),(150.5 20265.982),(151.5 19451.459),(152.5 18371.617),(153.5 17797.89),(154.5 16615.428),(155.5 16712.492),(156.5 16131.176),(157.5 16222.435),(158.5 15412.806),(159.5 15872.028),(160.5 15315.372),(161.5 14534.938),(162.5 14087.535),(163.5 14234.109),(164.5 13338.543),(165.5 12916.844),(166.5 13212.286),(167.5 13370.991),(168.5 13202.6455),(169.5 11943.11),(170.5 12083.597),(171.5 11953.876),(172.5 12049.888),(173.5 11924.641),(174.5 11204.514),(175.5 11226.921),(176.5 10542.605),(177.5 10423.706),(178.5 10320.329),(179.5 9768),(180.5 9944.481),(181.5 9683.106),(182.5 10048.529),(183.5 9730.2),(184.5 9586.605),(185.5 9420.058),(186.5 8669.828),(187.5 8734.283),(188.5 8259.775),(189.5 8104.149),(190.5 8363.991),(191.5 7914.9263),(192.5 8092.053),(193.5 7744.0938),(194.5 7895.375),(195.5 7624.152),(196.5 7380.154),(197.5 7504.2183),(198.5 6912.4287),(199.5 6390.4966),(200.5 6512.2344),(201.5 6827.6436),(202.5 6603.634),(203.5 6605.585),(204.5 6594.433),(205.5 6362.2407),(206.5 5983.037),(207.5 6181.188),(208.5 5966.184),(209.5 5984.3853),(210.5 5823.486),(211.5 5573.3413),(212.5 5516.082),(213.5 5326.2925),(214.5 5268.764),(215.5 5242.9736),(216.5 5090.0005),(217.5 5070.3335),(218.5 4985.5107),(219.5 4750.638),(220.5 4713.213),(221.5 4908.423),(222.5 4695.8535),(223.5 4751.713),(224.5 4302.8066),(225.5 4324.9204),(226.5 4233.3965),(227.5 3967.497),(228.5 4046.4504),(229.5 4142.708),(230.5 4004.4358),(231.5 3963.3442),(232.5 3836.0354),(233.5 3733.6597),(234.5 3481.128),(235.5 3505.8708),(236.5 3556.0654),(237.5 3455.7637),(238.5 3522.0066),(239.5 3387.302),(240.5 3417.569),(241.5 3235.5518),(242.5 3234.2678),(243.5 3211.5957),(244.5 3145.7007),(245.5 3063.5847),(246.5 2910.5142),(247.5 2964.7454),(248.5 2843.1528),(249.5 2709.6724),(250.5 2706.7166),(251.5 2562.2813),(252.5 2606.5354),(253.5 2571.7588),(254.5 2519.3752),(255.5 2522.6555),(256.5 2493.918),(257.5 2503.7456),(258.5 2516.722),(259.5 2418.802),(260.5 2319.7473),(261.5 2296.152),(262.5 2210.9468),(263.5 2087.0261),(264.5 2119.0789),(265.5 2090.3342),(266.5 2081.3274),(267.5 2059.3555),(268.5 1996.1152),(269.5 1943.0375),(270.5 1934.6775),(271.5 1930.8292),(272.5 1943.8948),(273.5 1955.2853),(274.5 1856.2692),(275.5 1780.1315),(276.5 1711.6343),(277.5 1656.2682),(278.5 1702.6653),(279.5 1659.8102),(280.5 1587.9349),(281.5 1594.3593),(282.5 1604.4656),(283.5 1640.8081),(284.5 1602.4329),(285.5 1595.561),(286.5 1549.9883),(287.5 1489.3813),(288.5 1420.4888),(289.5 1403.1025),(290.5 1394.8954),(291.5 1414.4816),(292.5 1369.6149),(293.5 1384.0637),(294.5 1316.9893),(295.5 1317.5525),(296.5 1268.759),(297.5 1235.8793),(298.5 1191.7595),(299.5 1156.7628),(300.5 1199.553),(301.5 1147.1481),(302.5 1126.2661),(303.5 1165.9861),(304.5 1112.8934),(305.5 1097.8888),(306.5 1065.3413),(307.5 1059.5365),(308.5 1044.9851),(309.5 1039.0266),(310.5 1047.88),(311.5 1015.3014),(312.5 1005.6259),(313.5 979.664),(314.5 962.16266),(315.5 956.2075),(316.5 935.1813),(317.5 945.7677),(318.5 893.2087),(319.5 910.10913),(320.5 877.61084),(321.5 888.452),(322.5 851.7986),(323.5 858.4284),(324.5 838.9268),(325.5 804.78204),(326.5 781.3695),(327.5 782.97986),(328.5 775.7084),(329.5 769.399),(330.5 729.2981),(331.5 718.49164),(332.5 720.84015),(333.5 742.7666),(334.5 707.47534),(335.5 688.6422),(336.5 657.21484),(337.5 639.05505),(338.5 644.4895),(339.5 640.0577),(340.5 619.9393),(341.5 598.6373),(342.5 606.1321),(343.5 600.07806),(344.5 612.28046),(345.5 573.9877),(346.5 587.72437),(347.5 571.56995),(348.5 568.2687),(349.5 552.7497),(350.5 538.5477),(351.5 515.4976),(352.5 521.62146),(353.5 517.1834),(354.5 521.4558),(355.5 498.57666),(356.5 502.4081),(357.5 480.35977),(358.5 491.38333),(359.5 482.48898),(360.5 453.53412),(361.5 467.1269),(362.5 439.1985),(363.5 434.78632),(364.5 430.12668),(365.5 427.12076),(366.5 424.33063),(367.5 414.2035),(368.5 421.48425),(369.5 421.2206),(370.5 402.11115),(371.5 397.3187),(372.5 386.33893),(373.5 381.80518),(374.5 362.79367),(375.5 369.9053),(376.5 353.97012),(377.5 341.08557),(378.5 348.86734),(379.5 351.57303),(380.5 357.9623),(381.5 356.99426),(382.5 352.07605),(383.5 346.90363),(384.5 343.6619),(385.5 333.68845),(386.5 312.05914),(387.5 304.46844),(388.5 303.80362),(389.5 299.60168),(390.5 306.3938),(391.5 298.28796),(392.5 301.99002),(393.5 296.28622),(394.5 288.21158),(395.5 291.24954),(396.5 274.5027),(397.5 278.43427),(398.5 280.76993),(399.5 277.76968),(400.5 266.1162),(401.5 267.83386),(402.5 263.9266),(403.5 254.45906),(404.5 263.63467),(405.5 252.86713),(406.5 232.00322),(407.5 242.00746),(408.5 233.9642),(409.5 238.26384),(410.5 229.33585),(411.5 227.12178),(412.5 233.77226),(413.5 221.76152),(414.5 223.01599),(415.5 215.81389),(416.5 213.66098),(417.5 215.69017),(418.5 217.50151),(419.5 210.39546),(420.5 209.83827),(421.5 205.13667),(422.5 202.53064),(423.5 194.625),(424.5 196.79935),(425.5 198.20427),(426.5 189.8558),(427.5 183.3657),(428.5 185.52171),(429.5 181.79869),(430.5 185.07253),(431.5 184.19038),(432.5 174.32658),(433.5 176.05775),(434.5 175.20941),(435.5 173.78369),(436.5 167.04407),(437.5 170.30708),(438.5 166.43407),(439.5 161.8268),(440.5 156.21448),(441.5 154.66548),(442.5 156.1334),(443.5 157.33574),(444.5 150.95404),(445.5 151.38484),(446.5 146.48184),(447.5 144.30931),(448.5 147.59206),(449.5 140.77449),(450.5 144.48062),(451.5 143.22717),(452.5 145.41745),(453.5 141.29324),(454.5 137.4458),(455.5 138.41518),(456.5 137.74771),(457.5 134.15892),(458.5 137.73454),(459.5 130.93991),(460.5 129.93892),(461.5 127.84692),(462.5 125.6835),(463.5 125.10433),(464.5 123.86219),(465.5 124.73908),(466.5 125.03553),(467.5 129.03816),(468.5 123.49915),(469.5 125.50579),(470.5 121.38326),(471.5 120.16711),(472.5 122.29484),(473.5 122.525345),(474.5 119.33529),(475.5 118.6546),(476.5 118.964806),(477.5 117.336235),(478.5 115.19982),(479.5 112.245155),(480.5 112.613594),(481.5 112.09962),(482.5 114.433464),(483.5 112.09635),(484.5 112.26241),(485.5 109.040955),(486.5 109.84186),(487.5 109.08919),(488.5 113.71925),(489.5 112.226845),(490.5 111.39182),(491.5 107.68224),(492.5 110.50293),(493.5 108.75399),(494.5 110.78003),(495.5 106.27612),(496.5 107.19544),(497.5 108.187454),(498.5 106.77117),(499.5 108.18544),
(1.5 10652621),(2.5 9202998),(3.5 14791163),(4.5 14517852),(5.5 18671396),(6.5 14608654),(7.5 10623007),(8.5 10443382),(9.5 6738362.5),(10.5 8907828),(11.5 7862087.5),(12.5 6456535.5),(13.5 7168596),(14.5 5921552),(15.5 4781372),(16.5 4213397),(17.5 4264312.5),(18.5 2944096.5),(19.5 3322486),(20.5 2656610.8),(21.5 2400064.5),(22.5 2396230.8),(23.5 1707298.4),(24.5 1750737.5),(25.5 1788964.6),(26.5 1436258.5),(27.5 1381168.4),(28.5 1539920.5),(29.5 1289606.4),(30.5 1151011.4),(31.5 1087171.8),(32.5 1125477.4),(33.5 1023139.1),(34.5 836900.9),(35.5 786915.2),(36.5 739739.8),(37.5 707078.6),(38.5 680512.1),(39.5 691913.7),(40.5 625853.7),(41.5 614713.25),(42.5 584683.44),(43.5 559386.44),(44.5 467327.16),(45.5 450684.63),(46.5 442313.3),(47.5 452561.5),(48.5 421877.78),(49.5 394637.84),(50.5 334927.78),(51.5 306765.3),(52.5 327079.94),(53.5 291491.8),(54.5 272330.38),(55.5 294345.78),(56.5 247664.19),(57.5 216942.45),(58.5 213996.78),(59.5 220899.56),(60.5 215414.66),(61.5 228228.05),(62.5 240472.97),(63.5 224759.06),(64.5 215636.56),(65.5 198125.98),(66.5 200185.34),(67.5 172017.48),(68.5 168577.33),(69.5 169479.2),(70.5 158645.66),(71.5 150262.67),(72.5 144287.73),(73.5 153694.67),(74.5 135384.17),(75.5 127314.62),(76.5 110672.38),(77.5 110225.625),(78.5 116639.375),(79.5 122270.31),(80.5 131764.36),(81.5 123285.695),(82.5 104220.65),(83.5 97170.664),(84.5 91666.88),(85.5 84640.42),(86.5 92504.27),(87.5 87204.09),(88.5 86539.4),(89.5 80742.125),(90.5 78192.08),(91.5 80415.19),(92.5 75333.2),(93.5 76474.64),(94.5 68578.8),(95.5 79291.64),(96.5 81667.43),(97.5 72601.45),(98.5 64685.37),(99.5 59121.434),(100.5 57892.156),(101.5 59537.688),(102.5 60289.074),(103.5 58515.188),(104.5 53407.074),(105.5 51096.813),(106.5 48765.258),(107.5 51111.918),(108.5 51765.08),(109.5 51380.855),(110.5 50307.016),(111.5 46054.824),(112.5 45490.145),(113.5 43857.152),(114.5 41390.824),(115.5 40157.914),(116.5 37364.6),(117.5 37858.477),(118.5 38603.08),(119.5 37524.047),(120.5 37599.688),(121.5 34739.918),(122.5 34396.695),(123.5 36450.918),(124.5 34049.82),(125.5 32530.518),(126.5 29802.408),(127.5 29165.004),(128.5 30100.768),(129.5 29787.889),(130.5 29217.775),(131.5 26491.846),(132.5 27588.97),(133.5 28316.193),(134.5 27791.205),(135.5 25138.52),(136.5 24907.588),(137.5 24609.996),(138.5 24181.1),(139.5 23554.826),(140.5 23553.992),(141.5 24136.846),(142.5 23884.328),(143.5 21556.254),(144.5 21622.607),(145.5 20705.826),(146.5 20394.867),(147.5 20040.186),(148.5 19680.2),(149.5 20734.76),(150.5 20364.17),(151.5 19418.246),(152.5 18100.012),(153.5 17556.834),(154.5 16548.24),(155.5 16438.34),(156.5 16114.934),(157.5 16173.3),(158.5 15487.949),(159.5 15952.968),(160.5 15383.165),(161.5 14644.915),(162.5 14243.282),(163.5 14184.383),(164.5 13431.297),(165.5 13096.981),(166.5 13153.061),(167.5 13428.818),(168.5 13172.343),(169.5 11994.69),(170.5 12030.618),(171.5 11837.546),(172.5 11965.06),(173.5 11905.625),(174.5 11307.388),(175.5 11313.199),(176.5 10584.609),(177.5 10450.1),(178.5 10500.182),(179.5 9940.208),(180.5 10113.533),(181.5 9614.133),(182.5 9927.215),(183.5 9752.042),(184.5 9613.387),(185.5 9471.408),(186.5 8739.997),(187.5 8855.164),(188.5 8292.472),(189.5 8100.5933),(190.5 8469.137),(191.5 8060.261),(192.5 8168.5684),(193.5 7763.505),(194.5 8004.9805),(195.5 7793.1157),(196.5 7472.529),(197.5 7580.9985),(198.5 7022.476),(199.5 6539.409),(200.5 6685.483),(201.5 6902.2275),(202.5 6664.8843),(203.5 6656.0737),(204.5 6622.024),(205.5 6373.787),(206.5 5998.6045),(207.5 6208.376),(208.5 5964.721),(209.5 5966.7544),(210.5 5835.9346),(211.5 5587.8013),(212.5 5554.526),(213.5 5386.8843),(214.5 5266.04),(215.5 5292.608),(216.5 5085.711),(217.5 5044.7905),(218.5 5070.992),(219.5 4784.23),(220.5 4730.5063),(221.5 4981.8823),(222.5 4756.4214),(223.5 4752.832),(224.5 4280.3228),(225.5 4365.3706),(226.5 4247.7837),(227.5 4014.6797),(228.5 4089.4763),(229.5 4142.815),(230.5 4047.1653),(231.5 3984.328),(232.5 3838.2927),(233.5 3729.6633),(234.5 3491.1135),(235.5 3549.764),(236.5 3537.538),(237.5 3428.0115),(238.5 3498.1184),(239.5 3398.1372),(240.5 3424.7542),(241.5 3257.5366),(242.5 3245.0063),(243.5 3208.7014),(244.5 3123.472),(245.5 3063.1133),(246.5 2926.2107),(247.5 2986.9019),(248.5 2877.2615),(249.5 2724.7175),(250.5 2719.7),(251.5 2583.3538),(252.5 2603.259),(253.5 2572.2432),(254.5 2542.4595),(255.5 2539.996),(256.5 2501.802),(257.5 2527.5776),(258.5 2541.83),(259.5 2425.3293),(260.5 2319.0015),(261.5 2287.8474),(262.5 2213.789),(263.5 2106.983),(264.5 2130.9434),(265.5 2088.2222),(266.5 2082.9116),(267.5 2059.3044),(268.5 1992.8269),(269.5 1969.889),(270.5 1961.8309),(271.5 1931.9269),(272.5 1942.9552),(273.5 1950.2465),(274.5 1870.8915),(275.5 1780.9658),(276.5 1718.9574),(277.5 1681.1445),(278.5 1712.1477),(279.5 1656.9574),(280.5 1586.5288),(281.5 1576.8773),(282.5 1606.477),(283.5 1652.3394),(284.5 1626.4048),(285.5 1624.0259),(286.5 1579.1588),(287.5 1501.2671),(288.5 1444.367),(289.5 1414.7922),(290.5 1405.0115),(291.5 1416.1597),(292.5 1374.0107),(293.5 1378.4661),(294.5 1296.4569),(295.5 1318.0604),(296.5 1273.1903),(297.5 1235.5759),(298.5 1190.9817),(299.5 1156.9266),(300.5 1196.2957),(301.5 1160.5367),(302.5 1140.9595),(303.5 1173.1122),(304.5 1121.3423),(305.5 1107.4113),(306.5 1065.8278),(307.5 1070.8278),(308.5 1056.2402),(309.5 1047.5216),(310.5 1054.4592),(311.5 1022.85596),(312.5 1025.796),(313.5 993.9869),(314.5 971.41925),(315.5 971.1337),(316.5 939.8453),(317.5 949.30255),(318.5 900.0104),(319.5 910.5792),(320.5 876.9491),(321.5 888.36084),(322.5 851.7065),(323.5 858.92346),(324.5 837.175),(325.5 814.7316),(326.5 790.8777),(327.5 792.78784),(328.5 781.37537),(329.5 770.74225),(330.5 733.45996),(331.5 719.58984),(332.5 719.0301),(333.5 746.8751),(334.5 711.57684),(335.5 693.128),(336.5 658.495),(337.5 641.81573),(338.5 650.5965),(339.5 642.7333),(340.5 619.7943),(341.5 602.9197),(342.5 605.2264),(343.5 601.61707),(344.5 610.11597),(345.5 570.1199),(346.5 584.193),(347.5 572.1563),(348.5 569.1094),(349.5 555.0307),(350.5 542.44257),(351.5 520.10803),(352.5 519.78613),(353.5 514.68164),(354.5 520.2974),(355.5 497.2321),(356.5 504.44135),(357.5 480.66794),(358.5 489.2429),(359.5 486.1637),(360.5 455.52246),(361.5 468.1625),(362.5 438.01102),(363.5 437.45737),(364.5 432.8101),(365.5 428.0321),(366.5 428.2929),(367.5 417.74652),(368.5 420.10165),(369.5 418.29266),(370.5 401.68402),(371.5 397.04816),(372.5 388.29373),(373.5 380.0207),(374.5 365.57904),(375.5 372.70508),(376.5 356.4917),(377.5 340.84338),(378.5 348.95685),(379.5 351.5425),(380.5 355.91458),(381.5 356.23935),(382.5 352.15463),(383.5 348.3934),(384.5 342.64487),(385.5 333.69873),(386.5 309.4098),(387.5 307.05637),(388.5 305.39786),(389.5 301.9742),(390.5 309.21402),(391.5 298.3149),(392.5 303.14273),(393.5 296.68356),(394.5 289.3743),(395.5 291.84842),(396.5 276.29297),(397.5 279.87833),(398.5 281.97485),(399.5 276.87997),(400.5 267.33105),(401.5 269.00967),(402.5 264.9798),(403.5 255.77858),(404.5 263.44156),(405.5 251.21976),(406.5 235.30452),(407.5 243.49835),(408.5 231.62445),(409.5 239.07198),(410.5 230.64488),(411.5 228.35979),(412.5 234.10184),(413.5 222.56158),(414.5 224.08043),(415.5 219.21936),(416.5 215.92662),(417.5 215.4186),(418.5 218.69392),(419.5 213.31064),(420.5 212.2044),(421.5 206.42036),(422.5 202.4205),(423.5 194.51898),(424.5 198.85063),(425.5 200.65198),(426.5 192.24718),(427.5 183.50171),(428.5 186.12267),(429.5 181.07791),(430.5 185.99982),(431.5 183.80621),(432.5 174.78868),(433.5 176.21121),(434.5 175.08244),(435.5 175.23398),(436.5 169.14372),(437.5 171.86662),(438.5 167.77188),(439.5 161.8007),(440.5 156.80058),(441.5 154.6689),(442.5 155.63571),(443.5 157.49728),(444.5 150.81868),(445.5 151.5994),(446.5 146.12994),(447.5 144.12561),(448.5 148.08325),(449.5 140.78131),(450.5 144.98355),(451.5 144.97072),(452.5 145.75853),(453.5 142.80371),(454.5 137.92152),(455.5 139.77673),(456.5 138.37224),(457.5 135.0612),(458.5 138.04419),(459.5 131.23425),(460.5 130.56616),(461.5 127.274216),(462.5 126.80045),(463.5 126.30546),(464.5 125.20321),(465.5 126.195145),(466.5 125.338326),(467.5 129.2005),(468.5 123.67641),(469.5 125.64323),(470.5 121.41092),(471.5 119.38767),(472.5 120.94287),(473.5 122.58908),(474.5 119.93464),(475.5 118.25117),(476.5 120.15172),(477.5 117.690315),(478.5 115.70109),(479.5 112.04193),(480.5 113.08552),(481.5 112.32545),(482.5 115.25082),(483.5 112.59469),(484.5 112.28536),(485.5 109.41055),(486.5 109.4666),(487.5 108.96366),(488.5 113.13669),(489.5 112.970055),(490.5 112.68741),(491.5 108.75462),(492.5 111.72619),(493.5 108.859825),(494.5 109.97259),(495.5 106.05401),(496.5 107.07784),(497.5 109.22707),(498.5 107.3083),(499.5 108.240585),
(1.5 10706289),(2.5 9315194),(3.5 14998893),(4.5 14705020),(5.5 18565154),(6.5 14612955),(7.5 10562827),(8.5 10479042),(9.5 6761790),(10.5 8908707),(11.5 7950757.5),(12.5 6508004),(13.5 7175154.5),(14.5 5924021),(15.5 4800792.5),(16.5 4216551.5),(17.5 4217315),(18.5 2961689.8),(19.5 3311056.3),(20.5 2683464.5),(21.5 2439574.5),(22.5 2437271.5),(23.5 1708447.5),(24.5 1749540.3),(25.5 1783784.1),(26.5 1437822.9),(27.5 1373473.8),(28.5 1539339.8),(29.5 1287636.4),(30.5 1131669.4),(31.5 1078015.1),(32.5 1128465.3),(33.5 1015604.6),(34.5 836138.25),(35.5 776132.44),(36.5 742759.2),(37.5 704214.2),(38.5 686006.44),(39.5 694835.25),(40.5 631872.8),(41.5 612187.4),(42.5 583019.06),(43.5 564617.94),(44.5 467665.06),(45.5 442062.3),(46.5 433810.1),(47.5 445221.34),(48.5 419001.63),(49.5 392188.4),(50.5 332387.03),(51.5 313731.63),(52.5 327513.22),(53.5 292652),(54.5 273005.6),(55.5 295510.88),(56.5 249341.61),(57.5 219475.05),(58.5 216884.78),(59.5 223013.4),(60.5 218525.45),(61.5 229986.98),(62.5 242755.92),(63.5 229147.1),(64.5 217540.75),(65.5 198668.98),(66.5 199752.13),(67.5 169917.9),(68.5 165139.05),(69.5 165885.13),(70.5 156325.88),(71.5 149045.36),(72.5 143785.64),(73.5 156736.67),(74.5 138034.92),(75.5 129699.23),(76.5 110684.62),(77.5 111390.37),(78.5 117448.95),(79.5 122538.54),(80.5 130236.734),(81.5 123573.66),(82.5 103488.18),(83.5 96799.16),(84.5 90857.03),(85.5 84365.66),(86.5 92476.03),(87.5 86837.46),(88.5 86852.695),(89.5 79774.78),(90.5 77609.76),(91.5 80589.36),(92.5 75913.49),(93.5 76995.89),(94.5 68414.836),(95.5 79597.96),(96.5 81255.516),(97.5 71610.58),(98.5 64247.77),(99.5 59378.27),(100.5 57982.477),(101.5 60007.55),(102.5 60112.125),(103.5 58235.46),(104.5 53006.496),(105.5 51124.21),(106.5 48740.22),(107.5 51776.473),(108.5 52378.29),(109.5 51560.82),(110.5 50854.984),(111.5 46365.082),(112.5 45764.637),(113.5 43402.74),(114.5 41689.48),(115.5 40561.867),(116.5 37437.383),(117.5 37755.164),(118.5 38425.48),(119.5 37670.805),(120.5 37868.88),(121.5 34919.957),(122.5 34279.223),(123.5 36298.645),(124.5 33750.477),(125.5 32568.725),(126.5 30352.41),(127.5 29821.752),(128.5 30405.705),(129.5 30219.367),(130.5 29388.504),(131.5 26504.102),(132.5 27537.248),(133.5 28548.818),(134.5 27654.406),(135.5 25090.502),(136.5 25034.688),(137.5 24887.691),(138.5 24325.783),(139.5 23380.697),(140.5 23269.402),(141.5 23983.201),(142.5 24059.781),(143.5 21769.252),(144.5 21885.787),(145.5 20667.76),(146.5 20499.81),(147.5 20045.795),(148.5 19903.176),(149.5 20841.701),(150.5 20591.537),(151.5 19397.586),(152.5 17897.31),(153.5 17565.328),(154.5 16552.354),(155.5 16225.738),(156.5 16061.386),(157.5 16147.623),(158.5 15632.096),(159.5 15967.847),(160.5 15414.647),(161.5 14716.606),(162.5 14310.835),(163.5 14102.783),(164.5 13494.752),(165.5 13286.31),(166.5 13149.131),(167.5 13467.486),(168.5 13093.572),(169.5 12016.447),(170.5 12067.236),(171.5 11895.929),(172.5 11896.174),(173.5 12026.515),(174.5 11393.881),(175.5 11445.841),(176.5 10691.134),(177.5 10489.785),(178.5 10674.913),(179.5 10022.632),(180.5 10162.56),(181.5 9577.587),(182.5 9723.6455),(183.5 9769.006),(184.5 9653.978),(185.5 9547.573),(186.5 8860.809),(187.5 8999.3955),(188.5 8385.217),(189.5 8154.385),(190.5 8558.424),(191.5 8142.4067),(192.5 8204.365),(193.5 7831.9395),(194.5 8122.737),(195.5 7875.258),(196.5 7530.404),(197.5 7575.6743),(198.5 7079.768),(199.5 6610.7334),(200.5 6781.3394),(201.5 6957.25),(202.5 6786.9473),(203.5 6674.168),(204.5 6671.39),(205.5 6397.3257),(206.5 6129.622),(207.5 6266.5303),(208.5 6043.578),(209.5 6000.3105),(210.5 5870.2217),(211.5 5616.7383),(212.5 5644.15),(213.5 5416.4414),(214.5 5254.324),(215.5 5378.9785),(216.5 5096.5723),(217.5 5023.5723),(218.5 5104.4824),(219.5 4811.1997),(220.5 4751.3403),(221.5 5068.662),(222.5 4771.686),(223.5 4804.0522),(224.5 4332.488),(225.5 4439.1504),(226.5 4306.456),(227.5 4056.125),(228.5 4075.7593),(229.5 4179.6875),(230.5 4131.261),(231.5 3988.5093),(232.5 3870.9556),(233.5 3758.6543),(234.5 3501.2224),(235.5 3558.9075),(236.5 3552.8792),(237.5 3415.533),(238.5 3496.7122),(239.5 3403.8804),(240.5 3433.589),(241.5 3258.3635),(242.5 3265.6982),(243.5 3213.981),(244.5 3103.571),(245.5 3070.1138),(246.5 2960.8687),(247.5 3011.2993),(248.5 2883.0608),(249.5 2748.7214),(250.5 2740.2192),(251.5 2591.7234),(252.5 2600.976),(253.5 2588.4927),(254.5 2509.8271),(255.5 2533.222),(256.5 2515.395),(257.5 2530.841),(258.5 2528.0596),(259.5 2402.8823),(260.5 2342.8389),(261.5 2322.5398),(262.5 2212.8127),(263.5 2127.72),(264.5 2152.403),(265.5 2105.8933),(266.5 2092.8435),(267.5 2059.4521),(268.5 2008.8363),(269.5 1987.4146),(270.5 1970.2701),(271.5 1934.3433),(272.5 1938.6904),(273.5 1945.8077),(274.5 1853.3254),(275.5 1796.9084),(276.5 1722.4545),(277.5 1684.5267),(278.5 1685.1252),(279.5 1650.242),(280.5 1585.9602),(281.5 1567.119),(282.5 1603.0786),(283.5 1665.5858),(284.5 1632.7374),(285.5 1615.6915),(286.5 1578.9331),(287.5 1487.7267),(288.5 1440.6987),(289.5 1419.0791),(290.5 1411.5784),(291.5 1427.4121),(292.5 1367.0287),(293.5 1375.3861),(294.5 1289.8346),(295.5 1310.4681),(296.5 1276.1599),(297.5 1240.312),(298.5 1194.0261),(299.5 1169.2278),(300.5 1193.5238),(301.5 1155.8269),(302.5 1148.9424),(303.5 1168.9214),(304.5 1121.7279),(305.5 1108.8717),(306.5 1072.3939),(307.5 1082.7244),(308.5 1063.6108),(309.5 1050.7097),(310.5 1059.6951),(311.5 1016.9938),(312.5 1040.0521),(313.5 1002.3731),(314.5 981.6026),(315.5 970.7049),(316.5 935.7761),(317.5 949.02454),(318.5 902.54297),(319.5 911.3832),(320.5 874.0449),(321.5 885.8182),(322.5 859.1049),(323.5 858.5693),(324.5 833.3818),(325.5 812.4337),(326.5 788.61456),(327.5 789.93005),(328.5 777.04193),(329.5 768.8488),(330.5 730.7242),(331.5 725.6214),(332.5 723.1934),(333.5 743.6985),(334.5 713.0161),(335.5 687.78143),(336.5 652.9944),(337.5 639.03033),(338.5 648.9646),(339.5 641.9496),(340.5 630.54974),(341.5 606.8381),(342.5 612.34607),(343.5 605.63544),(344.5 612.474),(345.5 572.5341),(346.5 587.8733),(347.5 570.74365),(348.5 568.5417),(349.5 553.76355),(350.5 541.77234),(351.5 519.8667),(352.5 513.94446),(353.5 511.2103),(354.5 518.95575),(355.5 501.23093),(356.5 508.13303),(357.5 480.54922),(358.5 486.86145),(359.5 485.78104),(360.5 455.2615),(361.5 470.21707),(362.5 437.819),(363.5 432.598),(364.5 430.33612),(365.5 430.42285),(366.5 426.92554),(367.5 420.7278),(368.5 418.7175),(369.5 418.84625),(370.5 401.35364),(371.5 394.1799),(372.5 388.57904),(373.5 380.0391),(374.5 366.138),(375.5 371.99683),(376.5 355.935),(377.5 342.4062),(378.5 347.97794),(379.5 351.61093),(380.5 358.6306),(381.5 356.01215),(382.5 352.18582),(383.5 346.32822),(384.5 342.46225),(385.5 333.59335),(386.5 306.9561),(387.5 309.18707),(388.5 306.64023),(389.5 302.98615),(390.5 308.84756),(391.5 297.73203),(392.5 304.43002),(393.5 298.01898),(394.5 289.3856),(395.5 292.35458),(396.5 276.09662),(397.5 279.9879),(398.5 280.039),(399.5 276.73917),(400.5 265.5118),(401.5 267.07263),(402.5 265.24396),(403.5 255.03639),(404.5 266.52853),(405.5 255.18504),(406.5 238.70628),(407.5 244.54123),(408.5 231.07779),(409.5 239.10881),(410.5 230.22385),(411.5 228.87859),(412.5 234.95854),(413.5 223.1683),(414.5 225.60776),(415.5 220.65923),(416.5 215.62297),(417.5 215.2457),(418.5 218.05229),(419.5 213.23415),(420.5 213.16562),(421.5 205.5028),(422.5 201.91289),(423.5 195.17911),(424.5 200.37408),(425.5 199.26784),(426.5 191.92319),(427.5 183.51074),(428.5 185.55339),(429.5 182.07124),(430.5 185.56398),(431.5 183.06158),(432.5 175.95879),(433.5 176.95488),(434.5 175.5496),(435.5 176.21573),(436.5 169.64934),(437.5 171.40489),(438.5 167.03337),(439.5 161.89285),(440.5 157.28351),(441.5 154.72232),(442.5 155.62164),(443.5 156.28188),(444.5 150.22235),(445.5 151.69057),(446.5 147.77296),(447.5 145.04343),(448.5 148.14442),(449.5 139.80989),(450.5 144.00456),(451.5 144.10942),(452.5 146.26228),(453.5 143.94113),(454.5 137.89781),(455.5 139.43353),(456.5 137.94576),(457.5 135.26973),(458.5 138.25876),(459.5 132.01567),(460.5 133.06534),(461.5 127.7251),(462.5 125.355896),(463.5 125.31108),(464.5 125.26812),(465.5 127.3012),(466.5 127.10592),(467.5 129.67532),(468.5 123.06255),(469.5 125.6324),(470.5 121.62866),(471.5 119.52767),(472.5 121.06084),(473.5 122.75477),(474.5 120.396126),(475.5 119.871994),(476.5 120.85261),(477.5 117.70654),(478.5 115.819336),(479.5 113.10248),(480.5 114.13239),(481.5 113.187675),(482.5 116.05616),(483.5 113.16492),(484.5 112.74218),(485.5 109.62566),(486.5 110.05234),(487.5 109.18647),(488.5 112.14638),(489.5 113.04185),(490.5 113.585976),(491.5 108.980934),(492.5 111.07446),(493.5 108.88602),(494.5 110.07834),(495.5 105.87062),(496.5 107.316124),(497.5 108.03318),(498.5 106.38624),(499.5 108.70472),
(1.5 10717385),(2.5 9399533),(3.5 15223300),(4.5 14918603),(5.5 18479008),(6.5 14599472),(7.5 10502127),(8.5 10509899),(9.5 6796160),(10.5 8899870),(11.5 8037108),(12.5 6571413),(13.5 7170302),(14.5 5921302),(15.5 4821353.5),(16.5 4224196),(17.5 4178599.3),(18.5 2989251.8),(19.5 3291297),(20.5 2709933.8),(21.5 2482319.3),(22.5 2476874.8),(23.5 1708965.5),(24.5 1751551.5),(25.5 1777963.9),(26.5 1440257.8),(27.5 1367734.4),(28.5 1534617.6),(29.5 1284694.6),(30.5 1113217.8),(31.5 1070071.9),(32.5 1138673.6),(33.5 1011114.6),(34.5 838920.8),(35.5 769053.44),(36.5 749879.94),(37.5 701742.5),(38.5 689463.56),(39.5 700262.2),(40.5 637767.6),(41.5 610245.56),(42.5 579714.5),(43.5 568239.44),(44.5 468035.22),(45.5 437913.25),(46.5 426862.03),(47.5 439034.53),(48.5 418158.13),(49.5 392292.2),(50.5 332252.22),(51.5 324276.75),(52.5 329141.63),(53.5 293393.16),(54.5 274016.3),(55.5 296621.34),(56.5 252718.16),(57.5 223838.45),(58.5 219512.02),(59.5 224049.64),(60.5 220371.05),(61.5 232348.05),(62.5 244939.95),(63.5 232402.23),(64.5 218716),(65.5 199216.14),(66.5 198902.2),(67.5 168561.58),(68.5 160971.58),(69.5 161492.8),(70.5 153949.66),(71.5 148834.33),(72.5 144653.44),(73.5 158981.98),(74.5 140768.69),(75.5 130835.04),(76.5 110798.98),(77.5 113248.16),(78.5 118500.72),(79.5 122882.88),(80.5 129225.07),(81.5 124542.95),(82.5 102648.266),(83.5 95833.29),(84.5 89810.49),(85.5 84614.48),(86.5 92686.95),(87.5 86218.03),(88.5 87754.15),(89.5 79309.766),(90.5 77791.29),(91.5 80523.18),(92.5 76245.26),(93.5 77414.75),(94.5 69176.016),(95.5 80279.29),(96.5 81080.23),(97.5 71068.83),(98.5 64217.25),(99.5 59635.51),(100.5 58423.805),(101.5 60488.184),(102.5 60158.414),(103.5 58339.977),(104.5 52784.69),(105.5 51174.348),(106.5 49282.09),(107.5 52449.99),(108.5 53103.75),(109.5 51525.406),(110.5 51059.234),(111.5 46672.72),(112.5 45937.375),(113.5 43469.113),(114.5 41945.367),(115.5 41162.742),(116.5 37750.19),(117.5 37889.54),(118.5 38510.72),(119.5 37784.55),(120.5 38194.914),(121.5 34879.293),(122.5 34405.59),(123.5 36180.734),(124.5 33555.63),(125.5 32851.45),(126.5 30818.75),(127.5 30290.13),(128.5 30811.766),(129.5 30538.17),(130.5 29623.701),(131.5 26552.15),(132.5 27510.016),(133.5 28735.498),(134.5 27438.22),(135.5 24961.082),(136.5 25321.814),(137.5 25146.252),(138.5 24530.438),(139.5 23547.25),(140.5 23352.275),(141.5 24003.172),(142.5 24191.252),(143.5 21969.217),(144.5 22047.316),(145.5 20658.416),(146.5 20680.217),(147.5 20197.871),(148.5 20058.537),(149.5 20927.328),(150.5 20648.441),(151.5 19458.96),(152.5 17897.041),(153.5 17705.781),(154.5 16681.473),(155.5 16131.911),(156.5 16042.959),(157.5 16130.166),(158.5 15982.314),(159.5 16000.249),(160.5 15370.578),(161.5 14819.959),(162.5 14366.927),(163.5 14124.987),(164.5 13711.964),(165.5 13404.105),(166.5 13254.647),(167.5 13506.809),(168.5 13071.797),(169.5 12112.495),(170.5 12272.835),(171.5 11932.426),(172.5 11906.921),(173.5 12204.52),(174.5 11573.803),(175.5 11599.981),(176.5 10803.078),(177.5 10648.001),(178.5 10790.547),(179.5 10202.012),(180.5 10324.6875),(181.5 9766.746),(182.5 9602.307),(183.5 9837.097),(184.5 9640.891),(185.5 9650.735),(186.5 8996.058),(187.5 9085.142),(188.5 8530.749),(189.5 8350.066),(190.5 8736.595),(191.5 8278.256),(192.5 8332.076),(193.5 7944.548),(194.5 8150.006),(195.5 7882.677),(196.5 7560.359),(197.5 7592.0815),(198.5 7060.8174),(199.5 6654.289),(200.5 6847.4844),(201.5 7019.001),(202.5 6892.845),(203.5 6760.7305),(204.5 6798.2153),(205.5 6521.2227),(206.5 6248.25),(207.5 6318.256),(208.5 6097.29),(209.5 6073.735),(210.5 5920.547),(211.5 5736.5566),(212.5 5759.9805),(213.5 5503.1807),(214.5 5265.5146),(215.5 5441.8887),(216.5 5120.461),(217.5 5031.263),(218.5 5131.3164),(219.5 4835.6646),(220.5 4799.2446),(221.5 5066.8745),(222.5 4790.351),(223.5 4814.7534),(224.5 4377.615),(225.5 4506.7573),(226.5 4379.0884),(227.5 4116.874),(228.5 4109.376),(229.5 4215.1826),(230.5 4165.187),(231.5 4029.9973),(232.5 3933.8586),(233.5 3793.8254),(234.5 3578.3252),(235.5 3568.92),(236.5 3566.548),(237.5 3440.478),(238.5 3557.045),(239.5 3466.6082),(240.5 3508.5488),(241.5 3292.9531),(242.5 3321.8293),(243.5 3253.56),(244.5 3120.1858),(245.5 3083.7258),(246.5 2976.0356),(247.5 3008.052),(248.5 2914.8071),(249.5 2757.838),(250.5 2749.0815),(251.5 2587.0325),(252.5 2616.8037),(253.5 2611.1628),(254.5 2535.3665),(255.5 2542.9202),(256.5 2546.642),(257.5 2549.0134),(258.5 2557.3477),(259.5 2436.7668),(260.5 2373.2498),(261.5 2348.449),(262.5 2233.049),(263.5 2172.2422),(264.5 2170.4414),(265.5 2135.446),(266.5 2108.5334),(267.5 2070.6472),(268.5 2041.5919),(269.5 2016.6224),(270.5 2003.3563),(271.5 1943.6941),(272.5 1934.0056),(273.5 1955.93),(274.5 1854.2567),(275.5 1799.8611),(276.5 1723.5504),(277.5 1697.6222),(278.5 1682.7225),(279.5 1639.7429),(280.5 1587.6348),(281.5 1573.9124),(282.5 1613.3933),(283.5 1676.3364),(284.5 1644.782),(285.5 1624.9607),(286.5 1587.6166),(287.5 1485.037),(288.5 1431.5348),(289.5 1428.2561),(290.5 1426.8944),(291.5 1437.6971),(292.5 1360.1312),(293.5 1367.5955),(294.5 1287.8348),(295.5 1302.5288),(296.5 1266.3641),(297.5 1249.4359),(298.5 1191.9441),(299.5 1160.2539),(300.5 1198.7872),(301.5 1162.5066),(302.5 1149.8076),(303.5 1181.9321),(304.5 1125.1647),(305.5 1110.9662),(306.5 1075.6255),(307.5 1085.7115),(308.5 1063.3519),(309.5 1044.9572),(310.5 1060.1061),(311.5 1028.3782),(312.5 1052.5924),(313.5 1014.067),(314.5 975.5058),(315.5 967.0154),(316.5 929.4725),(317.5 950.701),(318.5 902.94324),(319.5 907.32983),(320.5 877.9028),(321.5 890.2131),(322.5 862.46564),(323.5 864.0986),(324.5 833.7512),(325.5 811.3357),(326.5 784.0964),(327.5 800.7254),(328.5 770.4002),(329.5 773.9504),(330.5 731.9768),(331.5 731.2284),(332.5 726.2311),(333.5 746.3746),(334.5 708.2984),(335.5 686.50586),(336.5 655.3691),(337.5 640.1712),(338.5 648.48456),(339.5 638.609),(340.5 626.23315),(341.5 611.79315),(342.5 614.5238),(343.5 611.4325),(344.5 621.754),(345.5 574.2325),(346.5 585.18756),(347.5 573.9636),(348.5 569.5036),(349.5 553.27136),(350.5 545.66644),(351.5 527.83325),(352.5 518.62384),(353.5 508.7004),(354.5 513.2437),(355.5 497.48016),(356.5 508.87335),(357.5 483.7175),(358.5 488.61588),(359.5 484.1213),(360.5 454.28308),(361.5 470.48694),(362.5 437.43332),(363.5 430.7763),(364.5 424.1855),(365.5 423.2443),(366.5 424.61877),(367.5 421.12195),(368.5 415.08575),(369.5 414.7538),(370.5 401.56223),(371.5 395.25256),(372.5 390.53857),(373.5 382.67764),(374.5 369.91754),(375.5 369.19424),(376.5 354.45502),(377.5 342.86047),(378.5 347.19238),(379.5 350.3052),(380.5 356.0964),(381.5 355.93878),(382.5 352.13007),(383.5 346.88776),(384.5 340.9486),(385.5 329.93497),(386.5 310.0666),(387.5 314.27155),(388.5 310.04642),(389.5 306.07062),(390.5 310.91812),(391.5 300.91055),(392.5 310.15335),(393.5 300.1659),(394.5 292.14627),(395.5 293.75317),(396.5 279.0582),(397.5 284.86108),(398.5 282.7913),(399.5 279.52484),(400.5 267.4269),(401.5 269.30704),(402.5 267.9388),(403.5 258.89624),(404.5 267.7823),(405.5 255.95625),(406.5 240.85431),(407.5 245.1252),(408.5 232.23318),(409.5 239.55603),(410.5 227.09454),(411.5 229.91599),(412.5 234.40616),(413.5 224.50916),(414.5 226.27629),(415.5 222.07309),(416.5 217.8539),(417.5 214.71748),(418.5 217.88318),(419.5 213.26065),(420.5 214.86769),(421.5 206.98299),(422.5 202.07123),(423.5 194.87888),(424.5 198.06284),(425.5 199.20767),(426.5 191.53302),(427.5 185.69055),(428.5 188.84361),(429.5 183.46292),(430.5 187.00728),(431.5 184.50227),(432.5 176.0042),(433.5 178.2424),(434.5 177.46005),(435.5 177.64047),(436.5 170.78894),(437.5 171.89145),(438.5 167.49081),(439.5 163.45026),(440.5 158.75471),(441.5 155.37286),(442.5 156.37721),(443.5 155.61566),(444.5 151.39777),(445.5 152.49588),(446.5 148.72737),(447.5 145.59843),(448.5 150.44202),(449.5 141.8836),(450.5 144.24455),(451.5 145.12358),(452.5 146.76036),(453.5 143.77658),(454.5 138.68323),(455.5 140.48242),(456.5 137.88905),(457.5 135.24306),(458.5 138.85071),(459.5 131.81395),(460.5 133.5835),(461.5 127.297714),(462.5 126.11157),(463.5 125.17092),(464.5 124.209526),(465.5 127.14135),(466.5 127.53119),(467.5 129.77664),(468.5 124.31406),(469.5 125.95029),(470.5 121.77954),(471.5 120.72066),(472.5 121.30069),(473.5 122.67725),(474.5 120.20945),(475.5 119.07891),(476.5 121.91138),(477.5 118.72647),(478.5 116.842476),(479.5 114.12215),(480.5 115.03664),(481.5 113.46004),(482.5 115.31033),(483.5 112.88464),(484.5 113.41253),(485.5 110.44126),(486.5 110.38177),(487.5 108.832275),(488.5 112.67353),(489.5 113.864334),(490.5 112.04794),(491.5 109.43965),(492.5 110.84674),(493.5 108.07796),(494.5 109.74287),(495.5 107.25264),(496.5 108.183495),(497.5 108.43688),(498.5 106.32208),(499.5 108.474),
(1.5 10778785),(2.5 9541972),(3.5 15531837),(4.5 15133303),(5.5 18396464),(6.5 14582592),(7.5 10453498),(8.5 10553021),(9.5 6837516.5),(10.5 8905031),(11.5 8131534),(12.5 6643463.5),(13.5 7172527.5),(14.5 5908960),(15.5 4839004),(16.5 4225441),(17.5 4147496.8),(18.5 3014513.5),(19.5 3271890),(20.5 2739198),(21.5 2526541.5),(22.5 2516655.8),(23.5 1715618.9),(24.5 1755833.5),(25.5 1775037.9),(26.5 1444145.8),(27.5 1363545),(28.5 1522410.9),(29.5 1280093.8),(30.5 1096007.1),(31.5 1067785.6),(32.5 1153150.8),(33.5 1010653.8),(34.5 843245.3),(35.5 763696.6),(36.5 758367.06),(37.5 697261.25),(38.5 693998.3),(39.5 705826.7),(40.5 642020.75),(41.5 609773.7),(42.5 579216.44),(43.5 572868.25),(44.5 469351.44),(45.5 435288.13),(46.5 423004.13),(47.5 435122),(48.5 418230.7),(49.5 392899.84),(50.5 332040.56),(51.5 334620.06),(52.5 331455.84),(53.5 293930.03),(54.5 276318.25),(55.5 297826.6),(56.5 255963.89),(57.5 229174.7),(58.5 222572.98),(59.5 223292),(60.5 221857.63),(61.5 235258.4),(62.5 247102.88),(63.5 234714.17),(64.5 218031.45),(65.5 199052.4),(66.5 196364.44),(67.5 166747.39),(68.5 156923.39),(69.5 157112.3),(70.5 152337.69),(71.5 149055.92),(72.5 145382),(73.5 160722.97),(74.5 143452.58),(75.5 131326.14),(76.5 111003.875),(77.5 115079.94),(78.5 119430.7),(79.5 121990.48),(80.5 127574.664),(81.5 125035.02),(82.5 101433.02),(83.5 94859.79),(84.5 88951.02),(85.5 84980.766),(86.5 93268.22),(87.5 86144.5),(88.5 88422.11),(89.5 79065.07),(90.5 77887.414),(91.5 79977.4),(92.5 76947.516),(93.5 78006.98),(94.5 70217.48),(95.5 80343.18),(96.5 81319.85),(97.5 70451.87),(98.5 64261.164),(99.5 60210.555),(100.5 58901.633),(101.5 60714.934),(102.5 60113.625),(103.5 58877.68),(104.5 53107.695),(105.5 51505.645),(106.5 49598.188),(107.5 52760.543),(108.5 53541.066),(109.5 51487.355),(110.5 50879.836),(111.5 47050.164),(112.5 46408.535),(113.5 43818.26),(114.5 42030.855),(115.5 41519.09),(116.5 38133.395),(117.5 38180.234),(118.5 38824.86),(119.5 37918.844),(120.5 38474.496),(121.5 34792.227),(122.5 34966.53),(123.5 35916.137),(124.5 33533.94),(125.5 33194.605),(126.5 31344.926),(127.5 30579.049),(128.5 30913.748),(129.5 30608.646),(130.5 29655.49),(131.5 26570.432),(132.5 27578.164),(133.5 28809.264),(134.5 27477.121),(135.5 24970.193),(136.5 25672.422),(137.5 25230.47),(138.5 24692.816),(139.5 23891.92),(140.5 23626.742),(141.5 23978.594),(142.5 24092.334),(143.5 22004.545),(144.5 22177.766),(145.5 20729.553),(146.5 20786.639),(147.5 20439.717),(148.5 20200.332),(149.5 21089.873),(150.5 20596.137),(151.5 19486.441),(152.5 17924.063),(153.5 17744.215),(154.5 16971.45),(155.5 16293.388),(156.5 16186.409),(157.5 16230.436),(158.5 16306.348),(159.5 16022.512),(160.5 15505.182),(161.5 15043.287),(162.5 14404.176),(163.5 14232.917),(164.5 13872.721),(165.5 13411.297),(166.5 13358.996),(167.5 13485.351),(168.5 13129.596),(169.5 12298.079),(170.5 12556.707),(171.5 12015.292),(172.5 11925.967),(173.5 12323.538),(174.5 11678.908),(175.5 11693.952),(176.5 10891.107),(177.5 10752.109),(178.5 10905.83),(179.5 10261.915),(180.5 10446.696),(181.5 9937.926),(182.5 9524.238),(183.5 9827.041),(184.5 9648.8545),(185.5 9655.159),(186.5 9079.846),(187.5 9153.717),(188.5 8576.941),(189.5 8529.521),(190.5 8795.619),(191.5 8355.586),(192.5 8389.051),(193.5 7969.0254),(194.5 8120.0205),(195.5 7920.701),(196.5 7581.9683),(197.5 7603.918),(198.5 7070.3584),(199.5 6697.2935),(200.5 6899.142),(201.5 7125.769),(202.5 6983.604),(203.5 6798.099),(204.5 6910.801),(205.5 6620.283),(206.5 6310.776),(207.5 6359.534),(208.5 6136.417),(209.5 6090.256),(210.5 5912.848),(211.5 5826.4546),(212.5 5830.3325),(213.5 5524.354),(214.5 5295.376),(215.5 5447.1895),(216.5 5107.2563),(217.5 5040.67),(218.5 5165.941),(219.5 4882.6704),(220.5 4855.625),(221.5 5100.7964),(222.5 4805.36),(223.5 4888.3184),(224.5 4398.899),(225.5 4545.6113),(226.5 4416.6177),(227.5 4102.3467),(228.5 4140.929),(229.5 4217.1675),(230.5 4230.685),(231.5 4096.881),(232.5 3986.1543),(233.5 3823.4688),(234.5 3636.2268),(235.5 3621.4207),(236.5 3555.6365),(237.5 3498.7937),(238.5 3651.6062),(239.5 3546.018),(240.5 3564.188),(241.5 3329.5942),(242.5 3344.79),(243.5 3293.5774),(244.5 3137.6016),(245.5 3110.3992),(246.5 2943.624),(247.5 2992.305),(248.5 2950.1145),(249.5 2788.6707),(250.5 2758.7808),(251.5 2563.2446),(252.5 2643.1362),(253.5 2659.8433),(254.5 2572.9487),(255.5 2580.0996),(256.5 2571.8906),(257.5 2560.3271),(258.5 2567.8596),(259.5 2444.5928),(260.5 2390.8608),(261.5 2353.111),(262.5 2257.093),(263.5 2210.0513),(264.5 2181.3086),(265.5 2139.0713),(266.5 2137.7974),(267.5 2075.0432),(268.5 2059.2344),(269.5 2026.3091),(270.5 2007.8792),(271.5 1932.5323),(272.5 1931.952),(273.5 1966.654),(274.5 1878.17),(275.5 1813.1289),(276.5 1741.8619),(277.5 1684.288),(278.5 1685.6957),(279.5 1631.1777),(280.5 1604.0604),(281.5 1594.4601),(282.5 1637.3314),(283.5 1685.5521),(284.5 1660.4319),(285.5 1643.7338),(286.5 1611.9115),(287.5 1492.9813),(288.5 1433.202),(289.5 1437.3813),(290.5 1427.3805),(291.5 1440.5045),(292.5 1372.091),(293.5 1379.9458),(294.5 1279.2538),(295.5 1301.8563),(296.5 1271.0221),(297.5 1260.2928),(298.5 1206.0769),(299.5 1156.5695),(300.5 1202.8783),(301.5 1157.1859),(302.5 1155.551),(303.5 1186.1954),(304.5 1131.3496),(305.5 1120.1349),(306.5 1095.1542),(307.5 1100.6093),(308.5 1070.9731),(309.5 1049.9592),(310.5 1063.4813),(311.5 1031.8352),(312.5 1058.3578),(313.5 1023.03186),(314.5 988.27563),(315.5 971.3922),(316.5 929.46063),(317.5 963.66754),(318.5 905.92816),(319.5 915.80524),(320.5 883.7795),(321.5 894.0537),(322.5 857.3756),(323.5 874.0392),(324.5 842.6307),(325.5 812.263),(326.5 793.3223),(327.5 806.3686),(328.5 779.7744),(329.5 785.9317),(330.5 735.47546),(331.5 741.7662),(332.5 740.0558),(333.5 754.6572),(334.5 719.64954),(335.5 691.2252),(336.5 659.56165),(337.5 642.65466),(338.5 650.8363),(339.5 640.90326),(340.5 620.3244),(341.5 610.98883),(342.5 611.2514),(343.5 609.1795),(344.5 622.3947),(345.5 567.0969),(346.5 579.3116),(347.5 577.11444),(348.5 572.7261),(349.5 552.227),(350.5 545.2255),(351.5 532.8238),(352.5 516.26843),(353.5 511.94998),(354.5 516.76697),(355.5 498.3224),(356.5 509.6544),(357.5 482.32935),(358.5 483.02475),(359.5 483.45947),(360.5 453.39572),(361.5 473.00983),(362.5 437.55148),(363.5 427.13522),(364.5 424.4617),(365.5 428.79828),(366.5 429.74423),(367.5 423.27753),(368.5 411.88843),(369.5 413.76187),(370.5 398.87274),(371.5 392.64023),(372.5 385.8345),(373.5 379.3258),(374.5 369.51367),(375.5 369.8019),(376.5 361.35193),(377.5 347.0831),(378.5 348.16684),(379.5 351.3854),(380.5 359.52264),(381.5 357.23798),(382.5 353.33716),(383.5 346.2798),(384.5 342.31537),(385.5 331.47116),(386.5 310.8262),(387.5 318.07315),(388.5 312.09048),(389.5 304.8706),(390.5 307.617),(391.5 302.03998),(392.5 312.50287),(393.5 302.0858),(394.5 293.78464),(395.5 295.31833),(396.5 278.7454),(397.5 283.33685),(398.5 283.55637),(399.5 280.04904),(400.5 270.495),(401.5 271.7195),(402.5 269.24286),(403.5 258.4876),(404.5 266.5775),(405.5 255.58066),(406.5 241.80464),(407.5 246.26753),(408.5 234.57283),(409.5 240.11838),(410.5 229.1412),(411.5 230.4041),(412.5 237.1117),(413.5 224.68513),(414.5 228.83368),(415.5 222.68301),(416.5 219.22424),(417.5 215.33139),(418.5 218.91534),(419.5 213.44046),(420.5 214.33723),(421.5 207.13014),(422.5 202.03102),(423.5 195.05501),(424.5 198.58252),(425.5 199.04007),(426.5 190.91362),(427.5 185.42586),(428.5 187.58041),(429.5 184.89418),(430.5 188.14691),(431.5 185.12053),(432.5 177.78178),(433.5 179.8917),(434.5 177.99965),(435.5 178.19727),(436.5 171.5766),(437.5 173.39264),(438.5 169.09578),(439.5 165.31708),(440.5 159.84091),(441.5 156.85878),(442.5 157.69135),(443.5 156.24516),(444.5 151.70676),(445.5 153.34561),(446.5 150.35313),(447.5 146.79446),(448.5 150.88173),(449.5 142.85233),(450.5 144.70462),(451.5 144.97108),(452.5 146.909),(453.5 144.26674),(454.5 139.15717),(455.5 139.47108),(456.5 138.74152),(457.5 135.74603),(458.5 139.289),(459.5 132.8155),(460.5 133.64485),(461.5 127.89741),(462.5 127.37407),(463.5 125.745605),(464.5 123.64566),(465.5 127.48631),(466.5 125.78811),(467.5 129.36525),(468.5 124.00989),(469.5 126.363976),(470.5 122.10992),(471.5 121.14026),(472.5 121.60959),(473.5 122.92251),(474.5 119.49854),(475.5 118.59509),(476.5 121.779785),(477.5 119.30435),(478.5 116.32517),(479.5 114.46969),(480.5 113.491325),(481.5 113.46073),(482.5 115.99456),(483.5 112.94968),(484.5 113.80831),(485.5 110.274124),(486.5 110.130295),(487.5 108.99259),(488.5 113.37513),(489.5 114.257454),(490.5 112.59176),(491.5 109.30239),(492.5 111.312294),(493.5 107.7938),(494.5 109.95085),(495.5 107.07169),(496.5 108.82064),(497.5 109.16491),(498.5 107.21259),(499.5 109.253456),
(1.5 10850616),(2.5 9669203),(3.5 15735068),(4.5 15301708),(5.5 18256014),(6.5 14540339),(7.5 10396501),(8.5 10587360),(9.5 6904020),(10.5 8923683),(11.5 8214539.5),(12.5 6724935),(13.5 7164364),(14.5 5888871.5),(15.5 4856611.5),(16.5 4224967.5),(17.5 4123192),(18.5 3038160.5),(19.5 3245692.5),(20.5 2772064),(21.5 2564691.3),(22.5 2554371.8),(23.5 1722877.3),(24.5 1760525.3),(25.5 1770149.8),(26.5 1449553.6),(27.5 1360705.9),(28.5 1507125.4),(29.5 1273783.5),(30.5 1081315),(31.5 1072051.8),(32.5 1171676.4),(33.5 1010660.44),(34.5 846488.4),(35.5 759326.6),(36.5 765686.1),(37.5 695224.56),(38.5 697744.25),(39.5 708868.56),(40.5 645126.1),(41.5 610360.44),(42.5 577245.75),(43.5 577275.8),(44.5 469974.22),(45.5 434366.5),(46.5 422903.9),(47.5 432336.13),(48.5 417942.38),(49.5 391994.03),(50.5 330643.44),(51.5 342575.53),(52.5 334639.72),(53.5 293399.38),(54.5 278650.28),(55.5 299799.47),(56.5 260143.03),(57.5 235291.1),(58.5 225877.17),(59.5 221098.98),(60.5 223291.4),(61.5 237862.72),(62.5 249095.67),(63.5 236705.88),(64.5 216115.9),(65.5 198180.56),(66.5 194362.34),(67.5 164368),(68.5 153885.06),(69.5 152850.36),(70.5 151062.03),(71.5 149472.88),(72.5 146378.27),(73.5 162698.53),(74.5 145765.88),(75.5 131047.05),(76.5 111324.4),(77.5 116236.93),(78.5 120122.3),(79.5 121497.055),(80.5 126379.15),(81.5 125550.22),(82.5 100676.99),(83.5 93943.91),(84.5 88132.125),(85.5 85477.35),(86.5 93607.5),(87.5 85893.82),(88.5 88385.15),(89.5 78552.52),(90.5 77958.26),(91.5 79864.81),(92.5 77428.89),(93.5 78371.086),(94.5 70793.484),(95.5 80316.1),(96.5 81948.4),(97.5 70141.414),(98.5 64322.652),(99.5 60667.047),(100.5 59661.316),(101.5 61060.14),(102.5 60407.31),(103.5 59506.363),(104.5 53827.176),(105.5 52008.75),(106.5 49733.17),(107.5 53271.76),(108.5 53592.805),(109.5 51332.46),(110.5 50529.96),(111.5 47336.07),(112.5 46861.516),(113.5 43981.96),(114.5 41926.2),(115.5 42028.754),(116.5 38516.484),(117.5 38699.63),(118.5 39135.727),(119.5 38436.566),(120.5 38784.848),(121.5 34709.215),(122.5 35257.188),(123.5 35628.44),(124.5 33407.17),(125.5 33346.68),(126.5 31638.666),(127.5 30708.207),(128.5 30741.42),(129.5 30392.521),(130.5 29699.564),(131.5 26498.572),(132.5 27611.77),(133.5 28703.354),(134.5 27522.29),(135.5 25024.672),(136.5 25945.016),(137.5 25185.648),(138.5 24768.906),(139.5 24172.236),(140.5 23867.482),(141.5 23876.248),(142.5 23906.555),(143.5 22018.805),(144.5 22369.809),(145.5 20781.99),(146.5 20658.822),(147.5 20545.355),(148.5 20333.854),(149.5 21267.543),(150.5 20638.424),(151.5 19526.742),(152.5 18064.287),(153.5 17856.518),(154.5 17189.533),(155.5 16592.617),(156.5 16289.683),(157.5 16375.331),(158.5 16491.535),(159.5 16048.787),(160.5 15592.639),(161.5 15223.804),(162.5 14479.564),(163.5 14492.441),(164.5 14084.901),(165.5 13460.527),(166.5 13460.182),(167.5 13479.755),(168.5 13262.504),(169.5 12519.659),(170.5 12825.653),(171.5 12097.392),(172.5 11984.297),(173.5 12305.967),(174.5 11776.985),(175.5 11778.527),(176.5 11003.844),(177.5 10828.925),(178.5 11072.511),(179.5 10309.48),(180.5 10479.617),(181.5 10022.774),(182.5 9497.748),(183.5 9830.086),(184.5 9736.789),(185.5 9691.091),(186.5 9135.423),(187.5 9215.011),(188.5 8661.5),(189.5 8731.24),(190.5 8921.6455),(191.5 8412.378),(192.5 8432.713),(193.5 7964.7573),(194.5 8081.5),(195.5 7912.5576),(196.5 7581.3984),(197.5 7532.877),(198.5 7097.235),(199.5 6706.3516),(200.5 6915.841),(201.5 7141.121),(202.5 6983.192),(203.5 6833.2383),(204.5 7037.1426),(205.5 6637.036),(206.5 6359.1396),(207.5 6386.279),(208.5 6203.0415),(209.5 6100.048),(210.5 5879.6377),(211.5 5837),(212.5 5844.8774),(213.5 5535.6104),(214.5 5313.9224),(215.5 5455.488),(216.5 5116.8623),(217.5 5057.9873),(218.5 5176.5034),(219.5 4935.2915),(220.5 4959.5015),(221.5 5105.942),(222.5 4830.2646),(223.5 4901.6006),(224.5 4393.031),(225.5 4580.4604),(226.5 4432.573),(227.5 4132.962),(228.5 4165.491),(229.5 4190.9995),(230.5 4240.9336),(231.5 4131.8154),(232.5 4042.5984),(233.5 3848.9502),(234.5 3655.3142),(235.5 3612.1494),(236.5 3558.6628),(237.5 3564.908),(238.5 3738.406),(239.5 3600.7708),(240.5 3633.2449),(241.5 3368.7913),(242.5 3355.497),(243.5 3296.4377),(244.5 3130.2375),(245.5 3126.0715),(246.5 2959.4631),(247.5 3001.3447),(248.5 2970.336),(249.5 2797.8198),(250.5 2746.988),(251.5 2571.4487),(252.5 2638.7568),(253.5 2682.217),(254.5 2621.9846),(255.5 2605.517),(256.5 2572.6433),(257.5 2604.2354),(258.5 2600.2805),(259.5 2472.649),(260.5 2415.019),(261.5 2355.1694),(262.5 2269.4377),(263.5 2228.4854),(264.5 2204.056),(265.5 2157.796),(266.5 2145.985),(267.5 2089.8108),(268.5 2086.5461),(269.5 2053.8418),(270.5 2028.337),(271.5 1945.6653),(272.5 1949.8894),(273.5 1967.9148),(274.5 1915.2711),(275.5 1814.5905),(276.5 1760.0529),(277.5 1712.8324),(278.5 1704.532),(279.5 1646.6884),(280.5 1636.0559),(281.5 1614.9144),(282.5 1657.2433),(283.5 1705.3776),(284.5 1677.0251),(285.5 1659.7664),(286.5 1629.168),(287.5 1490.046),(288.5 1443.9888),(289.5 1442.5189),(290.5 1437.5216),(291.5 1446.5688),(292.5 1367.72),(293.5 1372.8987),(294.5 1283.828),(295.5 1302.4214),(296.5 1265.823),(297.5 1265.009),(298.5 1211.9329),(299.5 1162.0717),(300.5 1208.5856),(301.5 1161.719),(302.5 1153.7999),(303.5 1195.8726),(304.5 1149.9939),(305.5 1134.075),(306.5 1108.2966),(307.5 1111.3466),(308.5 1082.1853),(309.5 1056.4243),(310.5 1060.2773),(311.5 1036.9489),(312.5 1047.4893),(313.5 1031.332),(314.5 997.1248),(315.5 974.7399),(316.5 935.1653),(317.5 964.27856),(318.5 905.8057),(319.5 919.53455),(320.5 897.2273),(321.5 895.1658),(322.5 866.03723),(323.5 879.68835),(324.5 853.06525),(325.5 825.3104),(326.5 798.239),(327.5 817.40015),(328.5 782.11646),(329.5 786.5816),(330.5 732.635),(331.5 740.5692),(332.5 735.20245),(333.5 757.3637),(334.5 725.387),(335.5 695.51404),(336.5 668.71655),(337.5 643.94037),(338.5 651.7013),(339.5 644.2741),(340.5 622.3045),(341.5 608.4141),(342.5 617.0998),(343.5 611.49774),(344.5 621.6682),(345.5 571.82434),(346.5 576.24023),(347.5 568.95776),(348.5 570.82855),(349.5 554.1527),(350.5 543.3843),(351.5 528.61584),(352.5 515.97406),(353.5 508.9973),(354.5 519.7806),(355.5 495.82687),(356.5 505.31726),(357.5 486.277),(358.5 491.09595),(359.5 488.6189),(360.5 457.43863),(361.5 476.2447),(362.5 436.20975),(363.5 426.32495),(364.5 422.77942),(365.5 431.98938),(366.5 435.7737),(367.5 423.98108),(368.5 414.91153),(369.5 417.042),(370.5 403.92963),(371.5 392.43945),(372.5 388.79852),(373.5 383.99258),(374.5 371.64563),(375.5 376.13214),(376.5 365.38055),(377.5 348.898),(378.5 351.3969),(379.5 354.50473),(380.5 360.9973),(381.5 359.94836),(382.5 353.45895),(383.5 348.30087),(384.5 343.1786),(385.5 334.68582),(386.5 311.85666),(387.5 320.4877),(388.5 313.35486),(389.5 303.5108),(390.5 310.58563),(391.5 305.52914),(392.5 314.4083),(393.5 302.18774),(394.5 295.60803),(395.5 298.08563),(396.5 279.869),(397.5 285.82144),(398.5 282.11267),(399.5 280.49915),(400.5 273.7458),(401.5 276.36813),(402.5 272.9177),(403.5 263.3827),(404.5 270.40317),(405.5 256.68326),(406.5 242.44257),(407.5 248.30151),(408.5 236.29857),(409.5 240.71),(410.5 228.91328),(411.5 229.60318),(412.5 239.22073),(413.5 225.05179),(414.5 228.18738),(415.5 222.00214),(416.5 218.98372),(417.5 215.69374),(418.5 219.39946),(419.5 212.67046),(420.5 216.02814),(421.5 207.33328),(422.5 201.46584),(423.5 193.24605),(424.5 196.95506),(425.5 199.1713),(426.5 192.25275),(427.5 185.9554),(428.5 189.57942),(429.5 186.32834),(430.5 187.26027),(431.5 186.46738),(432.5 178.7815),(433.5 181.15633),(434.5 179.45897),(435.5 179.98807),(436.5 173.47324),(437.5 173.80467),(438.5 167.53052),(439.5 165.59775),(440.5 160.60129),(441.5 157.51651),(442.5 157.15579),(443.5 156.98866),(444.5 154.28453),(445.5 152.38533),(446.5 151.72456),(447.5 148.32066),(448.5 151.55176),(449.5 145.27805),(450.5 144.8482),(451.5 146.47235),(452.5 146.11932),(453.5 144.85223),(454.5 138.82147),(455.5 139.5338),(456.5 139.95383),(457.5 137.09573),(458.5 139.321),(459.5 133.46617),(460.5 134.88678),(461.5 127.24902),(462.5 127.70207),(463.5 125.6295),(464.5 123.74277),(465.5 128.15593),(466.5 125.345924),(467.5 129.616),(468.5 124.20109),(469.5 126.071495),(470.5 123.00255),(471.5 121.29782),(472.5 122.85366),(473.5 124.17857),(474.5 121.07608),(475.5 119.24585),(476.5 123.03945),(477.5 119.8381),(478.5 117.425766),(479.5 115.534996),(480.5 113.81868),(481.5 114.28063),(482.5 116.32258),(483.5 112.419754),(484.5 114.241295),(485.5 110.920265),(486.5 110.10205),(487.5 109.297966),(488.5 113.69915),(489.5 114.17417),(490.5 113.44365),(491.5 108.75911),(492.5 111.14376),(493.5 107.74254),(494.5 110.28907),(495.5 107.087364),(496.5 108.65606),(497.5 110.08304),(498.5 106.934814),(499.5 109.49224),
(1.5 10856787),(2.5 9773771),(3.5 15909308),(4.5 15497902),(5.5 18128464),(6.5 14504501),(7.5 10351836),(8.5 10630737),(9.5 6991852.5),(10.5 8955859),(11.5 8302953.5),(12.5 6821140),(13.5 7156653.5),(14.5 5865406.5),(15.5 4871288),(16.5 4219340),(17.5 4103281),(18.5 3058961.5),(19.5 3224342),(20.5 2808290.8),(21.5 2603914.8),(22.5 2591278.8),(23.5 1735740.1),(24.5 1768919.9),(25.5 1768539),(26.5 1458060.5),(27.5 1358086.6),(28.5 1490002.6),(29.5 1268103.5),(30.5 1070378.5),(31.5 1082331.5),(32.5 1197354.1),(33.5 1013141.06),(34.5 851064.4),(35.5 755533.1),(36.5 773986.7),(37.5 695421.1),(38.5 702179.8),(39.5 711540.8),(40.5 647131.44),(41.5 610404.3),(42.5 575111.2),(43.5 582793.56),(44.5 472807.06),(45.5 436501.47),(46.5 426708.97),(47.5 431402.53),(48.5 417672.75),(49.5 389761.38),(50.5 328439.53),(51.5 348675),(52.5 339167.34),(53.5 293147.1),(54.5 282485.44),(55.5 302853.28),(56.5 265359.6),(57.5 241162.75),(58.5 227841.4),(59.5 218578.11),(60.5 224070.14),(61.5 239764.75),(62.5 250533.3),(63.5 237376.44),(64.5 213808.13),(65.5 197706.45),(66.5 193080.83),(67.5 162664.63),(68.5 151615.56),(69.5 149171.9),(70.5 149618.05),(71.5 149470.77),(72.5 146858.56),(73.5 163603.16),(74.5 148230.77),(75.5 131162.53),(76.5 112052.945),(77.5 117526.195),(78.5 121104.85),(79.5 120858.27),(80.5 125217.5),(81.5 124875.4),(82.5 100753.5),(83.5 92911.75),(84.5 88239.86),(85.5 86676.055),(86.5 94303.19),(87.5 85456.13),(88.5 88313.25),(89.5 78281.445),(90.5 78036.945),(91.5 79757.55),(92.5 78077.7),(93.5 78755.13),(94.5 70984.66),(95.5 80137.914),(96.5 82415.09),(97.5 70136.96),(98.5 64830.51),(99.5 61152.375),(100.5 60629.754),(101.5 61603.113),(102.5 61055.582),(103.5 59715.395),(104.5 54694.81),(105.5 52213.16),(106.5 50106.582),(107.5 54064.215),(108.5 53857.94),(109.5 51434.89),(110.5 50187.27),(111.5 47426.043),(112.5 47136.113),(113.5 43822.668),(114.5 42129.29),(115.5 42495.23),(116.5 38838.895),(117.5 39292.117),(118.5 39209.434),(119.5 38904.09),(120.5 38974.414),(121.5 34595.93),(122.5 35423.598),(123.5 35391.66),(124.5 33281.48),(125.5 33343.11),(126.5 31764.813),(127.5 30751.049),(128.5 30394.367),(129.5 29992.928),(130.5 29339.242),(131.5 26536.465),(132.5 27955.762),(133.5 28869.387),(134.5 27732.275),(135.5 25043.121),(136.5 26018.176),(137.5 25406.785),(138.5 25027.855),(139.5 24628.71),(140.5 23935.225),(141.5 23761.084),(142.5 23774.36),(143.5 22020.994),(144.5 22414.271),(145.5 20696.857),(146.5 20696.148),(147.5 20681.973),(148.5 20557.078),(149.5 21459.89),(150.5 20597.457),(151.5 19586.686),(152.5 18178.352),(153.5 18208.658),(154.5 17334.467),(155.5 16916.52),(156.5 16516.65),(157.5 16551.781),(158.5 16650.791),(159.5 16267.267),(160.5 15852.192),(161.5 15316.069),(162.5 14620.699),(163.5 14740.245),(164.5 14224.0205),(165.5 13524.971),(166.5 13606.67),(167.5 13486.537),(168.5 13286.1),(169.5 12726.585),(170.5 12965.677),(171.5 12243.347),(172.5 11976.077),(173.5 12325.375),(174.5 11775.466),(175.5 11743.521),(176.5 11146.152),(177.5 10913.028),(178.5 11253.432),(179.5 10434.462),(180.5 10436.992),(181.5 10002.83),(182.5 9588.678),(183.5 9762.729),(184.5 9751.842),(185.5 9645.877),(186.5 9279.101),(187.5 9246.005),(188.5 8862.259),(189.5 8817.611),(190.5 8962.98),(191.5 8392.317),(192.5 8483.152),(193.5 8037.9365),(194.5 8139.0933),(195.5 7902.1406),(196.5 7561.4507),(197.5 7496.155),(198.5 7111.463),(199.5 6705.045),(200.5 6935.194),(201.5 7148.8364),(202.5 7035.2803),(203.5 6915.576),(204.5 7044.658),(205.5 6640.851),(206.5 6397.186),(207.5 6384.8496),(208.5 6218.2896),(209.5 6082.49),(210.5 5853.71),(211.5 5860.347),(212.5 5854.998),(213.5 5545.842),(214.5 5309.9546),(215.5 5458.6733),(216.5 5149.1387),(217.5 5120.469),(218.5 5177.8423),(219.5 4968.5327),(220.5 4957.535),(221.5 5072.021),(222.5 4863.4126),(223.5 4935.1553),(224.5 4421.7173),(225.5 4568.0903),(226.5 4462.761),(227.5 4189.1606),(228.5 4171.097),(229.5 4149.506),(230.5 4219.745),(231.5 4089.9863),(232.5 4018.8708),(233.5 3852.8503),(234.5 3660.1387),(235.5 3601.587),(236.5 3554.8328),(237.5 3622.2454),(238.5 3773.5203),(239.5 3583.0032),(240.5 3597.7913),(241.5 3376.482),(242.5 3371.1199),(243.5 3303.9783),(244.5 3119.8943),(245.5 3117.071),(246.5 2962.9702),(247.5 3012.0989),(248.5 2947.869),(249.5 2800.9333),(250.5 2762.7935),(251.5 2599.0942),(252.5 2654.984),(253.5 2699.0605),(254.5 2658.7896),(255.5 2637.0225),(256.5 2561.152),(257.5 2605.6174),(258.5 2610.4065),(259.5 2490.9668),(260.5 2415.4165),(261.5 2363.717),(262.5 2298.313),(263.5 2268.5266),(264.5 2224.34),(265.5 2192.2869),(266.5 2176.5137),(267.5 2102.3594),(268.5 2074.0862),(269.5 2048.444),(270.5 2029.1906),(271.5 1939.5851),(272.5 1940.1687),(273.5 1966.1953),(274.5 1911.1727),(275.5 1843.6412),(276.5 1774.7894),(277.5 1730.5824),(278.5 1721.3877),(279.5 1664.1726),(280.5 1640.5068),(281.5 1629),(282.5 1674.4093),(283.5 1711.5752),(284.5 1693.6672),(285.5 1673.9207),(286.5 1651.51),(287.5 1493.8529),(288.5 1455.1666),(289.5 1460.9211),(290.5 1440.9177),(291.5 1453.373),(292.5 1379.1235),(293.5 1373.846),(294.5 1276.9092),(295.5 1310.2102),(296.5 1281.168),(297.5 1277.9901),(298.5 1220.8137),(299.5 1175.487),(300.5 1218.2303),(301.5 1170.7787),(302.5 1155.6793),(303.5 1198.7476),(304.5 1158.6115),(305.5 1130.5135),(306.5 1103.7855),(307.5 1116.6914),(308.5 1103.0381),(309.5 1062.9077),(310.5 1067.2783),(311.5 1039.4146),(312.5 1059.1511),(313.5 1044.4196),(314.5 1010.84143),(315.5 980.87616),(316.5 944.31665),(317.5 973.8295),(318.5 922.2421),(319.5 933.53235),(320.5 911.444),(321.5 918.58636),(322.5 882.53986),(323.5 886.12946),(324.5 864.356),(325.5 831.6458),(326.5 807.2859),(327.5 819.7252),(328.5 789.0859),(329.5 792.0441),(330.5 738.2219),(331.5 741.44653),(332.5 736.71246),(333.5 753.4137),(334.5 729.8513),(335.5 699.08167),(336.5 676.3962),(337.5 646.3878),(338.5 654.6088),(339.5 652.9616),(340.5 629.2757),(341.5 608.9595),(342.5 615.91754),(343.5 613.85803),(344.5 620.84705),(345.5 578.1652),(346.5 579.1998),(347.5 572.9596),(348.5 575.75024),(349.5 558.74634),(350.5 551.0706),(351.5 533.46564),(352.5 519.83295),(353.5 509.8334),(354.5 517.28674),(355.5 497.52475),(356.5 509.91095),(357.5 486.5307),(358.5 491.80365),(359.5 489.89282),(360.5 458.51068),(361.5 476.226),(362.5 445.55838),(363.5 433.3718),(364.5 423.98657),(365.5 433.0812),(366.5 435.72995),(367.5 424.0229),(368.5 415.24432),(369.5 422.7696),(370.5 408.30472),(371.5 394.11536),(372.5 390.04248),(373.5 384.4831),(374.5 377.31613),(375.5 379.037),(376.5 371.00552),(377.5 354.86636),(378.5 353.40646),(379.5 358.92914),(380.5 362.61572),(381.5 362.63702),(382.5 356.5717),(383.5 351.30963),(384.5 347.07724),(385.5 337.05862),(386.5 310.446),(387.5 318.0121),(388.5 313.98993),(389.5 302.8452),(390.5 311.1362),(391.5 309.4036),(392.5 317.06757),(393.5 304.85516),(394.5 299.53134),(395.5 301.638),(396.5 281.4624),(397.5 288.6238),(398.5 285.3675),(399.5 282.70816),(400.5 275.18347),(401.5 275.29382),(402.5 274.1016),(403.5 267.6209),(404.5 270.35077),(405.5 257.8391),(406.5 245.98071),(407.5 250.26147),(408.5 237.59361),(409.5 241.66695),(410.5 230.78436),(411.5 229.9502),(412.5 239.25978),(413.5 225.31091),(414.5 228.48363),(415.5 222.09784),(416.5 220.84575),(417.5 217.14284),(418.5 221.40208),(419.5 213.15948),(420.5 214.95308),(421.5 209.04779),(422.5 201.91008),(423.5 192.84946),(424.5 197.10849),(425.5 198.43407),(426.5 193.50853),(427.5 187.22003),(428.5 187.99608),(429.5 186.59843),(430.5 188.56804),(431.5 187.00685),(432.5 178.08794),(433.5 181.21497),(434.5 180.50478),(435.5 180.14993),(436.5 174.0311),(437.5 174.26926),(438.5 167.73248),(439.5 165.44742),(440.5 160.93999),(441.5 159.44713),(442.5 157.46327),(443.5 156.31998),(444.5 153.30807),(445.5 153.20163),(446.5 152.74811),(447.5 149.35817),(448.5 150.92719),(449.5 144.85756),(450.5 145.45139),(451.5 147.40651),(452.5 146.74657),(453.5 145.68323),(454.5 140.85191),(455.5 140.66031),(456.5 141.19121),(457.5 138.59897),(458.5 140.07837),(459.5 133.08958),(460.5 135.05135),(461.5 127.90071),(462.5 129.51692),(463.5 126.03401),(464.5 124.566055),(465.5 128.68144),(466.5 126.6672),(467.5 130.91728),(468.5 125.071106),(469.5 125.511604),(470.5 122.865715),(471.5 122.076385),(472.5 122.860725),(473.5 124.82942),(474.5 121.49579),(475.5 120.22486),(476.5 123.387),(477.5 121.441154),(478.5 117.259476),(479.5 115.906456),(480.5 115.14908),(481.5 115.37926),(482.5 117.592766),(483.5 113.39712),(484.5 114.99158),(485.5 111.00934),(486.5 112.098145),(487.5 110.410286),(488.5 114.15431),(489.5 114.85284),(490.5 114.65848),(491.5 109.25048),(492.5 112.53778),(493.5 109.62581),(494.5 109.63454),(495.5 107.49352),(496.5 110.22562),(497.5 110.55695),(498.5 107.400795),(499.5 109.276146),
(1.5 10911179),(2.5 9909662),(3.5 16176208),(4.5 15689959),(5.5 18000460),(6.5 14448414),(7.5 10307991),(8.5 10689728),(9.5 7101703.5),(10.5 8982386),(11.5 8388457.5),(12.5 6931313.5),(13.5 7142262.5),(14.5 5836129.5),(15.5 4880669),(16.5 4208108),(17.5 4095417),(18.5 3078003.5),(19.5 3200987.8),(20.5 2851838.3),(21.5 2643516.3),(22.5 2629076),(23.5 1752407.8),(24.5 1776674.8),(25.5 1771074.6),(26.5 1467386.4),(27.5 1354241.5),(28.5 1471668.6),(29.5 1261435.3),(30.5 1058542.6),(31.5 1095585.4),(32.5 1221795.5),(33.5 1017347.5),(34.5 856906.56),(35.5 753131),(36.5 780807.06),(37.5 698261.75),(38.5 705040.6),(39.5 715161.1),(40.5 648898.4),(41.5 608612),(42.5 573105.2),(43.5 586740.25),(44.5 476675.38),(45.5 440725.22),(46.5 433446.25),(47.5 434167.8),(48.5 418852.2),(49.5 387928.16),(50.5 326246.47),(51.5 353720.75),(52.5 345727.7),(53.5 293319.97),(54.5 286898.06),(55.5 307060.75),(56.5 271325.06),(57.5 245955.2),(58.5 229408.7),(59.5 215965.64),(60.5 223990.53),(61.5 240820.78),(62.5 250727.16),(63.5 236094.3),(64.5 210651.47),(65.5 197683.52),(66.5 192640.8),(67.5 162068.66),(68.5 150735.56),(69.5 146233.88),(70.5 148230.28),(71.5 149637.39),(72.5 147463.38),(73.5 164480.36),(74.5 150393.98),(75.5 131597.1),(76.5 113276.43),(77.5 118027.71),(78.5 121347.72),(79.5 120238.86),(80.5 123977.625),(81.5 123419.805),(82.5 100749.05),(83.5 91862.86),(84.5 88870.66),(85.5 87964.516),(86.5 94937.89),(87.5 84820.33),(88.5 88498.24),(89.5 77668.3),(90.5 77741.7),(91.5 80203.664),(92.5 78805.91),(93.5 78799.16),(94.5 71003.25),(95.5 80007.2),(96.5 82370.38),(97.5 70278.73),(98.5 65122.668),(99.5 61263.836),(100.5 61475.008),(101.5 62335.1),(102.5 61803.184),(103.5 59561.39),(104.5 55028.918),(105.5 52242.023),(106.5 50642.977),(107.5 54514.113),(108.5 53987.113),(109.5 51863.38),(110.5 49631.11),(111.5 47577.223),(112.5 47102.703),(113.5 43685.906),(114.5 42643.098),(115.5 42757.895),(116.5 39172.254),(117.5 39881.254),(118.5 39348.563),(119.5 39121.45),(120.5 39127.98),(121.5 34691.637),(122.5 35733.098),(123.5 35405.625),(124.5 33007.258),(125.5 33063.15),(126.5 31503.418),(127.5 30432.754),(128.5 29896.422),(129.5 29476.451),(130.5 29024.104),(131.5 26619.377),(132.5 28112.627),(133.5 29075.723),(134.5 27929.059),(135.5 25058.506),(136.5 25876.434),(137.5 25582.54),(138.5 25388.844),(139.5 25022.17),(140.5 23968.363),(141.5 23991.023),(142.5 23818.313),(143.5 22001.814),(144.5 22295.52),(145.5 20545.902),(146.5 20698.957),(147.5 20843.084),(148.5 20927.758),(149.5 21560.139),(150.5 20639.408),(151.5 19592.838),(152.5 18155.701),(153.5 18438.92),(154.5 17731.025),(155.5 17218.73),(156.5 16774.844),(157.5 16685.494),(158.5 16901.266),(159.5 16556.607),(160.5 16116.659),(161.5 15402.298),(162.5 14709.021),(163.5 14909.858),(164.5 14223.379),(165.5 13621.028),(166.5 13830.441),(167.5 13639.815),(168.5 13274.636),(169.5 12873.424),(170.5 13100.354),(171.5 12310.671),(172.5 12105.029),(173.5 12278.255),(174.5 11842.261),(175.5 11751.488),(176.5 11311.443),(177.5 11021.657),(178.5 11380.521),(179.5 10561.699),(180.5 10488.495),(181.5 10121.935),(182.5 9813.452),(183.5 9810.793),(184.5 9751.651),(185.5 9697.004),(186.5 9374.721),(187.5 9366.543),(188.5 8965.956),(189.5 8904.462),(190.5 8942.009),(191.5 8297.134),(192.5 8502.051),(193.5 8148.656),(194.5 8135.57),(195.5 7903.7446),(196.5 7547.465),(197.5 7534.31),(198.5 7138.505),(199.5 6712.71),(200.5 6923.9175),(201.5 7216.9863),(202.5 7122.7637),(203.5 6889.2),(204.5 7022.9453),(205.5 6671.9697),(206.5 6390.3823),(207.5 6388.3906),(208.5 6171.8677),(209.5 6041.7085),(210.5 5864.8896),(211.5 5884.1177),(212.5 5838.1636),(213.5 5539.979),(214.5 5305.7476),(215.5 5451.1846),(216.5 5182.7866),(217.5 5185.693),(218.5 5142.861),(219.5 4983.038),(220.5 4949.5264),(221.5 5038.609),(222.5 4872.756),(223.5 4951.3438),(224.5 4444.026),(225.5 4546.498),(226.5 4486.285),(227.5 4204.355),(228.5 4197.613),(229.5 4139.8506),(230.5 4254.294),(231.5 4094.8853),(232.5 3990.495),(233.5 3881.2996),(234.5 3675.6333),(235.5 3618.9116),(236.5 3566.258),(237.5 3619.4358),(238.5 3800.4412),(239.5 3578.9417),(240.5 3553.6023),(241.5 3403.1914),(242.5 3388.7463),(243.5 3319.6409),(244.5 3111.1736),(245.5 3107.5608),(246.5 2961.2654),(247.5 3029.414),(248.5 2947.5337),(249.5 2788.5715),(250.5 2765.1738),(251.5 2605.86),(252.5 2651.1067),(253.5 2682.596),(254.5 2665.4736),(255.5 2640.458),(256.5 2577.9888),(257.5 2618.6707),(258.5 2625.5107),(259.5 2507.9453),(260.5 2420.0564),(261.5 2391.4531),(262.5 2303.5547),(263.5 2266.5051),(264.5 2242.322),(265.5 2218.5078),(266.5 2205.4167),(267.5 2120.724),(268.5 2073.2195),(269.5 2050.258),(270.5 2041.9373),(271.5 1934.6378),(272.5 1933.5764),(273.5 1972.3575),(274.5 1913.3196),(275.5 1844.6792),(276.5 1779.9829),(277.5 1735.1843),(278.5 1720.7208),(279.5 1683.2397),(280.5 1640.0635),(281.5 1632.0626),(282.5 1690.748),(283.5 1711.4559),(284.5 1704.658),(285.5 1689.2231),(286.5 1664.9429),(287.5 1497.205),(288.5 1467.2816),(289.5 1466.3877),(290.5 1459.5183),(291.5 1463.06),(292.5 1374.9371),(293.5 1396.2574),(294.5 1299.8604),(295.5 1321.7163),(296.5 1285.904),(297.5 1272.9382),(298.5 1231.194),(299.5 1184.2709),(300.5 1226.1646),(301.5 1170.0983),(302.5 1158.2871),(303.5 1201.6848),(304.5 1163.2993),(305.5 1139.034),(306.5 1097.4523),(307.5 1126.8763),(308.5 1120.5911),(309.5 1061.294),(310.5 1070.4342),(311.5 1042.8308),(312.5 1070.3574),(313.5 1060.2026),(314.5 1018.3587),(315.5 990.35504),(316.5 952.64813),(317.5 970.7651),(318.5 926.1978),(319.5 944.13983),(320.5 914.17993),(321.5 920.1568),(322.5 879.6237),(323.5 888.7933),(324.5 860.6136),(325.5 837.46423),(326.5 815.3151),(327.5 823.46326),(328.5 780.51074),(329.5 794.67035),(330.5 739.55444),(331.5 743.491),(332.5 739.38837),(333.5 751.7706),(334.5 730.9226),(335.5 706.00397),(336.5 682.732),(337.5 650.93463),(338.5 656.6968),(339.5 651.3815),(340.5 627.46216),(341.5 612.9184),(342.5 614.9618),(343.5 614.8543),(344.5 626.338),(345.5 583.28986),(346.5 583.9626),(347.5 587.38544),(348.5 575.8417),(349.5 558.1921),(350.5 549.863),(351.5 534.101),(352.5 518.96124),(353.5 514.8078),(354.5 520.04315),(355.5 500.9189),(356.5 511.9323),(357.5 487.91974),(358.5 497.6724),(359.5 490.25934),(360.5 460.053),(361.5 479.00436),(362.5 447.68298),(363.5 435.77203),(364.5 422.11804),(365.5 432.023),(366.5 436.6798),(367.5 422.7541),(368.5 412.61087),(369.5 421.93457),(370.5 413.31293),(371.5 395.0119),(372.5 392.5996),(373.5 386.2622),(374.5 379.8703),(375.5 383.56174),(376.5 372.98843),(377.5 354.23917),(378.5 354.91528),(379.5 362.03812),(380.5 363.6139),(381.5 365.21872),(382.5 359.19736),(383.5 353.7371),(384.5 346.31357),(385.5 338.50833),(386.5 312.82544),(387.5 318.55157),(388.5 312.1777),(389.5 305.5728),(390.5 315.2966),(391.5 309.66055),(392.5 319.1505),(393.5 306.01596),(394.5 298.12885),(395.5 301.11517),(396.5 282.5959),(397.5 289.26816),(398.5 284.5601),(399.5 280.3039),(400.5 274.14435),(401.5 275.17908),(402.5 275.65042),(403.5 269.41382),(404.5 274.16132),(405.5 259.7149),(406.5 247.9943),(407.5 251.24919),(408.5 238.90565),(409.5 241.55415),(410.5 229.80296),(411.5 232.15082),(412.5 238.11641),(413.5 225.55838),(414.5 227.92322),(415.5 220.52795),(416.5 221.13486),(417.5 220.21838),(418.5 223.41249),(419.5 213.28714),(420.5 215.49654),(421.5 209.11592),(422.5 200.70291),(423.5 193.85266),(424.5 198.19608),(425.5 198.83965),(426.5 193.60393),(427.5 188.91049),(428.5 190.7122),(429.5 188.1387),(430.5 188.25368),(431.5 186.1999),(432.5 179.70876),(433.5 181.3826),(434.5 180.88127),(435.5 181.22983),(436.5 175.26312),(437.5 173.61478),(438.5 166.69908),(439.5 164.55792),(440.5 160.05644),(441.5 157.58249),(442.5 156.82422),(443.5 156.21541),(444.5 153.72112),(445.5 153.56502),(446.5 152.80606),(447.5 149.09846),(448.5 151.84837),(449.5 144.91512),(450.5 144.50848),(451.5 149.66054),(452.5 148.13623),(453.5 145.55641),(454.5 141.51796),(455.5 142.16843),(456.5 141.4216),(457.5 138.6014),(458.5 141.2908),(459.5 134.32289),(460.5 135.7526),(461.5 128.5072),(462.5 130.0741),(463.5 127.05561),(464.5 123.82443),(465.5 129.48035),(466.5 126.96113),(467.5 131.83691),(468.5 125.93213),(469.5 125.693275),(470.5 123.68304),(471.5 123.26873),(472.5 123.60038),(473.5 124.47732),(474.5 123.21875),(475.5 120.78605),(476.5 123.00872),(477.5 121.64035),(478.5 117.96516),(479.5 116.30192),(480.5 115.51703),(481.5 114.95592),(482.5 117.47073),(483.5 113.29717),(484.5 115.43665),(485.5 111.21972),(486.5 112.754814),(487.5 109.327545),(488.5 114.28603),(489.5 114.65598),(490.5 114.70885),(491.5 109.44698),(492.5 112.987564),(493.5 109.560814),(494.5 109.481926),(495.5 108.677086),(496.5 110.33738),(497.5 109.656715),(498.5 107.430336),(499.5 109.36383),
(1.5 11004309),(2.5 10052205),(3.5 16344953),(4.5 15821897),(5.5 17855922),(6.5 14392298),(7.5 10264561),(8.5 10750975),(9.5 7220257),(10.5 9012192),(11.5 8486810),(12.5 7055577.5),(13.5 7131462.5),(14.5 5800065.5),(15.5 4897046.5),(16.5 4194610),(17.5 4103957.3),(18.5 3097807.3),(19.5 3178571.8),(20.5 2901264.5),(21.5 2683923.5),(22.5 2666742.8),(23.5 1774569.8),(24.5 1783186.4),(25.5 1771671.5),(26.5 1476873.8),(27.5 1353432.4),(28.5 1456488.4),(29.5 1255235.9),(30.5 1049687.9),(31.5 1113681),(32.5 1245976.1),(33.5 1024330.5),(34.5 862132.3),(35.5 752836.5),(36.5 786049),(37.5 704472.75),(38.5 708212.06),(39.5 718983.6),(40.5 650226.06),(41.5 604771.75),(42.5 573239.75),(43.5 591205.8),(44.5 481567.44),(45.5 448114.5),(46.5 442161.97),(47.5 440262.4),(48.5 420197.38),(49.5 387102.53),(50.5 323311.97),(51.5 356826.97),(52.5 353060.28),(53.5 294263.53),(54.5 291433.8),(55.5 311171.53),(56.5 277393.44),(57.5 250980.39),(58.5 231284.52),(59.5 214410.28),(60.5 223384.28),(61.5 240854.61),(62.5 249686.78),(63.5 234677.2),(64.5 207268.44),(65.5 198417.72),(66.5 192931.69),(67.5 162435.89),(68.5 151119.1),(69.5 144479.84),(70.5 147596.89),(71.5 150057.88),(72.5 148117.31),(73.5 165179.34),(74.5 152141.94),(75.5 132336.16),(76.5 114571.16),(77.5 118272.695),(78.5 121146.18),(79.5 119840.89),(80.5 122978.14),(81.5 121581.14),(82.5 100655.67),(83.5 91546.11),(84.5 90517.7),(85.5 89200.15),(86.5 95376.16),(87.5 84453.61),(88.5 88892.555),(89.5 77091.78),(90.5 77934.05),(91.5 80514.32),(92.5 79876.1),(93.5 78605.62),(94.5 71212.6),(95.5 80252.234),(96.5 81934.32),(97.5 70575.15),(98.5 65404.77),(99.5 61331.633),(100.5 62225.582),(101.5 62928.63),(102.5 62272.242),(103.5 59903.41),(104.5 55062.785),(105.5 52635.48),(106.5 51389.293),(107.5 54605.78),(108.5 53895.848),(109.5 52380.01),(110.5 49471.707),(111.5 48044.617),(112.5 46857.645),(113.5 43757.17),(114.5 43268.78),(115.5 43133.04),(116.5 39622.27),(117.5 40146.953),(118.5 39563.85),(119.5 39390.83),(120.5 39108.496),(121.5 35003.09),(122.5 35900.047),(123.5 35428.188),(124.5 32751.912),(125.5 32837.55),(126.5 31516.146),(127.5 30436.219),(128.5 29899.182),(129.5 29459.432),(130.5 28941.941),(131.5 26660.371),(132.5 28312.74),(133.5 29357.965),(134.5 28286.123),(135.5 25262.334),(136.5 25703.24),(137.5 25830.676),(138.5 25882.395),(139.5 25120.11),(140.5 23884.559),(141.5 24317.582),(142.5 23930.896),(143.5 22025.986),(144.5 22345.342),(145.5 20670.867),(146.5 20749.25),(147.5 20924.563),(148.5 21186.652),(149.5 21639.146),(150.5 20701.633),(151.5 19573.482),(152.5 18302.047),(153.5 18642.406),(154.5 17985.69),(155.5 17591.543),(156.5 16955.957),(157.5 16786.484),(158.5 17193.615),(159.5 16767.438),(160.5 16348.936),(161.5 15470.56),(162.5 14948.317),(163.5 15140.71),(164.5 14282.646),(165.5 13769.812),(166.5 14004.6875),(167.5 13695.567),(168.5 13401.04),(169.5 13006.134),(170.5 13196.513),(171.5 12246.824),(172.5 12313.749),(173.5 12329.357),(174.5 11936.254),(175.5 11765.667),(176.5 11363.64),(177.5 11031.84),(178.5 11475.145),(179.5 10724.142),(180.5 10612.359),(181.5 10355.228),(182.5 10031.32),(183.5 9908.177),(184.5 9794.496),(185.5 9666.606),(186.5 9466.494),(187.5 9420.51),(188.5 8994.466),(189.5 8846.98),(190.5 8893.7),(191.5 8261.026),(192.5 8538.468),(193.5 8148.5713),(194.5 8160.206),(195.5 8042.319),(196.5 7619.7856),(197.5 7527.7314),(198.5 7148.976),(199.5 6762.0894),(200.5 7064.64),(201.5 7283.5674),(202.5 7177.889),(203.5 6918.3613),(204.5 7013.977),(205.5 6620.765),(206.5 6374.64),(207.5 6349.308),(208.5 6121.105),(209.5 6054.891),(210.5 5910.9424),(211.5 5898.983),(212.5 5856.1196),(213.5 5588.8633),(214.5 5355.1006),(215.5 5443.128),(216.5 5228.9043),(217.5 5247.3877),(218.5 5146.6865),(219.5 4993.962),(220.5 4974.592),(221.5 5047.2793),(222.5 4896.799),(223.5 4956.7456),(224.5 4461.651),(225.5 4600.1904),(226.5 4506.731),(227.5 4210.8857),(228.5 4208.125),(229.5 4157.531),(230.5 4262.2334),(231.5 4128.731),(232.5 4005.9385),(233.5 3884.7458),(234.5 3699.5466),(235.5 3663.304),(236.5 3625.844),(237.5 3677.135),(238.5 3837.648),(239.5 3614.371),(240.5 3562.8022),(241.5 3435.8003),(242.5 3425.029),(243.5 3377.8184),(244.5 3152.0999),(245.5 3125.9314),(246.5 2973.189),(247.5 3086.7783),(248.5 3020.816),(249.5 2820.7546),(250.5 2798.6248),(251.5 2662.315),(252.5 2698.5503),(253.5 2677.491),(254.5 2659.234),(255.5 2636.1033),(256.5 2599.7656),(257.5 2644.6921),(258.5 2639.816),(259.5 2513.0266),(260.5 2442.546),(261.5 2412.825),(262.5 2319.5747),(263.5 2292.0164),(264.5 2277.1536),(265.5 2253.349),(266.5 2256.0981),(267.5 2160.1265),(268.5 2099.028),(269.5 2092.4941),(270.5 2072.7202),(271.5 1947.2418),(272.5 1959.6261),(273.5 1978.5327),(274.5 1920.169),(275.5 1866.0184),(276.5 1811.0902),(277.5 1737.4277),(278.5 1729.8219),(279.5 1688.7284),(280.5 1646.268),(281.5 1623.4834),(282.5 1711.247),(283.5 1747.3104),(284.5 1711.8285),(285.5 1708.5916),(286.5 1685.614),(287.5 1519.4977),(288.5 1493.2332),(289.5 1490.9343),(290.5 1480.1449),(291.5 1489.1218),(292.5 1394.9944),(293.5 1397.8303),(294.5 1318.6168),(295.5 1334.1917),(296.5 1283.8429),(297.5 1271.724),(298.5 1244.5071),(299.5 1187.2355),(300.5 1224.1663),(301.5 1179.5238),(302.5 1149.4501),(303.5 1206.5253),(304.5 1173.942),(305.5 1154.4487),(306.5 1111.7375),(307.5 1137.6753),(308.5 1123.2357),(309.5 1071.416),(310.5 1079.2286),(311.5 1047.9836),(312.5 1084.8832),(313.5 1067.6694),(314.5 1030.5714),(315.5 1006.04645),(316.5 955.50946),(317.5 972.81805),(318.5 931.252),(319.5 942.6685),(320.5 913.1595),(321.5 913.43866),(322.5 878.3651),(323.5 896.7513),(324.5 861.3448),(325.5 846.6086),(326.5 821.99225),(327.5 832.4753),(328.5 791.3356),(329.5 806.97186),(330.5 742.5111),(331.5 750.94617),(332.5 749.20764),(333.5 753.64343),(334.5 734.6662),(335.5 717.2591),(336.5 691.03955),(337.5 653.8605),(338.5 654.9388),(339.5 650.37915),(340.5 631.58246),(341.5 610.44116),(342.5 614.6039),(343.5 611.40216),(344.5 624.07806),(345.5 582.90784),(346.5 587.26636),(347.5 587.9149),(348.5 575.2952),(349.5 564.76935),(350.5 552.5528),(351.5 539.69446),(352.5 525.425),(353.5 520.61755),(354.5 523.2694),(355.5 504.774),(356.5 513.338),(357.5 494.68713),(358.5 497.11862),(359.5 488.08972),(360.5 461.04163),(361.5 477.72348),(362.5 443.73032),(363.5 433.9297),(364.5 421.3246),(365.5 432.77084),(366.5 433.95804),(367.5 425.91418),(368.5 417.1418),(369.5 428.12155),(370.5 411.807),(371.5 399.6754),(372.5 398.49603),(373.5 392.02606),(374.5 382.6088),(375.5 383.4779),(376.5 374.94583),(377.5 356.3332),(378.5 357.26474),(379.5 360.93628),(380.5 363.61633),(381.5 365.68283),(382.5 363.19693),(383.5 358.1976),(384.5 349.56198),(385.5 341.95322),(386.5 314.55396),(387.5 315.5492),(388.5 314.14127),(389.5 308.4758),(390.5 316.32706),(391.5 311.5659),(392.5 320.51883),(393.5 307.65143),(394.5 300.74994),(395.5 302.1507),(396.5 284.49628),(397.5 292.09708),(398.5 284.02518),(399.5 282.78934),(400.5 276.46213),(401.5 277.1173),(402.5 276.82324),(403.5 270.15784),(404.5 274.00467),(405.5 262.5355),(406.5 249.20557),(407.5 251.85463),(408.5 241.13457),(409.5 243.69221),(410.5 232.93701),(411.5 232.71832),(412.5 235.81537),(413.5 224.46176),(414.5 229.67363),(415.5 221.3079),(416.5 222.1094),(417.5 220.27837),(418.5 224.52626),(419.5 213.07964),(420.5 214.67223),(421.5 208.70927),(422.5 200.92657),(423.5 193.73184),(424.5 198.30078),(425.5 198.75206),(426.5 194.59865),(427.5 187.65585),(428.5 190.67038),(429.5 189.15192),(430.5 189.86902),(431.5 185.64937),(432.5 179.46144),(433.5 181.35106),(434.5 181.842),(435.5 181.34033),(436.5 176.33253),(437.5 174.83327),(438.5 166.93481),(439.5 163.6474),(440.5 161.66028),(441.5 159.62212),(442.5 157.57048),(443.5 158.41354),(444.5 154.59927),(445.5 155.51924),(446.5 154.35855),(447.5 148.86777),(448.5 151.9868),(449.5 145.54526),(450.5 145.07564),(451.5 148.98454),(452.5 147.13824),(453.5 145.6389),(454.5 141.15549),(455.5 141.7839),(456.5 141.37444),(457.5 138.83623),(458.5 142.23479),(459.5 134.17018),(460.5 135.78592),(461.5 129.91139),(462.5 131.26643),(463.5 126.82077),(464.5 123.842),(465.5 130.40044),(466.5 128.32326),(467.5 133.48474),(468.5 128.4783),(469.5 126.60821),(470.5 124.32876),(471.5 124.60213),(472.5 124.51683),(473.5 124.050415),(474.5 124.47722),(475.5 121.974625),(476.5 123.73384),(477.5 121.428154),(478.5 117.204926),(479.5 117.03208),(480.5 115.8782),(481.5 115.63421),(482.5 117.27072),(483.5 114.109406),(484.5 116.42503),(485.5 113.32094),(486.5 113.70277),(487.5 110.67264),(488.5 114.454994),(489.5 114.56219),(490.5 114.82782),(491.5 109.207115),(492.5 113.27399),(493.5 110.87159),(494.5 110.049255),(495.5 108.74357),(496.5 111.10608),(497.5 110.47008),(498.5 108.228745),(499.5 109.45837),
(1.5 11003497),(2.5 10116396),(3.5 16460915),(4.5 16005817),(5.5 17686572),(6.5 14339942),(7.5 10222481),(8.5 10823436),(9.5 7360884),(10.5 9045162),(11.5 8581498),(12.5 7184645.5),(13.5 7116418.5),(14.5 5759606),(15.5 4906680),(16.5 4177058.3),(17.5 4112612.8),(18.5 3115872.5),(19.5 3155926.8),(20.5 2953313),(21.5 2726998.8),(22.5 2700579.8),(23.5 1802377.5),(24.5 1788550.8),(25.5 1772663.6),(26.5 1489566.6),(27.5 1354131.8),(28.5 1442626.6),(29.5 1249958.8),(30.5 1047156.2),(31.5 1135234),(32.5 1270190.6),(33.5 1031903.56),(34.5 867809.3),(35.5 754538.44),(36.5 792200.2),(37.5 712037.1),(38.5 712420.2),(39.5 721935.6),(40.5 652036.06),(41.5 598264.44),(42.5 574833.1),(43.5 596343.44),(44.5 488021.78),(45.5 457051.7),(46.5 450947.94),(47.5 447680.3),(48.5 422122.16),(49.5 388701.72),(50.5 321389.56),(51.5 359282.47),(52.5 361383.25),(53.5 294223.16),(54.5 295093.06),(55.5 314539.72),(56.5 283066.16),(57.5 255878.06),(58.5 232693.89),(59.5 213562.28),(60.5 221954.39),(61.5 239492.61),(62.5 247752.13),(63.5 233670.53),(64.5 204237.25),(65.5 199310.11),(66.5 193696.36),(67.5 163416.19),(68.5 152520.03),(69.5 143662.97),(70.5 148250.48),(71.5 151672.75),(72.5 149323.47),(73.5 166922.03),(74.5 153966.73),(75.5 133204.58),(76.5 115737.44),(77.5 118200.805),(78.5 120324.99),(79.5 119735.1),(80.5 121669.1),(81.5 119397.875),(82.5 100096.11),(83.5 91868.234),(84.5 92302.07),(85.5 90566.25),(86.5 96025.16),(87.5 84848.33),(88.5 89925.9),(89.5 77065.84),(90.5 78368.34),(91.5 80693.82),(92.5 80887),(93.5 78717.54),(94.5 71362.02),(95.5 81045.016),(96.5 81209.21),(97.5 71105.83),(98.5 65722.57),(99.5 61670.867),(100.5 62854.1),(101.5 63710.883),(102.5 62981.883),(103.5 60485.938),(104.5 54807.027),(105.5 53218.758),(106.5 52170.42),(107.5 54797.438),(108.5 53572.68),(109.5 52713.645),(110.5 49394.75),(111.5 48614.906),(112.5 46575.797),(113.5 43850.84),(114.5 43740.547),(115.5 43441.28),(116.5 39933.18),(117.5 39920.934),(118.5 39995.5),(119.5 39553.684),(120.5 39454.39),(121.5 35490.535),(122.5 36256.168),(123.5 35521.414),(124.5 32647.904),(125.5 32732.566),(126.5 31775.248),(127.5 30507.277),(128.5 30096.008),(129.5 29465.15),(130.5 29038.719),(131.5 27002.906),(132.5 28396.148),(133.5 29588.229),(134.5 28734.754),(135.5 25606.896),(136.5 25626.295),(137.5 25897.559),(138.5 26282.996),(139.5 25115.902),(140.5 24064.586),(141.5 24565.807),(142.5 24032.465),(143.5 22298.133),(144.5 22446.8),(145.5 20881.305),(146.5 20632.953),(147.5 20846.58),(148.5 21237.113),(149.5 21698.207),(150.5 20790.729),(151.5 19728.049),(152.5 18281.004),(153.5 18670.299),(154.5 18236.531),(155.5 17809.572),(156.5 17002.621),(157.5 16994.135),(158.5 17467.041),(159.5 16868.984),(160.5 16487.91),(161.5 15528.854),(162.5 15192.302),(163.5 15358.497),(164.5 14215.566),(165.5 13965.327),(166.5 14219.359),(167.5 13718.833),(168.5 13544.183),(169.5 13149.797),(170.5 13284.835),(171.5 12193.737),(172.5 12346.133),(173.5 12413.084),(174.5 11998.87),(175.5 11908.193),(176.5 11415.597),(177.5 11108.418),(178.5 11449.255),(179.5 10760.631),(180.5 10675.528),(181.5 10318.174),(182.5 10115.371),(183.5 10063.08),(184.5 9788.085),(185.5 9670.075),(186.5 9460.438),(187.5 9450.703),(188.5 9048.874),(189.5 8864.028),(190.5 8889.746),(191.5 8296.052),(192.5 8587.723),(193.5 8170.165),(194.5 8145.5786),(195.5 8088.857),(196.5 7736.378),(197.5 7546.202),(198.5 7180.795),(199.5 6786.843),(200.5 7052.8633),(201.5 7311.76),(202.5 7149.575),(203.5 6919.073),(204.5 6960.03),(205.5 6598.0874),(206.5 6368.1147),(207.5 6318.1724),(208.5 6079.9233),(209.5 6102.253),(210.5 5955.328),(211.5 5973.353),(212.5 5917.0493),(213.5 5665.166),(214.5 5433.19),(215.5 5515.957),(216.5 5261.0127),(217.5 5285.7944),(218.5 5231.211),(219.5 5010.413),(220.5 4978.979),(221.5 5079.7144),(222.5 4969.061),(223.5 4988.4614),(224.5 4459.512),(225.5 4680.6245),(226.5 4505.264),(227.5 4196.3037),(228.5 4196.79),(229.5 4160.69),(230.5 4233.0327),(231.5 4124.094),(232.5 4008.208),(233.5 3890.2056),(234.5 3713.5151),(235.5 3683.404),(236.5 3658.235),(237.5 3720.0515),(238.5 3837.5378),(239.5 3633.7),(240.5 3601.431),(241.5 3424.336),(242.5 3397.992),(243.5 3389.3918),(244.5 3159.5608),(245.5 3126.1426),(246.5 3017.2534),(247.5 3122.2288),(248.5 3025.8728),(249.5 2836.6023),(250.5 2811.5771),(251.5 2694.4917),(252.5 2711.568),(253.5 2668.1785),(254.5 2641.9824),(255.5 2625.4539),(256.5 2612.5718),(257.5 2690.5662),(258.5 2647.4907),(259.5 2496.393),(260.5 2439.9575),(261.5 2440.6877),(262.5 2380.4028),(263.5 2348.4685),(264.5 2302.8762),(265.5 2265.5706),(266.5 2268.745),(267.5 2180.8845),(268.5 2101.311),(269.5 2091.0227),(270.5 2087.9646),(271.5 1973.2085),(272.5 1975.0448),(273.5 2008.4354),(274.5 1940.0115),(275.5 1883.2283),(276.5 1807.1968),(277.5 1736.3715),(278.5 1744.3406),(279.5 1702.4524),(280.5 1656.7759),(281.5 1621.9999),(282.5 1716.3081),(283.5 1770.3912),(284.5 1729.4465),(285.5 1709.7709),(286.5 1675.4321),(287.5 1509.864),(288.5 1508.8053),(289.5 1520.555),(290.5 1499.6362),(291.5 1511.2589),(292.5 1403.6978),(293.5 1410.1682),(294.5 1319.2421),(295.5 1331.4974),(296.5 1272.8658),(297.5 1265.6812),(298.5 1258.0946),(299.5 1214.4382),(300.5 1231.9205),(301.5 1196.699),(302.5 1155.2649),(303.5 1217.1799),(304.5 1181.8175),(305.5 1162.1929),(306.5 1132.7328),(307.5 1140.9137),(308.5 1126.1254),(309.5 1078.6628),(310.5 1096.4275),(311.5 1063.9395),(312.5 1093.6919),(313.5 1070.3147),(314.5 1029.7264),(315.5 1016.035),(316.5 956.686),(317.5 982.8947),(318.5 935.63916),(319.5 951.20233),(320.5 920.8943),(321.5 921.7996),(322.5 878.83307),(323.5 896.12384),(324.5 862.71204),(325.5 855.3388),(326.5 823.4007),(327.5 837.45514),(328.5 796.93317),(329.5 804.3143),(330.5 747.13116),(331.5 754.64746),(332.5 748.0113),(333.5 754.77606),(334.5 737.17004),(335.5 725.16144),(336.5 696.4147),(337.5 660.06525),(338.5 661.67914),(339.5 650.1116),(340.5 631.90314),(341.5 610.7041),(342.5 622.0234),(343.5 613.0988),(344.5 631.006),(345.5 584.9678),(346.5 584.09314),(347.5 586.9839),(348.5 574.88806),(349.5 567.0287),(350.5 557.6452),(351.5 543.73517),(352.5 533.2083),(353.5 522.5589),(354.5 524.5469),(355.5 504.29025),(356.5 507.95105),(357.5 492.38483),(358.5 498.5053),(359.5 488.057),(360.5 462.11227),(361.5 479.0765),(362.5 444.18732),(363.5 439.25775),(364.5 418.07568),(365.5 432.8333),(366.5 433.18738),(367.5 425.96017),(368.5 417.92456),(369.5 428.69824),(370.5 414.57324),(371.5 401.92633),(372.5 399.5289),(373.5 391.75208),(374.5 386.85278),(375.5 391.45724),(376.5 377.73703),(377.5 358.50903),(378.5 359.00363),(379.5 362.68518),(380.5 366.73712),(381.5 371.4062),(382.5 365.16946),(383.5 358.91983),(384.5 348.43674),(385.5 341.36734),(386.5 318.1713),(387.5 316.83035),(388.5 314.757),(389.5 311.26022),(390.5 317.18478),(391.5 313.1694),(392.5 323.49384),(393.5 307.45914),(394.5 304.5772),(395.5 302.23264),(396.5 287.4649),(397.5 293.1137),(398.5 283.92044),(399.5 280.65942),(400.5 281.18527),(401.5 278.35226),(402.5 279.76758),(403.5 269.06937),(404.5 272.79907),(405.5 264.6142),(406.5 248.7101),(407.5 253.11502),(408.5 244.67384),(409.5 245.44058),(410.5 235.38547),(411.5 234.1607),(412.5 236.71571),(413.5 222.62262),(414.5 228.9482),(415.5 223.84677),(416.5 222.92163),(417.5 221.34242),(418.5 224.02518),(419.5 214.54718),(420.5 216.26843),(421.5 208.63646),(422.5 200.36238),(423.5 192.70906),(424.5 200.07927),(425.5 200.32181),(426.5 196.72278),(427.5 191.94876),(428.5 192.10829),(429.5 189.52904),(430.5 190.84727),(431.5 185.45506),(432.5 180.92119),(433.5 182.33752),(434.5 181.28056),(435.5 182.20624),(436.5 177.37393),(437.5 175.46663),(438.5 166.77263),(439.5 164.38638),(440.5 162.22653),(441.5 161.55835),(442.5 157.10344),(443.5 158.24805),(444.5 154.45264),(445.5 155.01619),(446.5 155.59155),(447.5 150.32098),(448.5 152.15514),(449.5 146.48863),(450.5 146.2781),(451.5 149.21829),(452.5 147.19131),(453.5 145.64677),(454.5 142.42868),(455.5 141.91393),(456.5 141.61038),(457.5 139.52473),(458.5 143.52843),(459.5 135.68361),(460.5 137.09747),(461.5 130.71506),(462.5 131.29686),(463.5 127.16801),(464.5 125.121796),(465.5 130.80139),(466.5 128.99884),(467.5 134.0329),(468.5 128.52405),(469.5 126.37634),(470.5 125.850174),(471.5 125.75055),(472.5 123.68329),(473.5 124.62056),(474.5 125.24053),(475.5 121.88145),(476.5 123.64865),(477.5 121.99114),(478.5 117.8412),(479.5 117.30182),(480.5 116.41367),(481.5 115.17646),(482.5 117.26891),(483.5 114.051125),(484.5 117.10926),(485.5 113.54647),(486.5 113.4351),(487.5 110.245255),(488.5 114.34406),(489.5 115.01124),(490.5 114.63349),(491.5 109.76584),(492.5 112.6729),(493.5 110.73862),(494.5 111.05618),(495.5 110.34208),(496.5 110.86888),(497.5 110.609604),(498.5 108.41535),(499.5 109.36852),
(1.5 11064451),(2.5 10247187),(3.5 16654367),(4.5 16168423),(5.5 17515112),(6.5 14288363),(7.5 10197679),(8.5 10914077),(9.5 7521779),(10.5 9074099),(11.5 8672644),(12.5 7317893),(13.5 7093124.5),(14.5 5711842.5),(15.5 4916938),(16.5 4155184),(17.5 4129667.5),(18.5 3133713),(19.5 3138439.3),(20.5 3006174.3),(21.5 2769536),(22.5 2730720),(23.5 1833734.4),(24.5 1790311.5),(25.5 1771489.8),(26.5 1503000),(27.5 1354964.5),(28.5 1430762.3),(29.5 1244810.9),(30.5 1049916.6),(31.5 1158942.9),(32.5 1291873.5),(33.5 1035457.75),(34.5 872184.7),(35.5 757494.6),(36.5 796871.1),(37.5 722661.1),(38.5 716222.06),(39.5 723847.75),(40.5 655648.8),(41.5 593563.4),(42.5 575753.5),(43.5 601547),(44.5 495455.72),(45.5 467734.8),(46.5 459547),(47.5 455153.1),(48.5 425618.13),(49.5 393523.3),(50.5 322397.84),(51.5 361608.44),(52.5 367912.4),(53.5 292065.28),(54.5 295449.38),(55.5 316860.03),(56.5 289318.75),(57.5 260664.16),(58.5 235148.3),(59.5 211810.19),(60.5 219990.9),(61.5 239048.45),(62.5 245828.28),(63.5 233292.13),(64.5 201794.17),(65.5 199653.23),(66.5 193808.23),(67.5 165025.78),(68.5 154563.8),(69.5 144495.02),(70.5 148989.36),(71.5 154200.94),(72.5 150824.9),(73.5 168830.23),(74.5 155858.39),(75.5 133927.34),(76.5 117543.94),(77.5 117826.06),(78.5 119324.414),(79.5 119804),(80.5 120899.055),(81.5 117646.5),(82.5 100020.93),(83.5 91813.52),(84.5 93273.56),(85.5 91030.984),(86.5 96550.64),(87.5 86057.68),(88.5 91233.43),(89.5 77527.945),(90.5 79203.805),(91.5 80384.4),(92.5 81152.38),(93.5 78566.37),(94.5 71539.61),(95.5 81843.15),(96.5 80380.16),(97.5 71706.27),(98.5 65755.6),(99.5 62028.445),(100.5 63074),(101.5 64243.457),(102.5 63174.55),(103.5 60670.734),(104.5 54593.375),(105.5 53684.41),(106.5 52625.855),(107.5 55393.813),(108.5 53860.652),(109.5 53126.594),(110.5 49573.457),(111.5 49092.87),(112.5 46564.28),(113.5 43724.965),(114.5 43608.39),(115.5 43966.813),(116.5 40433.25),(117.5 39653.145),(118.5 39976.582),(119.5 39208.035),(120.5 39498.855),(121.5 35981.22),(122.5 36248.047),(123.5 35417.1),(124.5 32281.19),(125.5 32498.414),(126.5 32018.008),(127.5 30612.027),(128.5 30451.932),(129.5 29695.193),(130.5 29280.924),(131.5 27351.588),(132.5 28309.78),(133.5 29875.127),(134.5 29146.754),(135.5 25833.412),(136.5 25521.938),(137.5 26031.906),(138.5 26392.988),(139.5 25137.326),(140.5 24178.145),(141.5 24825.568),(142.5 24161.123),(143.5 22594.7),(144.5 22477.852),(145.5 21037.928),(146.5 20741.012),(147.5 20890.533),(148.5 21352.86),(149.5 21768.1),(150.5 20848.178),(151.5 19931.402),(152.5 18354.146),(153.5 18639.887),(154.5 18491.262),(155.5 18024.822),(156.5 17084.791),(157.5 17254.584),(158.5 17573.254),(159.5 16750.97),(160.5 16451.55),(161.5 15522.693),(162.5 15246.226),(163.5 15521.25),(164.5 14328.55),(165.5 14013.907),(166.5 14351.788),(167.5 13748.996),(168.5 13599.301),(169.5 13313.919),(170.5 13365.588),(171.5 12254.388),(172.5 12333.119),(173.5 12594.735),(174.5 11947.026),(175.5 11935.544),(176.5 11538.277),(177.5 11232.664),(178.5 11395.218),(179.5 10761.274),(180.5 10734.34),(181.5 10258.697),(182.5 10213.118),(183.5 10093.664),(184.5 9739.022),(185.5 9713.728),(186.5 9439.736),(187.5 9400.698),(188.5 9098.619),(189.5 8972.907),(190.5 8879.901),(191.5 8345.77),(192.5 8596.076),(193.5 8157.6167),(194.5 8163.1753),(195.5 8184.417),(196.5 7805.577),(197.5 7550.1245),(198.5 7225.0522),(199.5 6831.249),(200.5 7032.0024),(201.5 7284.8286),(202.5 7103.059),(203.5 6897.014),(204.5 6974.344),(205.5 6554.555),(206.5 6454.885),(207.5 6382.15),(208.5 6125.6445),(209.5 6095.9155),(210.5 5943.031),(211.5 6007.4404),(212.5 5982.7905),(213.5 5721.45),(214.5 5583.5176),(215.5 5556.709),(216.5 5292.087),(217.5 5317.3794),(218.5 5261.051),(219.5 5045.205),(220.5 5016.2783),(221.5 5091.5264),(222.5 4956.3286),(223.5 4972.6665),(224.5 4455.0845),(225.5 4698.448),(226.5 4536.512),(227.5 4205.6675),(228.5 4172.1953),(229.5 4179.862),(230.5 4255.407),(231.5 4132.4175),(232.5 4040.3123),(233.5 3920.0933),(234.5 3755.1873),(235.5 3708.1858),(236.5 3644.0664),(237.5 3737.9631),(238.5 3862.163),(239.5 3667.7783),(240.5 3604.6738),(241.5 3439.8865),(242.5 3401.5938),(243.5 3382.9873),(244.5 3187.4229),(245.5 3138.0388),(246.5 3055.0999),(247.5 3147.5657),(248.5 3018.4226),(249.5 2833.4558),(250.5 2828.4072),(251.5 2752.098),(252.5 2731.3323),(253.5 2701.832),(254.5 2683.066),(255.5 2625.4246),(256.5 2618.436),(257.5 2704.1152),(258.5 2657.4316),(259.5 2496.1663),(260.5 2454.5837),(261.5 2444.2302),(262.5 2398.949),(263.5 2367.6335),(264.5 2320.911),(265.5 2287.9531),(266.5 2280.4065),(267.5 2187.6042),(268.5 2113.1155),(269.5 2085.467),(270.5 2087.613),(271.5 1986.6068),(272.5 2008.1064),(273.5 2036.0453),(274.5 1953.5667),(275.5 1907.9678),(276.5 1815.735),(277.5 1740.2921),(278.5 1735.944),(279.5 1700.6031),(280.5 1668.9169),(281.5 1634.0194),(282.5 1727.0719),(283.5 1795.9149),(284.5 1747.0603),(285.5 1714.8223),(286.5 1685.394),(287.5 1509.026),(288.5 1520.3417),(289.5 1531.6876),(290.5 1513.158),(291.5 1524.5459),(292.5 1404.4541),(293.5 1427.2008),(294.5 1322.8456),(295.5 1341.1746),(296.5 1286.8494),(297.5 1276.107),(298.5 1277.9114),(299.5 1228.5499),(300.5 1241.3507),(301.5 1205.4264),(302.5 1173.4996),(303.5 1224.0414),(304.5 1191.7843),(305.5 1174.7538),(306.5 1145.5505),(307.5 1139.6976),(308.5 1120.2832),(309.5 1074.1625),(310.5 1097.0143),(311.5 1064.3822),(312.5 1090.9236),(313.5 1068.8859),(314.5 1028.9099),(315.5 1021.0338),(316.5 954.8553),(317.5 988.1878),(318.5 937.85614),(319.5 962.0329),(320.5 935.1186),(321.5 926.4812),(322.5 879.51166),(323.5 903.1491),(324.5 871.60425),(325.5 857.9638),(326.5 825.73206),(327.5 833.5811),(328.5 797.0903),(329.5 806.5982),(330.5 748.1948),(331.5 751.7348),(332.5 745.97144),(333.5 751.8129),(334.5 737.3047),(335.5 722.5998),(336.5 694.8647),(337.5 669.6143),(338.5 668.52673),(339.5 648.4459),(340.5 617.6522),(341.5 607.19006),(342.5 624.4382),(343.5 620.6448),(344.5 631.1803),(345.5 583.52576),(346.5 587.5272),(347.5 584.11346),(348.5 568.4661),(349.5 574.8802),(350.5 566.5124),(351.5 548.5479),(352.5 534.26526),(353.5 523.5228),(354.5 526.63525),(355.5 503.08636),(356.5 505.64795),(357.5 492.85327),(358.5 499.1017),(359.5 490.7621),(360.5 464.0948),(361.5 478.19348),(362.5 445.6304),(363.5 439.54907),(364.5 421.08286),(365.5 431.937),(366.5 432.44702),(367.5 424.77805),(368.5 420.68973),(369.5 431.46683),(370.5 415.21924),(371.5 399.93503),(372.5 400.5026),(373.5 395.6309),(374.5 390.03577),(375.5 394.6631),(376.5 379.06317),(377.5 360.96536),(378.5 358.60693),(379.5 366.58173),(380.5 369.81064),(381.5 372.52057),(382.5 365.97464),(383.5 359.17368),(384.5 346.56406),(385.5 340.92493),(386.5 320.16074),(387.5 321.07416),(388.5 314.1576),(389.5 315.2741),(390.5 316.36224),(391.5 313.36548),(392.5 326.97726),(393.5 312.09674),(394.5 307.4445),(395.5 300.45795),(396.5 286.4855),(397.5 294.5445),(398.5 283.18552),(399.5 282.1399),(400.5 279.5702),(401.5 278.00876),(402.5 280.19836),(403.5 270.25385),(404.5 274.8673),(405.5 265.53238),(406.5 248.62961),(407.5 254.32465),(408.5 245.04185),(409.5 246.25659),(410.5 236.16133),(411.5 235.70435),(412.5 236.5945),(413.5 223.37741),(414.5 229.14813),(415.5 225.10732),(416.5 225.12604),(417.5 223.81212),(418.5 226.70471),(419.5 213.63902),(420.5 214.85799),(421.5 208.6195),(422.5 200.10844),(423.5 193.10405),(424.5 199.81754),(425.5 200.2503),(426.5 198.0583),(427.5 193.26756),(428.5 194.80414),(429.5 191.90321),(430.5 191.40643),(431.5 186.85101),(432.5 180.86182),(433.5 181.13235),(434.5 180.42633),(435.5 183.09116),(436.5 178.28267),(437.5 175.68602),(438.5 167.28603),(439.5 163.90816),(440.5 161.97618),(441.5 162.19815),(442.5 157.13483),(443.5 158.88687),(444.5 154.6412),(445.5 155.49219),(446.5 155.03514),(447.5 150.02515),(448.5 154.00345),(449.5 146.95793),(450.5 146.79156),(451.5 148.78824),(452.5 148.29453),(453.5 146.44354),(454.5 143.13565),(455.5 142.61975),(456.5 141.79996),(457.5 140.50333),(458.5 144.09772),(459.5 136.52104),(460.5 138.71452),(461.5 130.22977),(462.5 131.26524),(463.5 127.8688),(464.5 126.20815),(465.5 131.3024),(466.5 129.45645),(467.5 133.88162),(468.5 129.69539),(469.5 126.48478),(470.5 127.01156),(471.5 127.47788),(472.5 124.71263),(473.5 125.54346),(474.5 126.59428),(475.5 122.61828),(476.5 123.00861),(477.5 121.11074),(478.5 118.019646),(479.5 117.717255),(480.5 117.075745),(481.5 116.11967),(482.5 118.92742),(483.5 114.77356),(484.5 117.27025),(485.5 113.19154),(486.5 112.89096),(487.5 110.81619),(488.5 116.43978),(489.5 115.544785),(490.5 115.228714),(491.5 110.59006),(492.5 113.77849),(493.5 111.36578),(494.5 111.57064),(495.5 109.75244),(496.5 111.68234),(497.5 111.820724),(498.5 108.88253),(499.5 110.51082),
(1.5 11193989),(2.5 10415314),(3.5 16750277),(4.5 16278304),(5.5 17292754),(6.5 14215498),(7.5 10189438),(8.5 11006531),(9.5 7712844),(10.5 9118929),(11.5 8755073),(12.5 7446344.5),(13.5 7045870.5),(14.5 5652713.5),(15.5 4934366.5),(16.5 4130376.3),(17.5 4153512),(18.5 3145795.5),(19.5 3121266.3),(20.5 3059697.5),(21.5 2807829.5),(22.5 2756741.5),(23.5 1865965.1),(24.5 1785314),(25.5 1764824.5),(26.5 1517978),(27.5 1359775.5),(28.5 1421394.6),(29.5 1242053),(30.5 1056892),(31.5 1179640.8),(32.5 1308914.6),(33.5 1034432.9),(34.5 875260.6),(35.5 762777.75),(36.5 800248.1),(37.5 735442.5),(38.5 720823.44),(39.5 722813.44),(40.5 658535.5),(41.5 592236.6),(42.5 578560.44),(43.5 607378),(44.5 502990.38),(45.5 479205.16),(46.5 466292.53),(47.5 460728.7),(48.5 426459.44),(49.5 397961.4),(50.5 322687.88),(51.5 363854.94),(52.5 373695.06),(53.5 290033.78),(54.5 293578.53),(55.5 317198.22),(56.5 294533.97),(57.5 265322.63),(58.5 237199.8),(59.5 210081.69),(60.5 217841.31),(61.5 238567.73),(62.5 244039.84),(63.5 233184.84),(64.5 200840.42),(65.5 199888.22),(66.5 193649.23),(67.5 167463.67),(68.5 156950.66),(69.5 146392.4),(70.5 148839.11),(71.5 155958.19),(72.5 151552.16),(73.5 170125.53),(74.5 158752),(75.5 134809.34),(76.5 119599.01),(77.5 117422.08),(78.5 118609.1),(79.5 120037.62),(80.5 120860.93),(81.5 116775.13),(82.5 99978.49),(83.5 92696.06),(84.5 94388.234),(85.5 91643.79),(86.5 97301.96),(87.5 87698.94),(88.5 92046.164),(89.5 78116.266),(90.5 80200.555),(91.5 79670.06),(92.5 80779.35),(93.5 77646.875),(94.5 71355.31),(95.5 81727.33),(96.5 79759.336),(97.5 71949.62),(98.5 66349.82),(99.5 62392.734),(100.5 63023.95),(101.5 64775.313),(102.5 63349.723),(103.5 60584.414),(104.5 54885.48),(105.5 54006.793),(106.5 52588.88),(107.5 55745.69),(108.5 54376.008),(109.5 53492.55),(110.5 49783.387),(111.5 49187.55),(112.5 46701.54),(113.5 43922.867),(114.5 43633.832),(115.5 44241.832),(116.5 40957.77),(117.5 39732.51),(118.5 40049.89),(119.5 38935.16),(120.5 40034.07),(121.5 36429.867),(122.5 36361.625),(123.5 35460.613),(124.5 32401.604),(125.5 32253.926),(126.5 32087.053),(127.5 30781.291),(128.5 30725.68),(129.5 30084.12),(130.5 29452.426),(131.5 27543.81),(132.5 28249.49),(133.5 29991.807),(134.5 29554.088),(135.5 25993.582),(136.5 25439.648),(137.5 26134.762),(138.5 26435),(139.5 25153.076),(140.5 24198.697),(141.5 24805.627),(142.5 24105.875),(143.5 22878.602),(144.5 22377.254),(145.5 21149.2),(146.5 20702.568),(147.5 21165.367),(148.5 21468.387),(149.5 22026.074),(150.5 20940.193),(151.5 20254.68),(152.5 18383.19),(153.5 18820.49),(154.5 18588.62),(155.5 18014.523),(156.5 17396.693),(157.5 17483.063),(158.5 17618.008),(159.5 16781.822),(160.5 16622.494),(161.5 15578.607),(162.5 15278.213),(163.5 15669.792),(164.5 14499.661),(165.5 14102.886),(166.5 14448.321),(167.5 13886.411),(168.5 13676.743),(169.5 13423.219),(170.5 13413.15),(171.5 12499.608),(172.5 12405.335),(173.5 12737.09),(174.5 11968.274),(175.5 12019.627),(176.5 11478.564),(177.5 11237.172),(178.5 11286.088),(179.5 10741.039),(180.5 10788.538),(181.5 10265.305),(182.5 10198.387),(183.5 10074.679),(184.5 9744.929),(185.5 9755.202),(186.5 9354.443),(187.5 9367.944),(188.5 9169.177),(189.5 9148.409),(190.5 8819.706),(191.5 8326.66),(192.5 8685.521),(193.5 8134.287),(194.5 8095.0366),(195.5 8146.274),(196.5 7862.265),(197.5 7528.6133),(198.5 7209.52),(199.5 6803.1367),(200.5 6959.247),(201.5 7220.637),(202.5 7077.5605),(203.5 6934.4023),(204.5 7031.0806),(205.5 6621.124),(206.5 6630.1997),(207.5 6475.9),(208.5 6173.281),(209.5 6128.084),(210.5 5937.1646),(211.5 6018.935),(212.5 5989.209),(213.5 5769.3237),(214.5 5673.18),(215.5 5673.8853),(216.5 5353.2637),(217.5 5312.127),(218.5 5306.809),(219.5 5026.955),(220.5 5098.064),(221.5 5105.088),(222.5 5008.89),(223.5 4961.5293),(224.5 4461.7783),(225.5 4746.1797),(226.5 4542.5537),(227.5 4241.7085),(228.5 4175.366),(229.5 4168.727),(230.5 4307.219),(231.5 4155.7983),(232.5 4084.0635),(233.5 3967.9878),(234.5 3844.5354),(235.5 3742.8875),(236.5 3697.3289),(237.5 3752.9023),(238.5 3856.9246),(239.5 3671.4128),(240.5 3608.8237),(241.5 3448.518),(242.5 3413.8242),(243.5 3372.7776),(244.5 3185.3054),(245.5 3176.2102),(246.5 3112.7302),(247.5 3155.3672),(248.5 3043.5183),(249.5 2851.7664),(250.5 2836.5288),(251.5 2782.6384),(252.5 2785.3372),(253.5 2735.3167),(254.5 2707.0042),(255.5 2651.8313),(256.5 2657.4497),(257.5 2704.6506),(258.5 2670.5876),(259.5 2510.9531),(260.5 2453.5925),(261.5 2454.5034),(262.5 2428.3506),(263.5 2421.6045),(264.5 2335.7017),(265.5 2290.2986),(266.5 2310.3767),(267.5 2203.17),(268.5 2130.7024),(269.5 2096.9897),(270.5 2091.0469),(271.5 2001.4949),(272.5 2032.4589),(273.5 2054.1782),(274.5 1969.6199),(275.5 1908.1519),(276.5 1822.4366),(277.5 1753.399),(278.5 1748.344),(279.5 1734.0582),(280.5 1679.4207),(281.5 1662.051),(282.5 1747.0996),(283.5 1807.347),(284.5 1767.1617),(285.5 1736.6581),(286.5 1684.8457),(287.5 1519.5164),(288.5 1537.6237),(289.5 1547.5109),(290.5 1527.6744),(291.5 1541.5215),(292.5 1417.6498),(293.5 1437.1736),(294.5 1337.8292),(295.5 1363.2919),(296.5 1319.7861),(297.5 1290.5278),(298.5 1294.7181),(299.5 1242.9728),(300.5 1247.438),(301.5 1210.5308),(302.5 1196.7449),(303.5 1245.5645),(304.5 1192.1687),(305.5 1173.6425),(306.5 1153.5022),(307.5 1147.2556),(308.5 1123.2438),(309.5 1081.6234),(310.5 1104.9977),(311.5 1076.0211),(312.5 1096.5685),(313.5 1072.7513),(314.5 1032.4196),(315.5 1017.84125),(316.5 966.0645),(317.5 1001.1523),(318.5 957.2795),(319.5 970.6615),(320.5 935.26526),(321.5 936.405),(322.5 882.0074),(323.5 904.4418),(324.5 876.25024),(325.5 857.8681),(326.5 831.5827),(327.5 834.3205),(328.5 806.7937),(329.5 816.54645),(330.5 751.9751),(331.5 762.16815),(332.5 740.1691),(333.5 752.5107),(334.5 741.46625),(335.5 727.2597),(336.5 703.8065),(337.5 668.0062),(338.5 672.8626),(339.5 652.77313),(340.5 620.78815),(341.5 615.2732),(342.5 629.17126),(343.5 628.93146),(344.5 638.8273),(345.5 584.8203),(346.5 591.35474),(347.5 591.7677),(348.5 571.2691),(349.5 578.8099),(350.5 573.28687),(351.5 549.6962),(352.5 539.6267),(353.5 534.501),(354.5 536.58307),(355.5 507.89368),(356.5 511.39252),(357.5 500.38538),(358.5 506.28836),(359.5 498.1957),(360.5 468.17563),(361.5 485.0966),(362.5 447.2732),(363.5 440.39337),(364.5 424.54706),(365.5 435.74158),(366.5 436.4126),(367.5 430.0911),(368.5 424.85397),(369.5 435.8948),(370.5 420.9451),(371.5 404.14838),(372.5 402.65182),(373.5 396.4829),(374.5 391.5896),(375.5 389.41797),(376.5 382.93726),(377.5 367.37378),(378.5 362.88654),(379.5 365.8253),(380.5 367.38773),(381.5 372.90347),(382.5 368.92044),(383.5 360.48657),(384.5 348.85114),(385.5 345.7164),(386.5 324.49286),(387.5 318.87747),(388.5 314.99426),(389.5 314.6633),(390.5 319.71487),(391.5 313.4791),(392.5 326.37885),(393.5 314.91806),(394.5 307.8978),(395.5 300.46414),(396.5 286.9349),(397.5 296.77292),(398.5 285.63867),(399.5 284.5745),(400.5 277.92996),(401.5 276.90515),(402.5 281.19016),(403.5 270.81232),(404.5 277.3385),(405.5 265.5067),(406.5 252.63086),(407.5 254.83995),(408.5 245.82063),(409.5 249.2039),(410.5 238.11559),(411.5 236.79239),(412.5 237.54045),(413.5 224.18176),(414.5 232.29642),(415.5 227.31473),(416.5 225.76227),(417.5 223.69417),(418.5 227.43092),(419.5 215.47447),(420.5 216.17241),(421.5 211.51909),(422.5 201.18204),(423.5 195.35754),(424.5 204.19643),(425.5 205.7817),(426.5 201.39618),(427.5 196.36368),(428.5 196.83406),(429.5 194.67665),(430.5 193.12418),(431.5 187.08084),(432.5 182.57303),(433.5 182.4975),(434.5 181.74591),(435.5 186.51532),(436.5 180.2988),(437.5 176.97903),(438.5 168.88164),(439.5 164.05553),(440.5 162.35976),(441.5 162.26196),(442.5 158.11057),(443.5 161.2819),(444.5 157.37193),(445.5 155.779),(446.5 156.07191),(447.5 152.15984),(448.5 155.2393),(449.5 146.6241),(450.5 147.29318),(451.5 149.59082),(452.5 148.8937),(453.5 146.99844),(454.5 143.30699),(455.5 142.92354),(456.5 141.98549),(457.5 140.853),(458.5 144.91911),(459.5 138.13504),(460.5 138.87546),(461.5 131.68622),(462.5 132.58751),(463.5 127.920334),(464.5 127.98855),(465.5 132.89168),(466.5 130.04893),(467.5 134.6852),(468.5 130.81464),(469.5 128.30443),(470.5 126.80623),(471.5 128.03069),(472.5 124.615585),(473.5 127.48162),(474.5 128.33797),(475.5 125.00948),(476.5 124.28381),(477.5 122.32697),(478.5 118.73411),(479.5 118.477516),(480.5 118.55794),(481.5 117.0882),(482.5 119.59774),(483.5 115.23874),(484.5 119.17945),(485.5 114.020355),(486.5 114.2406),(487.5 112.00045),(488.5 117.16816),(489.5 115.99946),(490.5 116.749146),(491.5 111.8721),(492.5 114.004684),(493.5 112.23269),(494.5 113.12395),(495.5 111.18813),(496.5 113.31778),(497.5 111.61915),(498.5 108.88531),(499.5 110.11046),
(1.5 11180291),(2.5 10460792),(3.5 16785850),(4.5 16406773),(5.5 17024354),(6.5 14139302),(7.5 10182197),(8.5 11104084),(9.5 7898821.5),(10.5 9176693),(11.5 8837174),(12.5 7568684.5),(13.5 6998301.5),(14.5 5595301),(15.5 4959213),(16.5 4108539.5),(17.5 4179149.5),(18.5 3154608.5),(19.5 3095811),(20.5 3108738),(21.5 2840639.3),(22.5 2777601.8),(23.5 1897647.8),(24.5 1778385.1),(25.5 1757223.6),(26.5 1530537.8),(27.5 1363526.9),(28.5 1413346.5),(29.5 1239343),(30.5 1069482),(31.5 1198672.3),(32.5 1324911.4),(33.5 1035879.2),(34.5 879703.6),(35.5 768427.6),(36.5 803737.6),(37.5 747964.44),(38.5 725517.6),(39.5 719918),(40.5 660626.2),(41.5 591307.56),(42.5 579421.06),(43.5 612299.44),(44.5 511165.5),(45.5 490101),(46.5 473172.9),(47.5 463000.28),(48.5 429148.4),(49.5 405451.13),(50.5 325146.1),(51.5 366319.16),(52.5 376889),(53.5 287018.4),(54.5 289998.1),(55.5 317256.5),(56.5 297843.6),(57.5 269973.16),(58.5 239323.95),(59.5 209674.28),(60.5 217276.08),(61.5 239111.39),(62.5 242667.23),(63.5 233116.08),(64.5 200519),(65.5 199547.02),(66.5 192542.23),(67.5 170272),(68.5 160485.53),(69.5 149735.66),(70.5 149955.97),(71.5 157076.81),(72.5 151783.1),(73.5 170633.69),(74.5 159907.97),(75.5 134697.89),(76.5 120934.66),(77.5 118062.35),(78.5 118358.76),(79.5 120884.016),(80.5 121297.88),(81.5 116454.42),(82.5 100054.19),(83.5 93833.32),(84.5 96072.47),(85.5 92316.96),(86.5 98154.99),(87.5 89811.54),(88.5 92902.26),(89.5 79038.06),(90.5 81129.94),(91.5 79018.69),(92.5 80072.93),(93.5 76744.11),(94.5 71330.57),(95.5 81535.695),(96.5 79390.12),(97.5 72183.47),(98.5 66876.42),(99.5 62651.266),(100.5 62565.99),(101.5 65240.61),(102.5 63209.47),(103.5 60307.977),(104.5 55753.203),(105.5 53847.695),(106.5 52636.492),(107.5 56427.203),(108.5 55097.68),(109.5 54230.277),(110.5 50147.37),(111.5 49549.188),(112.5 47015.543),(113.5 44471.18),(114.5 43929.07),(115.5 44409.4),(116.5 41459.223),(117.5 40012.35),(118.5 40050.617),(119.5 38991.41),(120.5 40587.043),(121.5 36720.082),(122.5 36694.33),(123.5 35616.047),(124.5 32933.184),(125.5 32171.615),(126.5 32300.832),(127.5 31104.768),(128.5 30990.645),(129.5 30406.158),(130.5 29692.107),(131.5 27607.793),(132.5 28090.586),(133.5 30016.797),(134.5 29758.242),(135.5 25979.4),(136.5 25545.441),(137.5 26358.799),(138.5 26555.47),(139.5 25174.754),(140.5 24273.873),(141.5 25031.316),(142.5 24068.814),(143.5 23176.865),(144.5 22472.783),(145.5 21252.123),(146.5 20731.586),(147.5 21338.523),(148.5 21574.295),(149.5 22227.633),(150.5 21052.064),(151.5 20308.986),(152.5 18370.186),(153.5 18905.588),(154.5 18661.686),(155.5 18072.729),(156.5 17700.121),(157.5 17577.053),(158.5 17727.693),(159.5 17031.344),(160.5 16820.025),(161.5 15710.061),(162.5 15337.871),(163.5 15763.627),(164.5 14659.745),(165.5 14239.785),(166.5 14515.237),(167.5 14005.736),(168.5 13745.325),(169.5 13459.482),(170.5 13374.134),(171.5 12731.314),(172.5 12505.452),(173.5 12909.265),(174.5 12127.384),(175.5 12108.406),(176.5 11521.042),(177.5 11339.729),(178.5 11336.095),(179.5 10900.213),(180.5 10915.667),(181.5 10259.067),(182.5 10261.787),(183.5 10154.826),(184.5 9878.939),(185.5 9775.585),(186.5 9337.783),(187.5 9382.108),(188.5 9305.607),(189.5 9262.2295),(190.5 8834.213),(191.5 8365.751),(192.5 8697.655),(193.5 8187.177),(194.5 8079.8066),(195.5 8074.795),(196.5 7913.982),(197.5 7530.632),(198.5 7266.283),(199.5 6799.495),(200.5 6957.4863),(201.5 7232.988),(202.5 7084.3643),(203.5 7008.7144),(204.5 7135.985),(205.5 6674.5825),(206.5 6684.8496),(207.5 6544.269),(208.5 6250.7876),(209.5 6159.782),(210.5 5955.2715),(211.5 6023.624),(212.5 5963.623),(213.5 5783.6597),(214.5 5683.1465),(215.5 5708.6455),(216.5 5400.2314),(217.5 5357.1284),(218.5 5333.288),(219.5 5080.7607),(220.5 5143.151),(221.5 5117.1094),(222.5 5054.2036),(223.5 5019.0054),(224.5 4498.0957),(225.5 4778.6177),(226.5 4587.3545),(227.5 4306.788),(228.5 4224.695),(229.5 4171.883),(230.5 4372.315),(231.5 4164.337),(232.5 4082.1555),(233.5 3957.1448),(234.5 3854.6755),(235.5 3755.411),(236.5 3752.6074),(237.5 3757.6453),(238.5 3884.636),(239.5 3699.9329),(240.5 3603.5637),(241.5 3443.7952),(242.5 3430.5696),(243.5 3402.7869),(244.5 3220.6838),(245.5 3193.8867),(246.5 3082.0632),(247.5 3150.565),(248.5 3064.3875),(249.5 2905.3286),(250.5 2873.5227),(251.5 2819.104),(252.5 2833.5261),(253.5 2753.7283),(254.5 2706.1045),(255.5 2674.6538),(256.5 2686.5388),(257.5 2718.6252),(258.5 2679.2563),(259.5 2555.246),(260.5 2481.085),(261.5 2479.7864),(262.5 2434.8655),(263.5 2439.725),(264.5 2358.958),(265.5 2324.4487),(266.5 2338.6619),(267.5 2208.4226),(268.5 2127.561),(269.5 2121.1023),(270.5 2100.8162),(271.5 2003.1729),(272.5 2038.5431),(273.5 2048.5034),(274.5 1981.8751),(275.5 1922.987),(276.5 1819.4126),(277.5 1773.321),(278.5 1769.6161),(279.5 1740.5315),(280.5 1694.0469),(281.5 1677.5538),(282.5 1755.5537),(283.5 1830.1268),(284.5 1775.4167),(285.5 1741.8165),(286.5 1691.7052),(287.5 1542.9299),(288.5 1549.9321),(289.5 1547.0137),(290.5 1516.0923),(291.5 1546.0985),(292.5 1425.3759),(293.5 1439.5433),(294.5 1339.6077),(295.5 1369.9528),(296.5 1317.4053),(297.5 1293.9572),(298.5 1296.8828),(299.5 1258.1184),(300.5 1260.4678),(301.5 1209.663),(302.5 1195.6576),(303.5 1244.6748),(304.5 1206.827),(305.5 1180.3),(306.5 1159.0872),(307.5 1143.0887),(308.5 1120.6921),(309.5 1089.7657),(310.5 1111.165),(311.5 1074.4681),(312.5 1093.6953),(313.5 1067.7324),(314.5 1040.1772),(315.5 1025.6257),(316.5 969.5537),(317.5 1001.7399),(318.5 958.313),(319.5 962.16205),(320.5 933.03265),(321.5 931.338),(322.5 870.3155),(323.5 901.41736),(324.5 872.66394),(325.5 856.80164),(326.5 835.5487),(327.5 834.6305),(328.5 810.0102),(329.5 818.1718),(330.5 761.54974),(331.5 762.3916),(332.5 742.0289),(333.5 747.17816),(334.5 742.4295),(335.5 733.23035),(336.5 711.6239),(337.5 668.54266),(338.5 670.26227),(339.5 647.77576),(340.5 626.7344),(341.5 618.46173),(342.5 632.8027),(343.5 627.64166),(344.5 638.4051),(345.5 586.00275),(346.5 583.1995),(347.5 589.3321),(348.5 567.5326),(349.5 579.2356),(350.5 569.03827),(351.5 551.5153),(352.5 538.6189),(353.5 537.1765),(354.5 533.9874),(355.5 507.96875),(356.5 515.3905),(357.5 502.29407),(358.5 509.3327),(359.5 500.32318),(360.5 469.7684),(361.5 486.7108),(362.5 448.16815),(363.5 439.80264),(364.5 428.80527),(365.5 436.49725),(366.5 436.4709),(367.5 433.25012),(368.5 423.0791),(369.5 434.5182),(370.5 418.87238),(371.5 409.01108),(372.5 403.0488),(373.5 400.6449),(374.5 391.75284),(375.5 390.69302),(376.5 385.9342),(377.5 373.6872),(378.5 367.38605),(379.5 370.43332),(380.5 372.79996),(381.5 375.62146),(382.5 370.08014),(383.5 360.13965),(384.5 351.14624),(385.5 348.7738),(386.5 329.37723),(387.5 320.79437),(388.5 316.47653),(389.5 316.19876),(390.5 320.56796),(391.5 315.69028),(392.5 328.3277),(393.5 315.8666),(394.5 310.02325),(395.5 299.92618),(396.5 287.6599),(397.5 294.1818),(398.5 288.00452),(399.5 287.217),(400.5 278.74817),(401.5 278.27713),(402.5 281.64716),(403.5 270.85852),(404.5 280.47092),(405.5 267.49936),(406.5 253.43779),(407.5 257.0937),(408.5 249.88225),(409.5 252.06448),(410.5 238.30566),(411.5 238.247),(412.5 237.58563),(413.5 227.03607),(414.5 235.89989),(415.5 228.24835),(416.5 227.29584),(417.5 221.66707),(418.5 227.8383),(419.5 215.93147),(420.5 216.85736),(421.5 212.24753),(422.5 201.42444),(423.5 195.49606),(424.5 205.97653),(425.5 205.32767),(426.5 200.18433),(427.5 197.28261),(428.5 195.32759),(429.5 193.367),(430.5 193.02824),(431.5 188.11166),(432.5 183.47469),(433.5 185.64421),(434.5 183.10626),(435.5 187.60057),(436.5 180.25453),(437.5 178.17903),(438.5 171.67792),(439.5 163.20515),(440.5 164.33588),(441.5 163.8236),(442.5 157.81807),(443.5 160.68962),(444.5 156.41316),(445.5 154.56201),(446.5 155.71008),(447.5 152.8402),(448.5 156.47737),(449.5 145.71579),(450.5 147.37251),(451.5 149.94348),(452.5 149.04001),(453.5 148.14336),(454.5 143.71317),(455.5 142.38304),(456.5 142.63438),(457.5 140.17488),(458.5 143.63681),(459.5 137.82727),(460.5 140.01683),(461.5 132.90872),(462.5 133.46893),(463.5 128.95537),(464.5 127.9001),(465.5 132.74576),(466.5 131.27621),(467.5 134.84541),(468.5 130.95598),(469.5 129.09901),(470.5 127.78461),(471.5 127.889786),(472.5 126.8596),(473.5 128.6806),(474.5 128.95245),(475.5 124.44717),(476.5 124.58646),(477.5 123.78157),(478.5 120.27739),(479.5 118.84201),(480.5 118.9068),(481.5 117.63502),(482.5 119.62844),(483.5 116.20387),(484.5 119.14882),(485.5 113.785736),(486.5 114.370316),(487.5 112.19841),(488.5 116.40832),(489.5 115.868706),(490.5 116.64463),(491.5 112.12033),(492.5 114.30714),(493.5 113.55656),(494.5 113.73519),(495.5 111.35945),(496.5 114.769035),(497.5 111.63343),(498.5 108.948715),(499.5 109.88867),
